337
794
409
390
583
676
671
323
137
525
680
592
117
839
910
671
746
416
878
973
363
475
69
161
671
84
738
785
346
507
407
16
620
56
630
709
940
373
676
740
825
889
412
367
76
992
403
432
341
160
643
397
368
334
686
494
276
663
969
42
912
451
506
245
634
99
240
607
485
819
734
422
215
915
587
547
645
247
401
290
563
894
303
627
491
552
205
901
376
761
804
258
161
402
928
414
37
7
892
481
527
146
872
468
967
942
928
632
706
344
676
162
648
672
584
154
208
38
175
755
794
334
881
749
120
302
358
822
458
319
453
327
821
598
518
194
231
375
209
122
697
543
289
923
785
88
184
296
251
946
655
251
28
468
314
494
419
257
15
273
573
479
265
277
235
316
245
325
961
729
104
916
509
808
515
153
66
162
500
687
649
225
474
337
675
332
829
115
269
113
383
747
633
828
827
270
669
166
57
463
898
905
466
379
2
327
6
320
687
619
968
588
396
951
347
537
19
132
860
294
547
784
843
793
842
162
854
984
887
209
972
727
333
666
708
283
525
65
823
357
203
350
224
130
842
856
855
88
775
616
388
419
199
76
326
966
310
372
696
613
253
985
732
246
183
121
600
360
728
464
754
491
443
928
536
615
238
353
336
969
420
403
153
432
415
784
637
342
311
879
595
730
28
195
813
722
668
986
187
973
705
777
801
582
826
117
52
861
284
564
829
192
685
754
727
719
341
55
91
373
890
622
669
698
270
961
322
421
663
32
409
919
123
600
667
323
989
208
24
553
264
630
791
450
975
96
138
221
511
503
412
576
842
606
544
699
361
320
319
358
589
671
597
882
18
273
745
333
112
117
143
399
175
780
412
498
838
882
646
46
112
811
413
746
964
2
841
719
72
53
257
614
618
76
165
426
842
953
361
8
958
9
207
115
371
488
296
68
950
371
310
942
373
503
169
527
220
751
780
211
143
978
491
315
897
843
684
178
631
490
927
392
860
680
891
744
874
71
302
108
858
928
880
464
976
911
741
636
470
424
981
899
283
173
674
280
263
375
861
72
950
169
981
490
118
357
502
691
415
702
898
495
591
4
598
170
166
486
868
900
581
994
872
362
558
664
105
969
967
925
630
14
377
883
866
969
808
429
549
680
382
335
17
536
784
988
558
446
660
130
786
11
341
345
569
181
510
921
20
819
783
944
705
153
534
586
511
473
429
475
876
3
563
768
886
483
450
332
506
256
653
46
204
925
108
151
547
633
469
114
896
33
177
205
259
557
704
899
978
919
425
523
728
471
730
660
901
356
489
191
735
750
45
486
989
87
252
563
268
407
25
769
520
487
921
119
600
501
883
451
703
694
602
75
971
714
320
870
123
848
376
753
761
610
648
558
298
244
642
783
334
646
677
0
9
497
716
827
21
638
835
252
137
10
354
644
545
286
176
988
683
706
244
135
564
273
962
514
782
496
737
160
679
825
357
213
958
924
246
596
4
884
221
820
212
991
389
965
184
607
757
352
890
495
657
797
452
351
48
214
701
232
198
881
873
659
902
427
411
859
547
879
305
259
83
677
84
618
25
464
947
179
229
568
59
945
850
286
413
808
501
126
876
183
461
822
985
977
146
781
965
58
566
31
338
671
707
309
703
462
968
457
326
325
11
271
395
814
836
855
739
288
876
686
966
649
345
4
211
143
511
617
167
422
36
449
962
947
184
383
766
223
326
805
980
992
268
385
781
33
675
995
266
362
979
954
816
154
111
551
587
856
264
10
630
698
720
904
268
52
350
646
103
762
49
95
523
713
690
633
141
943
739
662
109
523
133
279
717
551
955
498
293
98
273
124
621
754
736
1
790
254
137
872
29
578
643
884
45
99
331
429
304
131
719
550
202
743
783
551
682
499
896
218
221
207
438
738
16
906
414
592
50
181
533
768
293
731
736
56
343
148
489
480
673
633
107
564
83
17
963
879
393
818
163
394
599
460
611
986
548
871
606
200
470
884
719
273
778
673
398
54
237
190
74
366
461
277
476
543
85
55
806
795
113
960
967
95
470
908
549
799
893
532
293
109
628
273
753
489
776
113
167
234
532
950
185
595
951
36
342
576
476
779
29
528
611
74
426
508
288
589
590
989
517
813
151
460
697
14
145
43
388
86
623
513
126
192
227
515
931
632
717
630
404
514
523
920
302
187
926
534
303
345
836
432
370
942
551
361
993
864
618
315
898
764
243
471
63
880
722
410
678
48
484
11
337
375
212
896
267
800
767
521
369
205
290
716
864
948
227
655
176
298
56
117
444
175
623
175
29
873
475
156
979
333
632
131
303
8
196
93
24
779
234
671
112
373
908
21
866
898
420
355
978
738
111
453
744
252
343
574
595
785
675
5
967
973
365
475
738
527
456
329
128
130
715
487
129
645
911
447
876
485
353
80
931
610
412
30
682
846
662
255
452
890
749
633
917
851
790
614
134
737
66
25
920
304
902
635
480
568
885
462
267
647
468
571
30
63
713
742
77
722
633
663
46
568
165
316
265
579
712
969
126
330
640
146
467
386
558
855
961
27
379
742
298
838
346
39
529
924
540
8
493
570
915
609
299
969
223
74
608
970
999
968
960
414
853
918
646
579
256
128
696
498
174
483
957
973
750
57
478
495
600
736
815
188
250
314
633
959
199
127
957
402
590
6
758
672
549
267
364
103
919
450
377
337
633
106
281
729
397
988
459
290
617
499
102
435
927
205
482
431
482
783
701
26
842
512
750
261
60
300
273
858
857
56
583
19
792
189
922
229
691
733
538
730
179
859
439
116
737
487
163
5
410
47
227
275
862
289
706
337
622
636
330
33
839
607
768
358
991
393
770
21
291
943
232
427
242
141
541
529
386
932
312
789
349
433
715
467
71
189
295
800
951
201
786
591
912
226
302
964
371
850
183
445
58
791
345
193
763
421
356
240
807
86
301
427
870
618
722
341
217
602
577
894
156
909
381
0
766
686
79
338
966
357
685
290
308
97
697
927
985
831
241
573
403
540
174
906
169
166
395
805
912
617
172
966
328
710
728
136
86
966
357
907
190
684
791
895
964
232
196
763
39
439
367
378
604
416
39
119
650
290
835
279
863
369
700
325
711
223
431
76
163
791
445
397
222
580
313
840
559
808
798
735
131
809
299
125
819
982
499
662
222
784
677
352
683
339
597
367
85
436
45
935
962
596
107
34
770
354
432
377
129
902
699
823
161
530
616
609
527
675
784
442
871
181
413
331
207
662
906
392
302
648
590
965
735
586
803
959
38
88
487
151
421
934
470
57
523
548
594
635
714
883
320
641
419
318
160
757
168
756
209
691
166
769
846
811
973
108
713
136
782
36
243
309
888
43
837
687
390
716
934
374
433
721
305
605
381
933
697
400
138
585
5
437
930
322
90
244
802
359
945
96
910
808
39
15
342
698
634
782
71
15
711
638
719
346
957
619
953
280
253
450
177
498
345
26
484
935
726
20
575
278
823
541
707
338
895
778
42
502
355
2
425
279
802
479
633
553
641
606
275
409
911
311
696
218
626
574
594
652
709
735
51
662
951
785
192
468
504
457
505
308
98
215
656
794
346
165
763
843
505
484
463
526
172
177
83
942
460
741
159
429
107
562
224
115
228
345
921
244
229
864
742
159
588
56
456
498
979
317
864
195
985
319
810
962
431
622
544
418
580
370
647
102
157
168
90
32
420
664
754
420
107
451
111
780
893
555
933
413
106
826
21
366
941
492
159
568
556
505
49
353
60
34
263
131
566
165
911
145
841
220
231
210
277
111
405
374
25
66
723
325
290
345
110
303
953
847
393
902
440
470
691
231
872
449
633
224
90
966
265
27
784
175
508
713
231
319
807
194
892
273
407
344
984
740
614
27
841
308
214
375
646
122
961
217
110
403
883
33
174
830
908
394
174
6
142
228
254
431
479
771
18
486
51
304
375
233
802
277
49
374
969
702
682
912
136
579
593
59
224
82
917
897
550
313
13
141
600
201
45
564
202
694
319
715
5
211
331
92
846
682
308
546
15
449
721
636
420
328
93
495
635
119
940
819
649
381
786
455
213
451
169
105
532
566
110
350
520
771
353
767
117
342
112
812
538
347
239
827
952
197
645
553
419
996
686
985
433
225
337
786
451
982
277
90
824
160
301
889
976
558
916
536
724
524
815
232
376
400
454
47
337
125
479
158
313
621
271
438
532
794
533
0
742
77
341
43
195
640
630
640
586
783
49
522
351
184
550
418
419
539
453
846
867
85
917
73
418
847
420
222
580
27
948
790
320
382
478
977
400
89
742
1
696
882
19
986
969
7
713
517
665
66
877
964
321
712
420
232
219
724
296
957
629
849
601
968
758
508
428
375
76
815
194
46
872
362
127
290
39
805
20
910
133
992
532
731
520
331
841
157
350
289
776
712
700
951
495
425
981
627
921
465
643
440
108
428
685
629
552
488
820
381
491
721
500
689
501
545
44
729
54
605
937
235
151
402
725
490
628
118
776
351
763
940
176
925
65
623
171
198
898
527
102
683
130
674
952
457
357
769
816
735
328
651
207
588
202
672
284
37
194
843
107
540
686
555
761
340
173
315
294
353
850
132
111
845
461
412
630
620
463
360
689
785
251
941
844
633
124
764
84
629
102
148
610
750
29
586
623
913
188
371
298
898
579
658
955
212
944
644
659
486
200
32
3
50
506
141
453
655
177
228
938
534
908
333
17
145
140
813
769
759
873
420
491
885
857
509
247
734
246
974
986
427
931
743
905
854
803
856
756
456
414
203
426
411
424
641
764
625
952
545
321
963
482
18
678
86
569
993
311
223
157
686
463
991
708
953
664
890
241
338
783
706
198
246
703
728
86
485
640
546
684
153
660
32
994
305
78
665
687
387
815
322
239
680
566
614
608
424
427
242
703
471
913
815
213
88
814
738
122
101
560
416
852
961
157
891
884
420
79
722
237
270
578
4
538
359
579
829
802
346
807
393
283
738
614
181
376
173
218
61
368
221
736
888
573
869
409
415
133
889
645
389
737
998
733
825
320
912
307
310
967
522
208
99
855
520
98
70
827
185
456
308
980
785
508
204
875
978
476
393
170
226
204
262
671
983
483
3
870
7
840
182
778
165
738
949
616
429
961
168
769
817
804
132
641
188
736
873
784
835
913
733
813
868
320
569
730
998
329
969
376
768
616
457
40
941
456
619
418
269
152
413
38
8
474
960
893
91
856
275
298
500
109
501
987
450
718
378
398
806
539
965
162
518
582
675
139
808
23
744
545
276
105
499
390
426
509
748
418
314
385
199
605
66
764
752
488
394
144
597
0
763
29
883
960
862
950
385
66
786
698
673
401
149
618
365
998
235
466
238
174
684
789
367
652
160
673
528
632
558
364
718
499
394
954
160
230
180
836
229
470
237
135
369
398
605
646
703
18
344
308
999
587
215
810
192
27
794
65
417
255
371
397
186
652
230
247
488
927
52
525
765
109
743
591
477
940
312
377
644
420
292
160
566
62
61
555
167
551
845
480
584
720
269
351
915
558
331
567
998
969
858
747
291
35
107
649
72
255
514
287
626
139
211
90
829
443
35
340
126
867
747
441
289
505
311
447
254
381
773
199
206
918
9
180
708
291
918
807
463
546
926
116
380
344
538
805
984
22
437
433
618
932
842
953
591
437
167
463
872
654
113
179
134
412
486
475
685
289
170
358
550
67
25
829
806
817
796
622
284
971
438
287
328
37
806
620
303
455
455
197
547
156
466
382
535
877
525
748
608
818
333
73
767
972
255
197
508
802
21
641
796
21
196
40
306
10
489
125
196
972
276
155
836
28
916
69
551
638
314
251
499
545
826
589
889
154
628
15
970
469
17
954
269
458
105
458
670
728
865
561
91
513
41
223
344
161
836
796
578
595
617
500
648
42
350
478
222
690
596
889
859
761
845
116
539
357
194
416
639
802
953
411
87
360
844
196
921
711
997
854
851
248
277
700
517
362
404
551
258
670
610
55
637
367
308
723
265
545
602
654
856
509
502
625
213
854
367
231
253
3
187
952
495
225
243
102
173
429
288
798
18
467
715
771
331
261
746
533
43
459
143
968
295
852
594
341
792
31
799
346
998
904
98
70
449
394
767
773
931
685
478
124
842
157
11
346
338
775
404
276
254
16
115
947
734
443
715
171
653
95
880
771
98
483
647
388
102
183
236
711
77
968
371
512
933
431
966
785
852
944
637
852
230
434
739
921
291
871
277
264
223
177
653
60
395
191
621
613
450
131
72
191
950
410
330
28
704
135
839
123
734
276
993
147
270
670
139
168
761
363
826
552
467
747
652
579
127
329
16
621
255
892
253
226
1
438
527
660
758
472
956
868
724
192
4
347
811
856
463
787
308
404
256
447
244
136
135
51
265
91
445
89
612
980
728
258
332
48
198
846
84
245
847
352
74
607
923
352
552
644
330
606
431
997
986
536
919
179
763
64
188
84
823
605
627
513
229
909
786
285
100
740
997
68
132
723
716
357
633
280
442
670
937
693
520
530
261
600
96
570
972
111
806
285
498
845
104
397
135
421
471
768
156
258
309
655
329
849
142
231
618
756
508
753
376
668
978
528
955
882
250
79
837
466
58
668
402
564
744
509
396
344
303
950
530
326
234
628
984
975
229
264
530
203
955
923
259
32
105
763
962
611
729
679
939
255
460
565
124
79
591
565
30
617
510
178
483
946
750
621
263
768
123
109
926
479
402
343
21
51
977
253
381
127
171
294
658
520
735
851
891
562
816
201
266
301
328
448
242
906
949
383
688
584
317
609
65
997
94
840
771
555
950
924
177
146
113
560
878
667
601
418
995
344
808
933
627
358
137
301
771
348
604
830
983
475
488
857
656
441
842
99
113
931
108
204
809
39
33
233
179
851
709
871
368
518
538
213
879
913
197
348
795
922
654
958
890
5
926
400
125
934
107
213
275
847
927
168
865
194
743
589
916
613
615
453
655
952
235
237
568
843
288
482
828
40
384
138
259
514
628
226
190
593
941
80
805
11
347
388
429
689
38
712
606
51
611
849
27
897
334
496
259
615
966
530
4
715
294
440
887
135
735
68
782
117
771
521
978
708
540
381
746
910
419
310
197
371
413
621
497
478
439
916
588
577
411
480
255
319
179
275
626
366
569
849
906
288
921
700
71
780
254
886
915
270
817
586
293
247
417
176
139
954
804
195
134
493
75
505
807
512
851
70
176
701
328
789
221
852
748
93
880
985
205
971
588
924
285
234
450
509
275
652
887
162
927
147
935
711
402
960
114
809
363
215
452
287
830
485
963
93
216
935
385
790
229
857
697
989
986
832
999
472
631
693
752
898
972
14
513
804
388
482
611
191
927
136
155
976
809
829
872
960
144
344
494
191
187
564
239
61
373
665
481
349
9
855
267
478
600
953
273
374
933
650
447
757
930
654
41
836
260
591
953
873
896
435
818
88
385
278
273
527
442
946
252
830
845
775
890
665
318
792
338
43
90
564
96
737
465
597
154
48
738
569
633
388
390
763
106
862
52
902
444
480
228
565
108
464
151
89
804
0
899
303
162
894
565
469
708
877
431
914
818
134
721
151
348
484
483
598
538
971
272
365
10
292
791
143
380
912
563
815
610
846
963
50
243
747
195
752
870
133
561
694
716
4
740
92
766
877
805
30
382
293
674
313
401
214
624
604
697
217
302
328
665
616
33
693
546
710
657
50
459
222
778
232
13
85
806
68
788
85
608
512
625
591
580
77
924
755
122
47
215
735
882
541
430
994
1
35
267
36
569
206
910
692
15
747
689
29
501
84
889
270
240
232
40
725
620
846
0
783
907
558
514
486
612
804
92
759
176
122
57
311
248
96
683
394
67
147
620
696
996
63
1
253
759
210
855
883
388
183
960
941
612
308
430
218
784
433
568
781
274
556
490
125
963
69
334
830
259
403
337
115
151
482
513
189
636
994
986
605
921
853
960
610
291
428
30
432
539
462
309
197
698
151
272
81
204
433
540
297
146
665
661
424
489
944
916
467
9
372
989
295
336
827
700
122
820
404
527
522
647
698
895
70
580
93
576
863
857
966
672
162
85
743
420
333
896
261
390
867
146
276
163
302
51
357
184
112
378
766
853
942
450
214
306
386
182
163
598
299
804
130
974
571
967
467
210
725
951
790
107
752
172
813
729
245
704
824
769
593
122
607
652
423
766
272
642
253
569
101
285
9
731
297
163
457
749
167
667
20
874
958
936
63
634
733
211
432
698
111
138
697
983
563
807
865
960
924
636
85
12
375
650
518
824
86
585
119
35
200
538
574
165
234
976
340
233
719
133
779
460
351
256
547
126
447
51
936
685
380
779
444
128
765
842
245
673
909
494
554
636
322
972
167
204
229
863
658
557
878
738
210
28
83
614
508
714
108
92
449
719
135
724
591
980
387
614
201
953
27
358
14
821
561
309
140
195
116
834
486
569
895
447
41
164
711
808
855
984
897
766
982
492
542
354
745
98
661
509
680
419
867
987
550
17
705
569
191
718
897
556
452
346
726
208
845
50
448
930
417
35
49
541
341
807
583
424
231
454
422
201
53
989
153
411
255
500
765
555
478
273
811
849
847
139
479
641
112
785
313
120
638
632
672
860
313
379
718
989
565
837
36
896
637
306
946
98
781
947
227
528
852
193
691
989
876
408
374
94
416
181
87
991
538
667
369
488
798
750
102
274
606
698
241
484
242
438
82
202
499
82
102
100
733
136
895
605
287
351
127
122
760
481
149
506
464
575
290
693
56
355
195
349
7
762
707
761
34
20
987
481
942
964
585
867
85
955
59
340
971
689
526
826
796
483
920
198
389
824
333
671
563
453
546
705
19
865
964
565
15
290
956
154
642
78
225
841
953
734
946
574
725
669
839
146
49
654
298
965
980
707
488
273
580
738
798
811
416
442
457
978
639
27
158
321
842
635
707
225
747
829
840
911
681
196
949
478
649
526
114
381
290
148
989
217
901
37
635
637
600
249
158
461
229
331
455
683
315
104
537
864
225
397
786
556
658
949
622
545
266
439
641
874
163
814
409
1
452
50
654
509
239
899
111
922
286
902
779
867
345
249
536
386
734
680
203
680
189
34
12
241
527
37
949
598
891
5
528
958
356
532
58
518
442
404
784
133
900
800
604
597
111
616
412
907
854
307
111
568
294
335
845
72
652
636
426
823
957
326
302
899
425
161
284
725
397
647
405
961
348
229
465
285
706
780
9
895
493
179
435
46
448
753
131
930
45
232
259
776
550
357
319
710
903
252
671
573
316
865
106
484
907
281
435
704
142
207
939
129
79
306
211
808
896
603
19
357
502
437
212
949
49
941
479
185
683
585
136
866
674
405
938
320
84
760
776
81
582
405
773
286
265
766
113
201
97
266
425
643
211
703
2
91
635
179
793
57
535
716
242
536
628
440
515
385
371
22
732
332
735
347
381
506
429
785
59
78
689
346
89
970
833
770
968
541
40
850
483
322
297
985
145
620
910
957
167
93
228
135
889
662
948
53
173
993
177
353
717
354
705
22
287
732
667
514
994
847
83
207
303
751
940
788
770
321
955
465
619
94
123
815
462
410
579
214
443
190
856
608
330
921
80
434
983
901
197
555
77
134
689
589
227
413
836
585
208
115
864
807
588
881
213
571
364
692
174
978
609
398
606
404
270
975
512
684
917
987
187
970
549
509
518
129
185
673
557
132
56
222
184
916
540
42
668
85
753
216
593
663
204
613
376
295
494
809
742
677
372
208
577
521
724
56
317
743
686
436
516
25
564
655
936
99
144
389
998
50
641
483
225
846
233
103
744
815
781
850
253
539
418
89
803
885
785
219
579
506
86
757
491
468
195
521
812
137
116
837
478
590
799
640
138
821
506
319
972
359
416
814
603
218
401
210
326
42
317
291
468
262
917
862
520
482
279
184
855
154
292
824
704
190
39
411
864
184
892
971
838
114
762
737
785
357
750
319
188
477
742
10
331
488
855
837
334
909
620
401
671
185
435
584
368
748
245
697
118
242
114
709
4
310
983
376
862
257
30
715
587
728
47
199
837
756
816
252
329
698
966
423
573
154
639
674
563
957
22
301
617
992
2
866
641
630
196
62
564
209
707
827
838
808
461
35
414
269
748
279
549
389
178
782
752
970
219
649
435
398
446
259
68
373
935
989
401
229
468
983
752
274
178
339
761
378
491
612
409
167
310
460
974
579
100
690
130
325
666
986
190
305
80
607
908
206
853
60
361
49
68
344
557
264
39
175
280
912
30
357
515
271
140
709
232
126
887
64
944
134
818
458
791
356
208
214
973
183
647
985
539
189
39
876
24
333
190
259
400
504
697
618
672
1
56
111
24
451
391
219
669
978
357
563
602
825
811
867
802
947
874
17
341
469
673
359
549
376
610
778
195
652
488
712
755
664
208
526
913
927
592
487
198
68
72
193
731
62
572
906
289
398
147
672
146
757
887
253
295
427
321
409
495
114
960
538
817
881
398
222
479
188
143
857
831
921
391
170
14
93
927
519
307
157
252
809
894
185
916
747
523
410
293
916
391
20
236
420
630
895
463
803
838
768
904
292
979
260
838
8
704
140
441
823
583
419
546
514
877
485
677
748
949
954
564
599
495
296
329
938
373
431
831
496
578
533
702
852
647
330
249
504
739
206
222
477
647
566
721
133
43
157
93
700
200
7
704
61
451
233
634
913
275
972
314
866
655
337
973
661
311
86
20
902
485
38
776
918
679
623
253
471
933
997
440
456
713
596
607
643
528
234
611
620
99
531
900
885
466
398
978
380
702
981
523
878
345
58
741
772
37
612
818
548
589
329
715
99
132
965
219
413
536
497
121
639
235
415
425
132
766
378
248
60
105
442
625
163
435
413
809
709
771
505
796
455
753
245
849
289
684
152
945
711
241
25
351
271
684
613
837
5
175
479
371
857
852
2
956
818
544
890
879
652
782
177
334
965
28
973
767
262
822
710
533
589
150
230
994
7
197
473
43
810
881
