36
830
172
194
702
456
214
109
501
960
259
145
534
602
984
474
752
41
107
688
496
463
138
722
906
409
775
276
290
745
851
324
788
366
443
779
94
943
364
742
527
876
527
820
724
397
985
514
983
908
937
282
732
261
534
51
746
614
541
25
250
737
484
253
888
550
942
335
667
525
995
615
706
210
67
372
84
809
48
220
668
761
181
506
48
621
518
821
540
461
829
436
784
971
166
688
403
769
120
282
122
1
249
28
752
892
68
132
284
291
345
714
578
996
706
714
359
700
806
541
709
179
148
634
118
934
533
514
80
861
829
545
30
108
528
32
351
319
942
128
526
31
178
49
189
281
629
80
750
830
569
647
111
845
565
318
585
323
157
439
462
877
178
479
556
813
621
657
866
120
587
716
694
136
598
725
609
877
721
727
744
150
981
310
56
533
36
36
724
425
585
291
14
805
178
25
800
725
668
625
741
273
786
541
698
770
849
401
274
858
746
76
818
576
812
176
890
328
550
360
372
874
55
65
261
713
938
809
53
795
137
396
213
336
356
550
59
419
870
963
661
973
733
273
272
777
12
623
819
515
414
663
925
170
177
886
712
996
349
901
328
897
872
280
748
887
95
579
64
100
675
957
300
291
5
836
805
669
799
256
78
736
641
556
347
998
709
366
353
772
503
144
909
579
628
991
112
620
775
457
91
899
914
852
981
830
911
321
806
679
922
919
391
413
138
227
521
121
237
877
78
668
661
31
7
6
627
878
619
945
86
563
617
500
136
315
547
43
830
258
583
476
601
879
547
109
278
977
476
720
950
983
786
280
410
100
148
574
168
577
835
708
483
669
702
90
641
904
362
279
598
717
363
871
872
541
788
931
104
760
303
671
436
559
65
564
619
581
469
558
38
348
531
599
311
531
621
570
97
941
654
332
620
997
239
725
563
789
440
181
860
342
767
729
987
946
848
948
115
965
297
842
691
658
256
88
200
410
267
183
36
527
116
744
563
23
583
489
542
99
586
661
439
287
792
418
511
788
49
620
31
361
218
919
377
449
164
810
498
341
284
990
238
18
102
421
464
277
590
400
373
227
37
609
516
965
397
895
244
737
722
0
113
540
300
137
477
235
997
656
255
688
99
819
163
873
834
177
342
253
169
901
596
720
712
636
719
166
755
500
198
956
765
332
408
114
301
755
251
708
837
680
46
152
621
816
455
218
323
423
465
274
196
773
286
712
532
570
893
550
454
708
336
899
816
108
197
943
823
898
487
658
202
101
952
648
421
428
197
527
949
482
310
241
354
492
73
884
206
270
634
463
177
532
672
416
622
909
262
136
710
833
221
791
263
779
43
348
120
209
411
733
116
824
97
693
160
589
375
907
67
270
216
607
593
375
440
439
596
889
215
576
983
868
537
289
864
381
387
944
778
827
667
288
556
740
500
850
458
948
621
856
894
333
613
705
306
466
254
166
868
517
683
43
934
801
255
497
506
833
531
961
319
607
171
515
234
465
997
676
563
750
927
694
42
375
493
81
311
24
924
807
972
365
686
454
487
218
402
414
823
938
119
514
130
145
605
515
208
341
792
160
64
407
289
450
614
824
491
428
389
246
375
568
150
206
749
508
533
355
464
603
149
44
508
599
288
580
278
188
324
595
504
913
381
386
815
744
275
228
747
645
368
743
59
467
128
994
851
993
181
921
59
195
158
643
277
829
788
829
258
146
857
447
665
507
221
380
709
68
366
711
194
112
547
896
572
388
381
678
636
553
571
543
920
147
840
843
150
455
739
527
45
761
987
317
568
667
205
120
479
417
476
213
107
737
883
845
126
809
625
543
997
465
66
818
428
407
718
888
700
489
633
398
827
620
470
649
864
843
737
74
769
508
423
42
875
141
740
817
813
804
177
799
858
468
903
813
145
394
637
86
458
759
41
56
328
361
487
63
165
57
580
552
710
273
941
154
509
799
697
80
485
442
399
347
741
366
269
173
380
450
447
9
221
302
928
390
647
961
856
842
916
361
203
683
732
772
945
449
893
83
463
471
313
567
673
80
597
275
194
438
929
889
666
933
0
209
850
807
934
123
503
976
41
677
601
58
813
441
855
739
960
78
825
490
671
687
98
72
587
992
696
147
308
972
624
198
632
700
67
876
47
586
455
772
326
211
467
342
975
347
564
436
361
363
485
620
153
125
662
9
661
416
675
33
1
943
647
569
920
3
838
300
464
753
444
619
586
527
373
446
620
895
98
560
365
334
460
329
645
630
497
326
566
983
656
179
659
461
370
808
788
699
391
529
411
853
282
431
30
659
835
836
577
185
231
468
599
307
717
238
157
78
119
178
403
154
691
917
376
276
733
608
321
743
908
695
5
642
190
653
112
325
80
580
770
709
133
602
667
935
842
559
246
505
772
3
383
724
103
100
682
934
117
29
458
491
991
371
858
404
250
721
947
736
9
787
699
166
626
615
910
813
240
815
92
363
277
675
199
25
282
756
495
271
204
292
339
292
452
408
94
198
172
487
556
160
377
156
904
506
585
807
500
569
82
483
27
919
333
784
878
357
549
528
81
53
584
431
841
61
233
667
781
237
231
331
262
514
821
836
237
603
127
583
863
512
534
502
615
530
920
389
784
365
199
981
157
387
132
715
760
146
632
992
531
733
295
898
630
625
289
911
61
533
302
745
501
629
621
413
884
0
562
246
698
124
898
854
935
644
76
405
650
880
29
202
404
410
256
334
319
825
296
600
318
118
36
179
186
852
30
827
349
165
575
222
207
47
315
776
723
693
900
495
558
177
566
685
275
432
542
620
237
750
311
220
458
592
459
647
145
745
411
597
8
212
939
827
828
88
5
575
237
41
928
935
101
179
309
879
438
458
813
176
557
173
962
78
951
441
137
458
278
793
929
486
711
986
451
576
508
421
221
213
225
54
693
935
693
826
734
769
383
709
314
319
266
505
893
18
711
282
745
305
822
887
11
595
104
619
554
177
547
705
39
993
635
374
685
813
874
824
46
345
876
861
704
51
641
574
35
846
231
698
695
374
580
471
814
120
757
739
339
146
382
585
758
61
503
846
246
107
182
667
697
531
319
246
27
298
69
961
416
99
971
164
696
527
252
885
894
680
755
822
340
295
432
79
455
725
88
34
75
639
576
870
563
954
709
235
327
470
922
533
850
176
167
683
830
151
499
14
999
575
534
119
433
412
926
793
678
206
380
662
400
195
601
782
615
851
178
281
104
885
133
670
99
686
199
420
351
617
340
597
660
554
170
859
828
293
379
890
534
580
437
950
601
509
767
445
786
561
658
84
306
753
986
280
631
756
711
379
102
347
124
327
17
973
811
190
346
726
699
255
516
530
272
93
434
752
502
793
144
49
121
120
162
80
795
192
148
315
307
196
710
248
110
310
572
763
725
156
848
475
595
995
884
997
993
416
696
783
768
894
260
775
363
705
603
132
398
353
340
42
814
106
598
115
511
784
743
33
788
840
521
272
127
74
673
800
5
427
446
864
980
766
835
238
419
898
880
411
215
111
187
939
662
842
919
818
738
432
894
234
180
655
161
161
337
472
208
639
174
897
896
62
451
127
48
466
879
816
367
711
673
415
375
98
285
760
454
440
219
195
463
962
464
909
716
626
439
754
757
480
832
144
802
589
563
420
800
992
418
615
604
758
432
683
946
220
409
320
600
857
663
908
956
623
750
350
230
648
781
939
523
12
265
34
112
72
464
2
159
899
103
347
121
451
784
713
840
421
316
781
360
512
593
615
57
722
824
990
531
893
310
783
839
746
28
492
342
349
717
851
345
232
699
80
35
330
519
677
151
224
35
325
513
443
742
952
956
682
851
72
432
262
934
883
101
931
997
673
928
415
958
437
625
715
442
833
191
246
478
25
425
953
106
90
306
149
953
484
663
33
971
913
432
791
858
962
32
414
543
807
771
82
792
515
452
423
929
707
128
13
995
195
986
773
37
513
364
898
886
885
910
371
293
365
358
741
277
152
621
613
664
592
458
34
934
618
157
585
418
434
714
90
849
991
191
200
624
5
620
46
754
730
615
53
547
432
736
618
811
49
864
836
362
913
273
163
60
237
833
572
842
401
841
529
213
287
572
429
847
100
631
677
392
284
580
346
137
342
738
459
665
706
884
24
282
110
700
433
847
344
236
372
692
750
489
678
770
417
989
545
518
120
431
371
364
857
289
975
333
882
934
453
98
622
622
60
876
323
727
784
602
607
353
255
854
827
151
605
709
56
245
967
376
726
554
828
51
396
587
64
834
377
673
282
275
337
785
741
540
339
983
268
18
647
462
910
19
69
621
338
409
608
305
652
827
394
931
380
289
689
686
880
556
687
32
352
71
951
370
439
638
403
558
705
994
171
844
496
990
0
153
657
242
38
508
123
417
359
142
63
713
821
230
683
550
552
390
81
91
541
205
477
718
807
850
147
175
375
354
390
37
655
438
870
717
845
908
609
776
91
720
706
471
634
870
502
549
199
695
379
922
686
358
315
96
459
14
751
132
704
762
615
314
903
80
733
85
489
842
657
418
392
35
799
104
695
659
293
774
57
239
648
432
766
512
166
928
50
566
695
37
632
232
261
43
821
955
2
590
366
285
800
124
867
893
683
103
197
193
507
291
322
882
566
898
202
560
162
817
18
654
32
447
813
122
580
570
146
579
777
589
529
127
569
650
127
520
346
328
546
979
45
473
630
29
687
99
165
569
266
801
709
882
470
221
835
194
441
612
445
85
942
366
493
941
929
376
66
450
113
640
121
910
782
948
288
106
825
24
51
264
499
514
440
695
382
499
452
924
31
549
752
668
637
891
15
274
284
162
998
742
74
570
358
197
554
224
670
503
663
892
904
769
664
849
182
719
562
166
678
110
747
193
465
755
770
859
489
772
605
196
40
969
522
787
670
173
943
529
346
191
141
899
601
384
390
979
437
672
695
722
44
730
161
260
994
776
266
359
913
180
504
177
468
133
830
894
843
498
807
195
497
734
262
874
801
216
208
34
959
109
34
753
667
892
932
313
623
758
815
853
338
889
354
607
974
536
752
799
707
880
102
202
710
56
840
300
605
382
947
339
745
610
133
186
710
202
857
62
358
530
846
769
481
237
55
464
833
740
221
291
738
314
729
801
407
298
310
310
511
229
386
650
447
348
341
406
961
854
635
237
377
694
460
37
600
117
978
882
618
839
634
181
42
76
491
878
838
654
724
395
605
186
354
115
172
621
399
467
32
100
758
12
909
968
467
336
573
700
672
911
5
652
273
954
305
180
681
163
640
378
518
919
930
57
735
17
126
115
901
645
23
146
895
701
230
531
160
835
308
991
684
748
998
335
400
869
91
396
406
653
145
225
160
223
443
757
84
706
95
488
61
942
699
58
986
470
24
794
832
956
55
26
667
477
24
981
121
739
994
985
503
529
76
711
222
174
914
203
693
249
204
802
386
901
592
760
874
801
815
836
613
871
236
376
24
678
673
160
354
103
692
286
416
569
47
464
684
89
485
527
911
273
384
684
303
587
448
801
260
379
574
890
293
415
878
470
192
483
427
518
198
21
764
832
716
722
564
32
550
731
151
260
78
351
649
811
114
654
665
33
652
792
290
513
58
456
794
48
742
808
563
65
288
26
542
859
367
224
24
195
216
160
845
327
845
992
433
945
478
578
582
292
452
940
951
566
554
206
962
249
783
145
228
655
158
281
735
986
503
574
847
30
742
365
466
468
224
582
557
995
174
314
483
117
771
562
8
747
511
399
4
782
998
993
740
620
35
902
594
58
477
658
724
420
652
741
546
822
373
462
441
758
272
26
980
529
291
768
611
310
119
164
804
611
40
38
469
346
834
190
283
151
495
311
420
377
734
413
105
74
285
724
824
845
343
286
342
11
400
201
90
674
245
611
924
707
744
370
428
206
761
373
311
628
865
200
739
513
736
344
972
796
158
844
376
4
847
459
260
569
31
392
682
923
172
159
530
875
459
403
669
13
987
909
104
182
766
803
229
208
414
939
518
959
436
154
987
103
971
37
859
916
163
699
206
502
658
333
801
327
605
179
563
50
292
253
892
457
707
170
462
691
884
136
43
520
874
385
142
674
473
975
846
43
337
236
980
29
850
552
685
922
177
135
899
280
432
814
543
8
139
666
753
516
327
350
928
875
757
407
252
714
140
221
200
736
829
992
630
246
416
676
667
993
891
147
673
501
579
614
299
664
59
144
515
441
641
542
544
867
16
383
899
42
144
948
656
704
482
291
89
92
943
662
462
760
329
619
121
357
673
856
478
701
118
214
472
917
399
390
175
245
264
68
389
325
369
975
175
902
557
433
305
787
549
618
674
754
308
787
319
130
550
705
59
178
129
889
436
516
862
106
585
444
561
291
167
849
387
602
355
935
641
278
666
695
405
858
548
948
618
543
318
402
446
820
535
684
616
557
187
922
176
229
819
934
614
809
765
409
594
226
343
703
411
470
607
76
475
772
806
649
383
715
388
831
109
966
117
999
222
861
448
723
402
27
296
237
659
400
323
306
402
658
863
898
622
493
469
790
171
740
998
230
262
794
11
863
991
914
89
222
703
791
248
12
665
977
860
813
661
45
116
942
999
103
576
691
190
479
944
18
865
805
392
735
460
10
767
149
104
364
111
542
240
558
799
263
479
146
459
915
360
172
413
747
701
668
429
678
449
735
716
451
785
403
206
728
916
325
382
837
956
737
243
450
573
981
112
250
858
955
610
59
231
561
466
939
224
830
698
777
713
675
749
444
191
787
694
908
195
64
762
155
95
940
402
432
457
130
361
936
236
599
492
713
590
95
999
212
365
840
20
614
450
37
822
940
455
912
836
264
908
352
96
228
141
106
831
802
56
703
692
829
643
34
589
600
314
340
15
721
374
198
166
114
169
178
844
636
421
727
250
751
132
471
588
355
314
614
823
20
487
321
254
894
818
737
442
741
703
203
680
230
912
549
460
800
665
822
931
697
557
867
134
918
287
450
306
523
451
549
100
451
114
316
731
101
444
727
222
179
608
15
884
624
639
992
882
125
231
286
262
64
91
48
875
833
968
45
22
330
146
257
284
355
884
964
270
896
167
200
197
855
818
334
408
217
383
635
461
813
871
700
243
827
51
867
581
828
467
284
107
835
940
657
187
568
178
685
389
705
126
649
667
981
184
466
823
31
245
747
463
747
235
412
844
328
826
407
937
82
245
834
366
123
910
326
243
469
991
627
562
14
628
718
661
745
359
888
359
381
683
852
527
820
810
92
606
258
922
201
378
376
978
173
499
204
298
238
146
287
872
514
738
370
991
602
582
870
202
796
842
263
839
481
766
100
166
303
821
189
824
588
540
201
965
912
925
811
333
461
891
985
360
286
944
121
866
297
83
560
518
674
845
409
131
814
698
238
932
377
20
757
416
780
675
58
762
350
186
757
772
14
731
840
772
298
818
624
273
335
422
245
814
166
92
839
556
31
30
143
607
333
593
623
671
494
156
279
934
781
388
309
641
941
852
416
728
260
818
529
991
905
109
999
559
964
178
142
391
441
854
74
203
169
462
974
607
61
426
147
509
943
600
191
178
239
652
948
247
190
717
362
898
571
139
643
349
536
613
488
54
376
935
173
550
951
544
677
998
518
97
27
962
769
289
767
609
703
678
2
309
301
535
542
309
488
645
292
218
981
407
379
439
678
820
298
785
692
562
866
510
340
902
139
74
519
877
514
244
817
943
475
855
366
339
33
860
292
253
879
277
25
693
530
637
34
217
61
635
212
586
704
300
819
676
158
384
669
870
954
181
730
834
886
248
299
847
567
267
411
265
464
424
782
890
785
75
405
490
411
797
595
794
571
469
16
663
593
337
839
817
533
146
861
931
349
661
473
773
140
158
179
76
826
392
778
196
820
815
557
252
816
374
877
151
96
891
702
739
856
24
65
546
429
294
247
774
725
442
356
858
901
729
125
715
258
224
863
29
871
659
742
114
296
927
86
493
769
100
306
253
647
858
519
517
832
84
219
832
689
698
824
529
844
936
135
553
212
484
202
394
255
261
819
496
406
103
290
208
524
243
775
360
977
954
628
109
98
74
174
236
742
162
856
888
15
751
316
146
811
385
567
903
319
448
728
3
15
136
629
107
316
147
977
992
82
741
70
671
901
883
267
550
904
861
554
329
345
659
841
770
92
755
714
415
482
192
265
134
86
606
890
187
725
354
965
546
343
575
87
615
558
83
902
306
754
296
424
897
462
270
745
382
755
741
815
880
894
560
451
229
369
270
607
692
731
11
942
144
668
579
277
569
410
798
556
93
993
198
160
276
250
365
160
217
475
20
42
956
343
846
794
508
457
132
918
66
450
977
985
512
69
253
642
113
132
391
576
834
161
556
572
638
394
164
987
983
713
667
799
80
543
85
257
808
637
651
789
448
119
666
465
294
757
490
467
330
871
644
783
197
469
925
722
410
192
79
165
117
153
831
793
904
403
49
124
244
207
783
806
820
373
457
579
460
785
526
108
353
441
648
340
267
442
894
316
789
178
475
331
94
638
955
70
751
128
630
104
684
660
565
518
280
367
74
282
928
445
484
417
18
206
319
315
919
132
298
967
763
723
482
368
214
909
268
48
170
113
456
792
740
751
121
353
32
27
480
218
614
28
617
158
345
560
277
89
997
622
830
463
288
207
769
401
977
73
62
821
317
106
787
432
625
589
974
651
858
948
977
928
992
587
728
335
1
813
510
577
490
869
749
320
679
642
549
273
284
528
939
399
844
623
347
109
878
450
25
648
176
79
40
471
692
702
405
936
239
63
534
656
968
236
340
702
750
336
704
580
634
315
210
91
987
980
676
162
792
962
533
980
360
350
433
91
53
248
382
404
351
316
153
809
621
257
527
84
159
478
400
431
95
177
189
901
845
470
698
628
633
368
119
306
988
791
472
465
15
286
532
177
709
55
11
976
549
734
417
64
863
407
863
109
919
908
56
873
399
263
825
790
399
216
122
640
0
236
729
60
271
835
694
537
269
108
744
274
594
831
766
780
537
342
651
818
983
889
920
107
605
109
93
573
662
72
515
384
682
819
424
545
744
772
485
649
362
751
572
802
962
857
779
782
635
321
30
331
578
924
729
311
283
699
186
340
464
594
341
304
652
167
145
603
38
317
712
742
657
973
788
493
440
568
660
392
711
179
550
68
804
416
742
488
197
829
381
831
443
459
653
34
451
564
776
855
566
50
473
746
590
921
146
694
985
224
908
927
610
689
725
967
946
634
260
52
222
991
896
451
402
534
566
875
555
583
49
536
882
998
500
754
781
454
635
329
743
572
184
528
400
797
209
963
279
237
502
182
835
757
296
859
577
840
277
535
800
26
896
762
112
366
502
450
865
994
19
203
552
233
635
261
756
373
837
833
807
614
97
441
24
20
113
803
485
989
326
746
293
939
778
778
228
93
730
470
607
304
295
639
759
490
610
955
732
347
748
607
6
297
16
402
240
654
760
904
513
184
452
888
623
981
217
27
768
536
613
105
947
389
217
98
633
764
240
469
42
661
332
345
865
945
824
341
185
985
15
678
913
406
771
373
554
220
610
858
66
739
315
513
993
675
206
943
41
675
650
121
443
422
760
985
451
484
780
311
501
448
564
328
17
675
952
909
18
828
129
698
909
177
839
857
877
439
267
370
659
27
331
306
442
995
124
62
129
83
385
154
617
39
993
258
910
218
527
3
115
9
67
327
6
744
230
548
202
390
874
248
971
311
144
923
933
118
331
713
133
133
58
195
73
387
195
704
379
888
923
405
832
128
274
454
647
849
315
591
245
491
345
229
222
612
708
706
214
253
547
256
261
348
332
813
288
422
583
255
916
537
152
781
126
363
171
146
62
419
378
503
858
722
114
491
327
973
84
49
642
602
983
367
620
741
938
862
468
214
55
323
406
472
276
745
945
272
19
624
79
56
953
502
661
359
35
632
34
279
68
638
613
363
755
40
735
859
225
633
535
157
785
503
100
282
704
3
685
466
164
331
772
804
721
817
50
375
862
184
988
710
719
923
874
651
867
58
360
291
541
705
670
737
400
55
42
794
283
856
757
309
628
55
963
917
192
316
900
4
185
518
95
485
449
509
583
62
75
166
709
497
761
828
468
717
223
399
780
998
22
284
183
325
589
753
623
29
186
899
456
492
599
86
506
185
807
928
110
96
823
346
145
144
489
620
703
534
84
140
7
447
152
619
237
327
749
716
853
641
795
922
194
705
787
397
126
286
653
728
820
678
467
218
417
477
290
774
409
246
881
570
118
44
170
105
51
197
238
965
287
356
157
733
517
169
979
678
457
991
846
657
596
835
459
233
416
836
0
79
519
746
388
124
477
127
331
42
583
157
518
575
779
723
7
775
911
968
474
165
317
98
270
694
524
418
115
531
50
672
70
473
581
639
792
190
9
757
253
41
51
218
359
527
229
74
267
270
442
528
435
951
537
152
259
237
134
449
327
301
603
846
233
337
503
504
473
108
197
610
428
532
101
936
575
135
671
892
941
756
611
166
516
528
238
128
222
889
991
979
411
26
432
770
364
571
608
1
650
524
301
705
269
542
78
595
129
710
55
662
58
215
958
511
984
410
978
372
629
941
955
45
884
830
500
463
852
386
365
302
433
983
445
751
876
138
333
983
640
845
216
835
622
993
958
334
91
516
0
848
20
574
190
249
316
598
83
418
868
708
794
603
625
427
514
671
460
333
277
417
978
890
302
505
252
775
33
78
593
39
172
658
830
633
571
749
248
413
890
486
849
876
235
189
342
795
919
46
81
755
521
835
946
345
694
674
424
597
545
277
158
257
747
308
720
824
119
499
516
664
364
449
878
13
387
55
148
652
176
440
744
969
782
667
596
133
371
994
639
791
211
423
574
478
264
802
134
960
126
609
765
2
37
973
928
293
487
732
367
393
466
48
213
137
856
596
100
514
425
750
949
961
386
782
900
264
703
889
418
693
732
970
317
488
657
718
946
918
684
842
843
470
776
308
427
464
250
210
133
461
373
602
61
903
748
504
774
757
652
773
699
923
476
330
401
940
493
241
561
5
435
676
932
384
550
805
231
977
58
553
989
81
17
690
748
372
515
423
783
617
20
634
27
774
596
774
326
605
692
986
577
535
171
327
958
267
920
338
572
258
426
38
975
803
299
625
237
798
180
921
36
711
706
667
918
1
774
400
598
189
354
965
493
734
502
29
125
657
219
157
199
46
215
947
63
605
47
12
261
784
947
73
463
539
762
525
537
434
103
62
111
864
659
637
353
647
458
756
301
336
58
291
531
144
901
318
769
310
639
263
271
317
691
387
373
882
33
684
784
380
906
539
267
586
652
591
322
949
384
894
34
52
873
535
29
150
479
818
521
616
833
365
424
954
210
651
314
648
874
747
382
306
957
699
64
80
248
494
756
558
295
137
904
192
572
870
88
290
507
467
75
959
777
3
491
820
986
422
850
351
833
551
704
361
610
410
576
790
435
960
130
525
346
440
164
408
520
900
81
386
83
245
659
303
833
556
725
285
432
806
225
813
690
387
817
54
742
660
289
550
994
198
169
205
516
375
840
889
920
68
219
48
788
837
574
749
783
173
945
58
999
241
532
878
290
973
341
771
493
485
182
470
576
959
588
420
906
907
57
174
776
307
675
281
505
21
646
541
350
722
44
895
637
730
653
476
436
462
809
869
810
234
530
586
137
13
927
940
344
318
299
268
253
589
61
153
440
851
480
833
234
38
362
832
892
797
289
958
988
933
961
784
266
694
427
725
490
445
112
747
962
342
891
165
130
669
572
276
723
66
984
808
400
183
478
336
417
126
181
333
151
964
896
232
210
429
292
499
797
618
336
59
915
718
587
48
435
960
140
654
87
461
338
539
587
46
412
981
176
618
579
327
240
208
35
264
243
755
752
449
304
593
742
281
648
786
216
407
581
906
954
282
496
923
411
976
247
26
705
330
53
499
456
584
419
244
950
526
692
868
997
962
951
390
356
761
893
510
135
838
730
246
522
638
305
925
853
322
408
637
961
458
699
487
721
547
676
661
227
13
96
892
70
867
164
293
526
351
342
886
434
361
968
713
679
692
88
704
293
414
795
548
399
466
951
241
520
684
768
591
801
272
282
560
119
519
541
185
33
967
927
542
911
813
51
279
214
986
927
729
208
264
691
962
40
255
133
109
795
440
698
470
362
924
527
458
700
434
869
854
872
581
235
907
600
950
845
355
898
114
787
707
648
946
948
956
895
67
705
39
972
826
926
141
186
214
995
320
273
713
225
570
776
932
495
328
555
551
524
138
487
330
183
786
834
954
203
278
329
299
486
556
857
94
240
593
638
472
153
173
866
599
355
751
757
546
567
113
186
660
979
255
75
556
97
586
363
484
123
691
593
651
946
310
476
161
989
277
602
135
934
829
171
537
305
897
850
297
671
58
371
233
455
320
759
517
835
239
685
2
568
488
660
207
823
163
955
831
400
582
129
743
759
405
160
418
215
742
603
47
138
63
9
627
290
559
26
281
82
93
38
403
134
249
453
83
225
317
49
402
966
720
15
772
302
7
541
975
711
64
877
230
13
420
287
550
826
280
790
508
842
185
696
560
554
305
265
947
894
98
113
320
25
118
353
282
591
401
566
898
183
732
260
291
844
358
755
333
291
248
279
225
734
726
89
55
591
973
163
106
456
725
737
685
655
693
251
45
440
710
255
274
642
645
867
298
99
440
968
428
735
539
978
958
372
951
180
596
625
673
752
470
37
787
284
436
811
753
176
8
795
41
44
88
356
128
463
639
830
869
258
448
196
181
770
974
142
42
356
434
549
168
811
369
263
654
382
529
370
949
877
905
837
985
369
130
186
944
779
494
128
171
652
924
365
993
148
940
481
995
647
597
349
751
993
608
274
948
802
545
479
158
333
586
642
839
674
244
743
579
636
555
846
958
972
764
487
84
436
350
385
732
736
930
135
602
286
136
836
351
582
583
454
352
61
633
997
128
836
265
383
843
133
466
92
72
445
261
652
193
669
54
817
2
250
372
127
220
461
123
743
605
109
184
339
102
912
224
324
977
529
797
599
44
771
638
822
526
187
922
786
469
491
569
822
162
667
695
623
498
66
430
224
425
819
111
659
781
635
564
153
172
310
541
370
76
49
477
503
813
922
896
972
484
3
675
716
615
22
816
181
328
699
773
267
488
84
176
184
929
761
809
65
615
583
996
972
764
460
697
101
712
382
994
63
698
385
656
871
269
239
226
285
569
745
628
660
988
300
152
897
837
775
323
776
821
689
774
913
259
383
168
442
771
947
900
94
162
64
484
619
56
730
706
57
426
130
543
366
970
703
722
199
246
384
478
793
275
766
992
398
211
951
548
890
170
853
499
277
8
13
123
115
172
443
731
935
774
402
73
319
471
609
651
496
680
593
854
409
3
148
862
734
641
240
634
347
777
808
683
688
82
587
241
916
677
997
882
378
898
4
240
897
302
678
862
911
286
878
391
725
314
989
362
621
769
5
22
975
236
304
166
348
930
495
154
850
408
510
410
318
234
597
550
824
835
378
679
72
445
346
292
654
741
150
874
271
654
282
308
596
80
209
898
348
293
956
249
673
64
449
807
280
762
376
545
586
18
49
275
632
824
705
771
859
327
780
74
873
621
772
832
284
336
591
771
444
78
455
516
781
905
346
534
771
813
218
611
185
911
407
685
962
965
736
118
174
828
609
309
422
433
15
974
579
864
174
812
681
818
755
141
353
455
486
394
995
176
934
25
258
343
353
922
234
605
403
394
93
552
435
71
10
903
126
513
127
76
435
665
13
981
381
569
90
742
335
960
485
558
705
40
177
140
513
709
916
359
413
852
210
167
421
357
482
307
381
63
994
88
568
863
206
522
416
924
68
674
10
274
755
461
511
826
26
76
332
74
413
493
883
270
129
150
122
474
25
769
66
114
297
16
802
497
896
758
489
947
499
712
595
975
995
350
963
948
696
738
822
694
64
580
744
437
56
31
504
331
411
380
814
848
744
537
229
908
813
309
4
296
426
322
86
505
553
840
913
97
857
578
636
668
345
367
961
893
177
976
618
987
301
9
575
499
779
405
390
323
587
474
444
199
270
790
23
692
215
629
814
7
967
312
152
177
725
236
81
354
457
820
811
758
953
603
9
320
109
130
911
666
589
866
629
102
715
639
26
68
459
338
726
865
887
721
647
624
718
100
541
752
36
143
473
921
949
295
504
323
19
363
69
334
824
