509
872
658
472
982
220
702
584
209
462
975
521
873
186
666
824
703
78
86
412
70
709
584
651
178
267
940
924
442
996
101
616
860
233
621
285
127
640
241
952
820
142
116
767
46
4
180
41
72
316
201
499
878
278
889
135
187
411
680
178
713
653
429
347
392
41
16
723
733
986
240
742
28
603
857
556
361
697
402
579
415
155
764
445
147
255
591
154
203
162
407
122
496
579
179
65
971
820
958
343
124
206
62
683
5
345
82
371
237
69
801
867
408
999
549
567
420
379
319
415
22
763
204
438
563
849
620
351
987
47
499
693
359
160
849
36
171
442
756
345
30
547
405
307
695
189
176
77
394
480
925
74
840
210
811
883
677
677
140
343
186
461
60
448
498
796
939
846
522
340
434
74
986
345
10
105
240
473
967
747
580
400
692
359
589
620
993
261
890
186
431
287
829
403
403
405
962
222
561
579
598
299
464
498
203
17
811
752
719
301
80
268
635
553
369
730
993
796
560
319
751
219
488
650
481
572
726
263
499
314
887
849
675
786
474
516
21
913
750
820
944
112
598
981
662
285
537
272
353
23
7
998
800
469
700
164
225
644
273
211
248
292
240
627
190
821
845
668
717
203
333
177
87
483
14
241
15
929
981
67
879
240
567
133
32
989
863
609
0
960
134
781
526
295
81
782
201
265
396
904
94
508
469
619
232
116
211
566
586
313
524
233
576
19
766
202
132
261
933
462
532
179
171
673
56
577
790
756
497
1
780
594
261
752
481
463
79
614
593
597
260
81
793
117
968
461
391
534
431
122
410
173
559
249
451
258
643
932
467
570
754
826
495
974
246
371
319
552
625
158
660
781
368
757
687
547
20
481
894
984
454
888
993
428
719
399
883
125
978
973
756
429
857
231
779
90
739
993
761
337
936
743
785
576
83
505
19
559
606
428
519
226
908
163
279
734
191
33
14
525
482
65
164
184
440
780
891
32
739
822
228
560
425
478
675
843
513
576
673
342
771
201
559
233
430
134
136
471
771
706
600
863
942
802
57
55
316
142
332
500
960
846
12
465
344
166
94
233
677
864
644
658
240
885
745
256
831
679
768
499
470
62
357
863
987
677
957
614
234
64
569
380
503
396
924
206
482
115
678
415
131
139
546
433
471
530
658
37
636
601
586
815
654
385
410
56
132
822
412
377
516
599
582
690
939
886
426
444
545
586
248
937
233
639
805
166
510
623
268
185
768
495
995
597
238
224
809
79
902
121
228
957
392
918
271
74
944
542
648
592
930
590
807
922
752
150
866
453
23
821
317
187
48
695
687
531
370
519
49
400
748
33
199
356
200
545
736
553
412
674
419
725
290
668
559
775
966
685
789
914
304
202
601
701
319
483
978
460
46
265
755
503
875
676
570
460
234
661
366
643
160
580
774
615
723
439
557
348
911
896
905
889
291
722
962
780
442
632
360
964
38
330
621
95
271
445
401
88
864
229
740
428
963
641
471
426
475
75
196
413
758
3
707
655
966
824
86
259
973
26
964
159
462
934
514
940
883
711
248
892
192
550
215
663
926
165
224
418
956
477
920
725
248
594
15
630
523
88
288
783
299
253
723
585
714
915
526
140
171
823
346
748
797
931
98
297
304
596
822
779
924
497
605
672
56
585
561
476
288
39
980
284
873
877
793
967
934
186
909
553
396
362
277
357
306
488
265
190
786
538
501
762
221
569
616
996
811
516
909
940
744
272
855
221
82
382
26
947
710
881
244
23
114
346
779
505
901
10
720
265
339
843
488
481
141
99
20
387
341
598
86
706
487
96
260
983
794
796
409
459
678
147
734
580
40
164
472
134
505
652
891
679
165
459
925
950
54
307
349
737
681
157
905
178
592
858
239
510
318
338
556
362
586
381
200
250
899
988
714
175
210
403
279
531
916
749
486
900
382
604
55
340
851
59
50
321
665
770
117
613
442
694
341
364
606
194
196
741
694
670
243
728
627
970
967
482
981
519
904
784
816
658
863
845
152
894
741
489
837
605
40
521
1
362
872
677
943
334
368
203
22
774
801
365
882
493
472
800
660
451
615
900
119
338
280
587
523
248
574
912
672
590
830
526
600
988
683
730
447
694
448
86
750
735
165
178
826
681
228
889
884
14
878
309
369
471
375
488
130
974
584
161
94
825
971
799
194
302
360
781
235
101
614
442
499
807
590
252
599
601
9
80
305
189
210
688
641
245
750
745
302
500
544
624
387
491
961
665
196
565
109
948
551
664
968
620
560
481
711
581
413
938
963
258
744
434
583
136
323
241
507
506
245
590
370
25
514
152
982
688
610
157
988
610
744
954
769
152
306
400
371
251
624
863
300
506
949
242
457
705
43
878
106
614
139
800
818
593
457
218
285
271
982
370
433
99
728
280
565
338
164
345
239
281
436
189
666
125
67
745
412
879
996
201
437
242
315
862
995
402
627
32
827
723
39
352
570
715
564
93
201
205
731
817
671
323
485
894
912
79
671
739
963
942
4
653
170
698
890
692
162
410
300
747
458
720
479
547
689
558
633
357
176
206
507
522
550
565
407
9
442
163
308
115
91
890
430
207
116
825
635
269
531
28
608
81
768
697
754
103
467
505
105
237
366
489
175
633
618
356
750
551
429
255
847
711
192
768
606
242
223
116
787
863
874
444
772
622
833
995
125
495
516
702
778
96
448
889
395
186
701
274
998
551
484
868
51
674
38
123
528
946
888
470
965
164
779
654
538
292
559
465
820
105
912
339
494
114
496
91
436
953
508
813
643
474
499
561
597
135
273
15
520
596
538
428
102
10
601
366
343
442
648
297
698
487
114
747
339
680
772
802
838
105
787
728
241
254
759
288
264
403
156
200
298
763
185
234
1
139
121
25
847
969
735
836
907
190
639
186
307
286
88
803
44
648
45
831
645
262
163
957
681
459
252
274
114
755
713
132
907
60
839
57
838
135
617
449
341
547
811
37
100
198
174
306
882
105
583
862
161
175
907
534
891
433
605
937
708
633
671
493
239
249
199
892
809
464
952
610
489
80
394
598
153
47
4
539
606
399
790
393
818
196
907
333
715
522
323
218
469
809
94
66
154
862
172
901
546
567
290
980
749
650
192
891
733
66
981
993
777
680
99
925
36
818
752
390
637
346
185
703
215
814
355
574
160
911
884
408
750
472
571
883
829
213
216
894
870
781
790
249
74
350
165
605
404
292
396
743
596
797
12
366
191
116
576
622
612
471
297
569
721
872
173
650
788
725
431
773
807
124
594
998
282
454
742
788
564
934
22
946
788
759
872
410
33
343
371
6
618
652
887
429
720
762
518
670
351
790
993
259
587
97
5
517
864
84
436
336
561
493
591
267
538
596
529
879
73
204
903
329
119
833
788
494
581
762
617
58
793
323
305
429
56
587
163
818
653
268
753
876
648
940
93
136
714
695
139
642
844
871
217
29
319
481
450
730
230
237
587
683
751
610
517
101
801
299
713
64
944
402
537
381
787
200
243
891
327
782
481
261
972
410
595
995
405
778
247
772
981
926
54
405
309
853
351
112
458
559
649
148
835
994
490
893
32
780
237
384
269
339
256
878
998
980
243
314
270
870
532
376
96
786
880
75
246
994
804
971
607
939
882
402
834
120
230
218
241
340
600
477
882
451
692
159
47
302
421
356
109
586
648
514
473
100
12
106
678
315
344
145
28
273
677
413
266
319
42
927
324
925
23
732
767
347
385
798
233
134
531
357
374
186
678
518
598
281
527
94
154
205
327
158
901
632
752
218
871
725
458
399
875
74
430
417
331
469
394
6
762
496
203
747
719
458
905
873
273
755
284
899
494
468
44
486
70
17
598
597
844
276
986
760
636
712
905
353
911
606
868
332
108
239
560
320
178
558
622
293
608
489
119
652
973
788
564
21
491
618
819
210
677
2
917
734
642
986
141
248
698
26
627
994
597
847
711
281
587
602
689
568
790
292
412
517
67
41
443
408
800
847
691
188
663
553
577
747
600
460
397
106
885
837
979
78
655
404
146
537
871
538
390
333
814
659
784
508
189
815
765
113
417
811
267
935
550
102
352
901
556
611
629
658
559
355
496
834
632
556
343
989
929
881
984
496
6
847
278
275
463
18
981
430
418
450
702
777
101
197
927
590
833
98
130
573
818
879
853
532
827
984
641
649
566
29
76
301
729
198
802
607
420
101
856
394
239
881
481
532
161
106
537
404
618
862
687
982
146
999
503
615
323
774
197
528
961
728
566
617
299
419
872
379
625
726
674
985
556
923
454
700
325
49
371
450
13
642
608
139
396
597
354
743
670
809
454
879
831
480
714
174
87
83
261
788
809
279
791
416
237
76
651
334
117
214
106
772
997
26
913
445
532
519
930
329
375
534
632
89
540
559
787
146
235
41
652
870
697
950
507
177
230
921
620
294
15
85
232
199
230
403
335
507
749
863
130
655
417
808
959
636
83
690
639
544
330
178
89
356
636
189
985
177
820
189
115
768
437
481
113
629
940
960
597
367
667
530
288
255
226
883
696
338
952
269
992
676
568
193
137
819
327
193
382
157
761
445
806
711
235
504
891
644
939
590
447
950
643
284
62
939
669
716
958
23
944
476
771
538
529
946
591
854
893
422
134
672
898
492
488
552
686
836
168
14
727
376
913
43
577
530
281
369
806
695
981
144
903
179
899
319
617
146
143
795
107
616
341
470
548
279
853
463
89
307
437
73
428
747
720
651
840
197
380
517
361
110
354
209
520
598
566
837
636
60
950
164
364
835
479
323
473
640
122
655
873
343
342
96
350
801
575
370
573
812
381
201
249
511
167
350
720
889
774
226
270
389
150
829
701
771
983
660
518
598
42
949
9
613
327
544
249
121
323
780
115
738
758
98
828
758
786
466
578
655
64
473
347
288
293
860
26
732
738
355
184
675
121
732
118
689
123
499
49
988
150
140
87
475
964
5
13
646
703
970
755
862
168
798
711
961
767
114
166
713
564
974
25
827
916
882
644
303
383
191
970
633
238
62
140
546
787
108
544
67
896
770
646
192
17
429
822
461
22
374
709
88
312
704
367
98
269
904
422
275
687
246
464
753
942
8
655
509
358
205
585
146
579
485
288
402
561
674
132
999
568
146
548
323
540
204
116
181
370
693
969
273
47
918
967
418
715
572
923
366
298
587
412
558
611
200
964
361
170
746
965
412
696
531
567
616
42
913
782
407
519
611
456
228
490
618
643
967
784
263
813
218
211
395
662
12
429
278
583
303
97
823
934
247
35
189
33
777
895
976
424
589
246
375
647
842
902
15
705
565
697
940
976
390
21
231
625
895
756
476
869
553
745
111
673
300
187
939
671
163
767
518
493
346
149
380
803
966
13
271
723
55
90
448
73
604
956
892
330
451
180
934
377
867
528
5
131
72
622
946
68
154
509
888
35
875
239
768
320
131
284
15
462
298
152
855
172
105
371
879
77
885
753
536
567
593
72
789
753
22
743
645
189
546
79
473
125
611
433
44
985
438
766
804
111
273
830
476
236
545
760
979
886
456
624
965
460
214
886
91
509
99
171
201
629
31
551
149
22
686
374
223
787
755
153
257
328
72
680
860
437
631
285
28
513
929
764
481
883
840
430
276
828
770
669
354
569
885
650
352
916
873
506
387
225
111
975
874
990
84
50
723
132
953
814
222
731
939
601
282
178
834
12
594
259
864
41
964
932
503
779
838
490
615
441
717
880
620
117
803
806
288
313
676
789
746
537
549
414
842
155
394
322
855
907
867
140
672
859
314
243
499
808
955
452
717
968
240
836
87
351
528
330
745
376
556
283
245
648
886
359
539
95
342
409
821
176
570
365
862
568
985
465
475
467
308
166
302
537
41
656
139
72
934
688
970
355
62
499
632
48
211
499
889
872
105
931
86
71
675
32
710
11
596
819
181
97
635
187
134
283
548
920
206
5
383
858
375
711
72
352
613
461
138
788
233
834
496
427
143
604
266
11
326
856
432
173
691
62
382
89
266
31
388
905
211
867
489
726
893
951
132
6
193
323
390
608
374
138
183
598
300
298
427
168
247
572
217
538
506
861
128
707
285
443
46
582
109
699
7
6
311
503
630
923
673
798
579
425
204
915
665
999
113
271
203
141
503
409
770
718
494
396
469
565
4
386
366
116
554
356
533
384
90
99
275
800
815
689
61
676
200
129
475
683
98
29
716
196
521
885
296
62
283
501
2
131
226
248
95
807
44
465
455
951
945
328
175
596
208
705
681
910
93
632
161
533
67
841
996
691
610
564
367
846
853
525
49
137
532
137
166
810
209
837
874
446
912
401
358
377
255
506
521
738
640
669
382
138
224
102
214
789
885
264
538
521
744
472
312
139
380
202
183
490
163
901
424
379
68
682
651
827
586
47
379
163
340
875
127
301
828
994
262
85
231
831
902
59
888
297
553
253
713
654
589
434
407
93
607
425
896
248
59
423
348
582
130
719
13
726
112
667
197
7
392
185
243
605
31
234
817
661
986
908
852
210
341
734
505
864
778
467
665
38
385
200
201
25
746
808
792
131
652
56
101
890
321
124
501
804
96
215
606
184
678
178
331
232
203
708
541
244
405
103
114
744
3
659
844
853
39
676
336
876
832
23
506
982
971
762
346
394
142
56
437
270
194
956
778
590
418
525
414
179
820
64
895
106
386
852
890
661
757
286
746
759
680
780
110
969
516
63
573
434
237
25
424
619
496
830
132
976
487
104
858
914
939
474
157
721
277
958
104
735
761
66
177
328
103
340
414
797
167
934
818
40
848
398
996
714
902
260
701
120
670
142
756
964
239
841
767
424
254
101
208
557
789
155
970
65
482
131
518
239
152
437
678
57
140
177
373
648
182
59
474
884
58
422
311
15
994
641
258
779
570
894
63
164
831
95
72
912
853
556
570
267
555
663
925
112
861
441
240
625
830
573
454
703
560
602
393
117
314
710
481
791
300
165
833
496
858
89
863
153
267
11
894
309
933
800
882
497
558
256
687
97
9
119
901
741
156
278
668
979
306
100
561
183
33
397
746
533
738
229
908
230
41
622
694
968
848
588
769
136
612
522
126
228
427
414
708
347
121
951
45
165
926
39
684
679
877
259
142
782
291
887
418
525
770
894
157
90
778
479
446
266
203
388
291
397
897
68
919
732
524
672
241
423
314
707
9
75
540
474
409
608
226
659
573
817
644
41
713
229
286
189
182
18
374
937
201
273
405
567
736
308
632
886
482
164
51
652
641
848
785
727
206
207
145
53
442
6
872
163
461
709
384
138
821
844
682
454
164
332
581
417
381
616
538
541
229
257
771
134
91
201
960
93
875
127
694
393
757
521
957
615
924
904
588
859
158
365
419
551
391
537
780
136
730
186
862
224
549
138
888
813
256
522
15
81
242
619
52
691
48
925
181
314
923
40
270
362
589
704
348
39
351
230
694
646
802
353
560
147
160
123
965
13
958
943
360
326
561
57
567
439
769
382
701
800
655
418
763
644
558
729
498
907
145
821
991
625
89
710
163
339
657
503
70
458
880
941
40
305
82
123
515
497
404
152
528
771
874
82
757
389
222
60
816
278
799
939
995
443
268
806
124
628
171
380
207
217
995
871
746
53
226
14
925
421
932
296
500
682
897
140
642
977
321
406
291
884
350
436
767
874
566
430
886
409
516
924
836
4
754
657
731
607
741
413
415
479
101
169
914
615
576
76
245
821
506
778
231
283
546
899
37
337
164
658
878
687
214
604
178
232
354
952
31
339
583
886
751
51
460
16
809
758
443
413
514
355
45
148
8
524
815
974
307
851
729
908
360
137
799
911
603
642
878
207
65
12
716
99
352
181
972
519
475
516
829
948
13
880
167
297
609
110
81
535
924
702
265
170
656
20
809
867
645
156
106
274
366
902
816
889
686
754
674
932
573
29
396
757
131
593
75
196
359
506
140
915
788
173
577
471
481
59
761
914
315
787
499
342
978
230
191
620
213
172
985
810
770
700
931
659
270
352
125
657
37
63
364
853
391
332
748
575
824
947
243
57
577
652
956
733
928
80
68
607
97
368
173
958
975
413
133
556
164
219
858
164
632
910
132
979
369
366
239
871
456
95
371
36
540
793
346
469
485
375
989
96
638
203
939
290
520
350
799
826
592
612
245
898
380
782
298
367
799
265
349
129
886
252
981
574
38
768
512
338
373
416
732
225
361
655
166
132
216
320
990
362
742
73
147
550
141
409
560
150
60
864
354
924
222
550
109
245
997
627
290
654
771
470
719
903
877
409
779
320
252
337
356
775
626
332
871
20
62
483
283
220
331
479
547
857
659
640
94
883
531
72
469
607
444
389
224
501
54
414
357
736
552
773
46
887
80
707
350
736
875
961
280
612
658
202
299
990
122
206
622
381
478
353
756
344
131
171
252
569
312
0
928
474
384
567
880
868
821
504
939
151
946
759
569
172
813
541
199
190
695
101
847
30
313
588
820
758
718
945
983
365
815
573
561
609
487
268
934
187
491
513
442
28
77
720
923
542
854
724
394
789
797
321
295
132
497
284
912
547
182
158
877
414
551
95
315
546
337
823
860
560
304
504
392
684
241
696
922
255
842
883
952
240
745
549
304
673
264
812
804
333
570
988
130
120
957
372
827
495
284
669
558
887
191
59
144
537
361
364
497
570
822
14
598
649
575
597
135
162
788
98
605
216
332
791
122
567
724
14
532
118
634
642
231
955
28
701
526
913
258
208
806
341
29
169
55
502
786
7
736
123
431
121
590
158
745
492
345
214
504
35
355
186
391
297
613
425
131
578
711
39
464
127
252
106
667
72
360
963
295
892
759
615
727
708
268
469
165
510
322
538
445
406
442
984
57
574
994
693
177
989
822
408
438
270
878
566
892
503
188
715
474
66
0
548
615
257
106
88
371
66
531
567
31
130
256
747
426
294
892
867
336
940
288
983
953
192
690
861
84
275
912
441
934
125
567
476
715
851
140
44
736
76
326
9
994
469
462
63
806
644
629
679
190
522
168
768
637
130
394
427
383
622
503
676
752
200
584
492
496
734
895
603
423
591
96
571
826
306
947
720
122
429
682
268
206
211
523
519
685
7
723
107
626
725
813
805
140
400
790
544
712
294
590
579
485
199
478
579
292
740
696
235
490
789
943
791
644
179
164
817
974
668
826
674
320
812
575
338
909
857
695
251
393
567
718
919
30
305
274
187
907
585
379
291
90
215
376
308
28
94
391
688
748
860
105
84
948
632
664
270
680
93
493
858
797
733
274
172
5
793
201
79
419
196
687
324
453
376
257
87
99
64
521
891
650
780
797
181
557
451
676
341
472
483
838
217
162
20
991
165
816
626
631
173
944
929
17
259
640
11
918
891
811
829
989
979
93
256
810
560
844
594
824
652
563
909
964
612
235
232
520
910
368
889
216
151
710
916
28
922
591
933
426
741
450
449
544
854
560
322
115
827
62
338
199
742
203
95
132
431
837
517
505
315
324
705
215
659
570
649
429
375
69
969
475
545
563
592
181
335
601
17
590
880
16
101
6
383
12
30
962
805
858
703
663
9
238
7
834
323
638
716
990
790
263
788
203
667
10
502
704
562
698
855
646
780
564
353
48
668
291
294
250
803
992
394
693
787
131
718
188
787
424
441
846
905
552
129
712
551
3
679
622
836
943
952
830
50
232
992
2
383
948
2
104
461
953
410
15
229
614
251
112
169
251
580
663
854
821
917
84
392
34
351
242
703
885
466
812
856
799
672
591
111
643
190
376
87
971
507
874
364
204
9
603
927
875
737
989
969
418
371
340
515
668
82
529
882
416
966
34
912
981
779
27
717
251
815
229
925
825
329
265
74
361
557
562
218
876
708
996
844
51
112
549
92
515
989
622
438
300
154
941
31
278
303
931
574
249
601
965
978
615
345
641
797
192
146
55
790
706
209
985
741
403
447
865
271
501
90
821
809
332
602
393
345
799
583
106
527
360
503
610
899
506
69
29
201
590
205
535
231
922
996
528
943
279
413
381
295
645
566
659
6
141
609
946
513
66
70
333
932
533
558
418
556
716
162
690
672
791
538
334
704
255
185
779
862
746
406
660
385
23
445
124
785
322
388
860
260
749
34
887
223
364
809
255
568
139
220
75
976
254
892
760
982
516
149
841
175
937
341
28
849
783
660
42
654
569
174
491
247
427
974
612
246
313
917
774
269
682
32
324
772
376
71
9
317
215
794
875
573
144
686
136
827
802
421
379
250
667
500
891
507
872
629
17
588
775
901
771
109
869
344
938
713
761
880
196
665
131
517
519
12
91
798
747
43
42
558
691
312
959
857
256
751
664
53
441
213
18
750
562
197
296
338
56
178
788
555
95
46
717
146
569
592
445
537
747
300
205
97
733
805
311
226
581
462
840
513
25
382
144
571
959
281
399
792
731
515
38
435
397
551
47
614
139
694
634
594
954
43
430
235
805
395
552
418
112
747
706
573
916
697
19
777
910
804
23
0
46
104
843
421
865
545
303
899
516
969
832
934
630
788
585
313
264
600
365
862
995
811
340
653
518
93
664
828
795
876
410
628
989
925
974
852
888
864
504
14
229
13
889
464
377
251
610
525
641
8
643
850
731
874
713
709
980
403
426
231
626
139
942
258
525
415
236
101
103
96
365
132
844
599
514
4
88
68
557
181
636
573
62
705
181
139
445
745
889
657
550
102
902
726
886
164
193
601
304
771
768
620
229
991
957
698
326
656
935
618
871
268
846
813
57
639
771
788
836
853
874
586
944
166
485
648
414
312
950
104
176
555
624
786
121
917
490
602
154
589
50
314
66
45
826
251
673
9
506
311
522
325
746
626
579
483
361
327
58
464
847
543
286
568
91
324
878
648
154
539
42
298
69
712
60
950
949
819
106
427
414
113
708
589
733
846
92
152
431
261
654
930
768
274
574
767
709
774
753
78
838
850
553
137
139
199
840
282
834
810
288
864
667
749
484
737
496
472
535
801
892
79
263
705
766
829
701
11
754
334
740
322
180
434
252
46
850
565
730
444
574
779
294
149
732
953
320
61
454
774
343
51
690
433
872
969
284
332
151
153
557
766
621
935
232
927
959
30
493
28
166
82
236
114
256
677
791
239
171
477
84
228
681
818
62
327
301
501
743
28
656
68
356
387
183
3
125
94
293
868
727
617
545
655
456
388
396
460
591
428
985
421
525
757
705
185
252
940
962
747
954
616
43
825
137
873
934
888
791
889
699
125
469
248
637
319
423
835
852
576
567
324
422
281
861
964
978
357
423
125
227
94
657
221
165
684
906
380
351
804
139
910
589
93
460
92
248
894
780
213
44
706
700
251
151
486
417
552
737
49
645
806
820
450
777
53
137
232
113
80
20
338
396
289
190
791
590
819
453
671
684
430
130
609
635
44
582
646
261
962
730
554
305
811
889
147
557
766
68
817
507
528
379
854
574
844
587
143
800
711
304
296
425
72
280
630
886
492
425
950
539
272
720
539
710
31
271
29
714
500
154
948
980
633
583
387
974
517
39
266
310
197
173
852
266
81
114
728
74
751
211
850
969
605
624
817
826
887
81
516
59
857
151
397
944
567
564
695
975
464
88
820
492
832
689
79
721
484
310
297
19
41
920
519
451
437
85
256
839
471
795
20
957
395
862
31
707
869
94
405
126
543
823
288
950
878
662
909
170
390
541
869
381
77
652
135
188
133
557
10
754
475
9
817
139
573
171
831
137
441
217
953
854
600
411
267
183
865
242
74
217
522
182
849
812
81
155
296
992
776
409
494
871
911
335
679
113
571
276
744
102
893
985
679
716
542
366
920
941
502
664
330
907
308
811
353
835
519
866
308
684
10
904
70
106
670
330
666
116
738
867
79
606
974
787
963
859
621
901
316
842
769
748
457
324
384
481
496
816
131
523
144
27
752
76
78
271
117
204
622
415
325
405
31
572
816
402
617
135
458
748
2
468
629
754
523
711
242
908
786
485
635
580
801
170
500
58
883
770
520
979
183
918
616
805
397
750
734
706
149
613
912
918
687
957
936
462
925
200
831
63
92
856
706
368
850
748
5
390
825
439
923
658
137
318
104
920
772
22
670
919
931
312
51
0
102
298
724
668
745
707
466
231
994
155
403
3
398
829
508
931
267
394
802
141
0
890
592
210
289
785
234
981
591
117
967
517
508
368
630
961
428
270
584
279
7
795
467
274
3
186
182
62
902
710
216
32
945
887
756
78
783
492
175
232
253
559
41
642
197
305
585
264
642
66
507
989
208
253
645
687
819
574
736
18
373
369
282
607
886
584
280
641
611
257
264
165
873
58
700
915
283
938
635
845
584
181
817
946
120
739
63
320
284
397
318
500
877
197
252
143
332
922
393
919
785
469
11
590
496
403
925
316
797
358
974
964
528
994
918
853
595
490
507
119
513
452
298
376
249
896
266
458
335
40
441
995
108
684
274
121
772
93
6
48
645
27
223
113
935
606
204
336
31
85
814
250
229
95
890
177
30
372
359
598
204
166
759
306
688
409
522
713
346
796
997
971
399
140
218
712
986
708
249
880
445
682
60
764
526
913
49
452
607
550
328
6
373
105
268
360
394
770
527
578
94
981
5
99
145
524
979
694
779
672
824
968
660
796
665
145
743
766
211
389
393
914
425
318
280
612
678
712
38
874
516
105
101
940
995
90
844
393
253
486
911
199
590
934
518
886
952
830
476
850
21
352
23
172
446
651
855
484
120
839
207
4
358
608
321
284
25
701
774
789
885
644
363
124
677
427
447
30
455
117
521
722
777
392
942
880
891
671
616
476
134
617
122
518
738
629
631
961
941
751
531
318
111
772
113
436
827
190
644
318
840
836
129
346
286
81
121
553
443
296
909
640
933
585
674
154
698
58
28
727
963
581
342
382
327
850
831
154
883
89
776
532
936
510
202
45
477
449
645
725
947
576
36
437
8
228
180
461
842
517
450
859
965
971
660
706
784
850
119
363
898
681
16
482
562
743
607
535
916
994
894
503
111
325
7
670
835
93
979
44
368
265
111
137
257
828
112
14
407
353
247
922
259
705
592
93
571
771
620
212
358
329
239
298
411
762
828
88
922
762
804
753
398
363
797
716
618
949
623
342
241
857
194
811
522
622
907
745
696
510
197
817
911
265
228
707
370
308
877
622
378
765
162
465
617
901
978
864
613
474
356
102
367
688
363
211
43
196
53
762
490
773
718
410
68
991
154
687
41
693
648
588
102
170
618
503
685
596
232
754
220
822
716
481
408
945
376
325
499
190
76
52
256
402
619
258
391
751
237
920
860
35
456
303
330
726
959
889
949
213
893
893
149
990
522
653
134
216
172
477
597
577
625
890
293
507
33
797
206
204
8
739
999
352
689
994
211
357
742
290
815
67
843
781
707
902
355
317
719
705
435
8
45
265
74
26
76
851
722
616
405
643
608
108
94
402
622
370
380
811
426
798
533
994
696
503
59
529
259
588
861
641
496
34
63
521
315
111
586
638
83
286
71
944
816
327
932
236
757
202
865
139
56
56
764
582
719
782
744
196
965
983
620
858
857
821
968
382
127
452
387
456
272
275
887
206
221
56
406
34
33
958
102
258
956
917
800
107
731
143
174
355
349
803
650
682
369
919
187
700
771
150
322
670
621
876
588
354
954
746
312
481
30
931
112
819
489
690
668
366
626
69
449
361
424
850
185
612
148
900
996
62
202
906
261
618
718
748
591
607
916
635
638
523
216
356
546
571
723
729
789
874
631
621
798
611
378
257
622
548
502
207
96
281
809
802
102
970
664
368
54
915
86
622
643
566
899
550
304
30
160
159
271
482
662
105
984
269
670
996
557
118
587
324
906
529
179
763
130
361
917
723
684
720
989
990
317
340
43
404
614
640
177
232
758
716
67
152
395
170
784
383
114
543
375
400
998
97
981
97
37
115
506
578
965
522
820
552
974
267
492
291
865
540
732
448
454
411
457
539
100
967
22
438
736
953
998
670
489
510
635
952
346
492
68
856
742
238
728
281
50
198
946
342
180
823
717
571
162
484
822
377
61
335
241
180
269
362
52
915
789
260
928
860
582
144
821
353
98
240
349
11
631
946
105
193
636
508
439
629
503
297
949
443
956
128
71
319
91
509
93
602
504
190
592
488
174
492
859
586
173
956
438
43
351
137
861
977
403
192
655
921
737
864
962
879
629
403
700
449
6
878
629
7
278
505
120
650
523
971
368
486
812
797
575
813
208
913
250
849
759
471
664
29
468
347
113
928
794
887
667
720
76
241
952
839
9
480
780
53
580
664
282
345
441
296
205
405
92
356
972
525
556
796
15
403
604
232
318
435
553
950
537
526
551
610
226
21
207
689
39
196
627
513
451
144
899
864
44
782
823
952
207
114
908
884
679
961
604
962
909
155
574
653
330
968
164
181
655
390
355
445
557
996
702
794
601
15
667
819
639
270
855
184
183
491
109
779
725
89
873
245
2
653
659
919
72
578
463
575
371
197
418
899
387
218
863
637
454
256
174
82
779
456
582
808
488
733
290
764
813
824
847
310
785
420
822
290
522
272
796
123
883
230
526
453
645
504
810
63
992
898
913
988
571
471
273
381
335
331
959
764
537
682
578
103
311
988
794
623
298
166
398
749
705
38
989
832
854
219
525
405
234
230
40
163
147
569
12
233
382
578
457
463
8
363
549
870
558
450
99
693
836
264
131
601
314
65
722
776
227
719
546
946
95
2
317
36
265
664
795
578
738
269
523
152
452
759
805
430
355
729
102
414
461
66
613
979
651
1
522
728
447
600
574
897
421
994
246
90
118
881
345
947
184
40
377
244
113
538
958
891
978
910
726
743
681
400
121
199
518
588
464
157
503
321
117
296
663
544
14
962
945
656
899
816
90
24
727
975
348
976
100
657
495
372
447
563
27
709
602
274
184
390
568
218
318
864
347
587
345
354
745
640
300
193
189
213
862
856
826
716
25
660
891
164
847
519
13
759
47
31
142
415
118
314
702
996
377
944
59
716
398
348
924
983
123
240
395
102
422
805
157
72
699
20
422
25
908
76
269
351
435
72
23
2
978
108
919
495
500
20
307
681
748
161
169
869
427
401
169
624
519
266
580
695
391
90
386
546
107
382
226
982
432
629
890
431
98
657
806
94
73
569
557
820
782
934
263
891
711
232
106
829
430
971
348
476
24
812
75
845
25
34
480
418
476
51
210
834
808
140
679
574
327
500
285
323
296
485
503
400
172
520
235
499
830
253
280
164
283
140
445
557
24
691
580
148
315
740
189
159
666
49
87
195
0
15
969
73
622
333
855
734
822
887
584
397
362
91
164
3
19
167
843
678
686
933
737
139
640
117
981
883
467
125
320
993
464
383
467
762
172
959
554
737
160
736
781
199
728
458
908
148
781
353
970
244
213
173
731
497
904
266
7
840
918
91
721
427
948
264
440
291
870
57
4
647
350
766
493
565
170
77
325
812
244
526
390
716
755
262
326
394
14
871
215
172
289
960
931
653
504
14
44
78
648
783
282
434
301
190
365
643
22
16
18
662
61
938
275
736
882
917
7
580
551
7
793
258
526
839
931
909
23
421
251
889
886
36
150
470
657
564
977
254
167
880
495
231
371
849
517
486
40
541
801
769
695
576
240
894
595
605
94
237
54
769
25
526
508
292
798
521
933
860
61
505
152
704
89
707
211
407
199
337
152
698
256
573
321
124
17
220
987
485
312
962
720
517
841
619
430
163
510
941
918
266
277
608
759
693
747
790
753
407
198
117
845
449
449
198
569
777
536
353
98
451
315
927
978
367
472
683
201
327
281
854
271
522
356
551
383
10
985
987
791
647
790
662
357
334
14
78
468
89
689
191
76
468
365
353
383
993
986
347
511
9
850
186
333
392
919
82
876
