179
947
573
343
569
534
589
618
638
795
346
479
486
366
967
696
766
507
99
214
269
599
470
275
648
426
995
927
300
640
559
694
980
843
616
722
331
207
40
169
371
473
737
341
380
525
122
660
816
306
80
173
659
868
640
582
136
102
408
820
870
82
181
647
665
103
343
513
853
622
713
244
358
161
525
85
266
407
580
393
136
456
355
746
210
538
121
726
966
342
829
324
995
978
180
971
678
68
552
713
603
255
412
493
993
333
131
794
350
282
217
857
546
336
226
882
504
684
598
150
535
869
710
467
199
828
920
861
862
300
477
526
610
376
188
242
833
451
232
801
868
536
588
873
114
806
935
824
113
471
690
571
143
30
583
134
902
299
571
473
606
901
212
291
477
267
982
797
793
742
526
397
126
598
466
989
275
935
920
552
943
879
394
857
289
591
379
688
277
724
892
354
82
242
815
140
624
996
629
699
831
58
419
819
282
215
846
401
579
205
239
735
648
496
226
629
899
636
168
22
639
91
733
654
910
263
300
637
743
440
174
968
93
683
321
877
675
976
661
673
556
774
274
129
415
997
157
785
983
911
537
107
776
244
58
407
733
616
958
331
719
851
660
528
920
622
758
178
790
765
130
745
515
245
379
656
880
490
608
994
826
693
874
676
925
890
329
770
348
426
856
474
355
681
708
575
244
189
148
427
293
529
706
445
163
102
792
530
240
101
526
91
607
331
408
163
48
449
571
276
207
655
736
341
791
597
625
937
76
326
41
406
294
801
304
585
98
421
564
699
906
288
579
810
956
420
493
615
640
951
822
807
530
389
369
328
560
52
712
562
342
972
727
31
509
641
241
504
586
166
211
742
530
168
84
586
179
844
550
313
230
358
70
992
977
255
78
927
625
857
341
405
908
811
900
241
628
996
993
16
48
77
96
687
164
344
341
230
537
263
711
671
88
706
286
683
631
985
205
72
526
442
339
152
907
967
395
112
433
767
475
91
943
663
9
275
197
205
57
796
378
409
4
493
961
616
947
315
953
951
601
892
451
224
630
573
199
644
31
905
287
581
627
782
597
135
49
493
960
27
997
6
426
126
65
438
653
964
64
6
395
189
310
73
61
786
699
425
531
791
78
335
602
868
982
53
244
633
836
322
282
653
676
657
988
515
811
734
16
986
818
63
465
160
816
450
887
522
606
41
900
466
331
134
39
342
592
900
257
969
790
229
245
112
379
218
741
339
212
514
55
133
756
865
974
290
107
556
597
21
10
751
382
403
298
427
153
735
364
807
480
379
435
986
895
975
646
115
361
722
273
805
741
954
667
530
736
793
731
874
372
518
971
896
445
989
55
745
540
349
743
66
613
611
719
702
259
248
375
449
972
52
55
19
831
949
59
52
569
784
20
872
142
370
942
536
269
204
966
565
429
897
164
969
355
782
302
780
262
701
277
632
385
693
304
57
503
633
734
940
390
915
178
155
169
309
239
579
81
500
370
834
175
666
431
864
728
750
324
545
898
682
762
987
566
89
785
835
299
875
275
678
330
310
905
95
793
67
353
428
727
410
969
613
742
66
54
194
614
209
85
216
301
429
594
264
477
381
919
779
118
846
836
510
459
774
757
470
745
727
801
529
192
800
46
409
86
614
850
589
945
810
149
493
179
495
522
122
563
763
244
231
685
656
629
224
179
77
42
406
748
37
106
597
907
620
741
330
396
738
282
339
591
597
64
421
734
343
886
52
611
713
942
627
19
370
483
608
359
97
284
555
289
731
617
339
163
233
586
525
250
409
231
282
882
775
914
931
668
447
449
220
547
602
79
882
204
243
194
34
178
973
743
872
409
579
569
808
491
187
313
493
975
536
328
68
959
130
79
76
840
452
687
972
549
770
141
856
148
973
29
290
18
301
95
105
162
50
871
465
632
38
574
686
628
490
311
78
402
444
420
51
239
850
582
497
566
397
282
74
360
765
193
779
585
813
169
707
623
923
783
184
398
142
470
925
599
156
880
188
567
607
483
444
147
220
455
335
746
240
404
819
418
534
201
803
84
145
135
625
244
395
780
610
721
912
99
862
59
634
408
418
674
729
433
276
970
479
448
626
556
349
526
488
745
38
346
188
103
278
814
112
142
142
258
395
116
743
570
148
980
240
314
844
894
189
594
726
256
334
669
30
289
362
995
724
22
726
479
132
526
823
730
2
16
871
366
263
516
886
623
707
295
569
363
926
136
384
419
191
671
270
513
31
85
234
225
643
31
709
293
37
588
983
744
478
694
835
380
242
461
275
230
119
503
617
87
267
828
940
126
378
53
867
849
801
100
673
907
658
359
493
159
676
14
252
154
534
324
830
855
199
827
714
180
349
424
150
145
385
917
935
657
787
717
465
648
560
602
835
997
740
538
483
874
941
944
297
310
342
783
859
787
492
562
133
619
881
806
530
150
146
593
507
462
231
67
755
315
143
338
365
291
822
933
258
497
676
54
179
278
266
178
287
621
548
141
217
64
902
966
858
609
444
682
422
90
978
284
718
462
364
354
585
248
43
939
255
617
933
4
236
560
415
474
541
489
522
793
387
16
712
43
49
222
905
941
379
666
342
563
245
84
577
20
205
338
783
48
286
301
419
781
290
846
257
265
67
946
819
850
854
205
307
881
444
874
174
629
214
625
609
772
885
537
395
813
764
460
247
816
754
306
76
134
48
78
67
957
587
829
276
52
686
932
892
933
303
217
247
368
444
826
287
252
202
858
311
656
482
186
126
584
656
252
787
27
305
474
89
753
41
957
799
738
943
442
679
434
661
726
896
704
623
91
451
566
495
291
759
714
19
896
521
83
796
534
163
408
635
568
527
274
706
367
489
345
413
441
855
844
539
742
205
426
477
590
777
622
673
695
40
400
283
970
531
517
857
316
578
888
106
338
602
930
634
798
694
733
644
607
136
79
973
53
266
826
193
481
142
872
708
682
86
420
391
172
512
179
212
91
562
681
728
518
142
407
461
79
770
410
353
526
951
784
174
109
563
412
7
391
837
937
371
521
85
506
25
850
357
463
529
543
344
261
699
591
534
293
54
397
905
164
774
684
799
858
515
365
812
627
787
683
242
364
723
304
304
720
7
680
269
552
523
459
328
528
365
17
454
126
66
709
702
718
969
236
484
137
568
607
432
204
201
395
650
869
768
570
13
896
260
2
141
783
287
708
134
344
932
391
475
656
972
275
295
741
901
121
451
50
688
231
365
451
405
538
65
488
509
860
950
615
284
37
960
626
689
613
638
559
595
535
688
790
594
442
750
509
711
561
359
943
64
922
445
484
148
20
449
730
343
185
9
201
971
411
707
300
940
931
444
242
470
332
745
716
117
558
897
938
633
55
877
743
772
156
661
323
801
397
897
638
682
78
56
761
390
681
265
273
717
41
723
877
490
218
843
887
716
780
426
792
704
654
528
163
831
56
561
635
160
240
242
392
265
670
913
149
559
275
838
117
80
388
953
52
497
997
305
282
833
840
894
498
649
796
236
17
566
890
949
769
413
115
306
637
113
126
230
367
28
502
791
901
424
375
73
107
665
545
112
961
137
45
537
141
831
644
574
20
781
215
381
249
988
41
581
528
110
921
468
436
664
148
511
276
234
511
190
933
756
378
675
769
959
311
855
933
406
346
874
40
775
195
765
559
809
974
541
29
635
884
479
464
79
554
474
343
978
879
245
495
712
740
206
565
696
779
716
525
58
322
282
849
881
441
481
798
545
550
57
760
13
858
539
582
677
757
445
96
283
932
739
613
81
35
262
905
752
333
652
619
639
240
629
20
654
566
717
107
150
901
362
446
120
296
116
627
390
215
819
821
834
370
250
354
713
667
487
713
683
424
843
577
929
80
636
212
604
845
492
666
54
903
598
730
567
122
477
332
279
261
161
249
378
44
839
396
69
448
51
642
292
265
701
412
653
941
357
773
796
523
84
983
804
624
209
720
767
115
700
74
114
428
882
425
752
710
830
637
730
710
760
719
168
435
213
592
374
885
379
268
709
947
375
294
892
965
141
421
796
31
219
388
941
606
355
984
536
877
715
490
922
113
274
444
634
395
169
512
296
219
827
964
841
866
427
490
339
552
617
724
545
723
64
612
267
273
631
434
910
965
665
15
147
85
756
821
735
948
619
737
775
876
728
417
517
795
970
680
859
14
750
49
987
163
533
824
528
304
482
963
789
729
998
839
112
198
50
727
635
947
984
368
15
10
415
792
324
491
65
108
202
619
154
656
413
114
543
802
481
502
457
376
330
774
893
167
694
713
929
85
697
668
397
766
252
618
459
147
924
421
332
818
898
939
113
270
676
485
418
862
624
17
903
427
896
679
529
571
983
280
52
212
686
242
924
306
827
968
120
0
790
62
399
733
593
235
662
62
292
423
123
842
851
523
657
531
988
272
424
983
952
944
816
318
998
649
442
46
502
232
851
499
441
546
926
906
842
453
189
484
65
349
756
648
716
650
50
505
618
631
716
359
838
469
912
241
956
822
91
616
675
158
791
742
591
4
733
757
730
654
826
349
350
194
137
501
105
761
526
755
662
349
586
838
916
204
720
384
197
421
970
914
661
71
489
791
389
800
375
18
363
755
826
572
472
803
416
501
293
924
338
788
715
953
750
394
590
271
709
368
5
793
477
296
336
781
908
873
230
403
306
77
131
46
25
813
202
443
244
180
981
166
201
864
446
981
732
213
208
652
482
3
255
886
767
64
265
13
492
505
463
905
536
377
836
572
938
76
985
519
384
29
203
637
864
580
634
453
88
571
502
941
963
383
848
473
27
76
658
35
742
882
452
829
295
699
708
394
889
798
969
930
2
70
916
108
394
635
948
774
590
442
925
648
397
536
396
382
767
434
289
324
437
240
400
532
73
367
766
58
291
62
38
873
860
689
925
255
139
593
984
491
954
588
663
111
484
840
750
504
261
931
528
674
614
951
537
1
371
281
878
146
675
544
763
808
316
226
257
354
0
10
873
721
400
862
34
832
459
309
955
940
426
822
341
179
4
771
424
137
945
173
825
893
509
177
172
994
980
127
756
865
612
667
804
76
939
356
369
733
942
202
462
29
274
222
699
633
115
233
676
135
527
94
585
126
894
707
863
419
545
426
362
784
308
223
629
975
849
386
280
524
801
580
829
224
186
894
711
938
184
132
679
760
921
313
156
819
42
572
502
72
911
976
607
179
635
402
159
798
276
219
659
119
601
190
137
384
780
147
819
224
358
625
501
847
163
258
829
118
859
552
918
421
66
301
96
198
245
881
607
310
625
229
463
572
714
220
145
674
12
921
549
497
106
898
500
329
593
164
592
109
983
257
354
237
454
317
311
909
399
590
881
867
724
546
526
62
959
458
95
289
280
355
543
183
967
213
174
265
326
69
161
659
194
589
407
812
910
964
706
556
540
968
504
192
529
494
222
633
316
724
424
914
691
719
39
200
657
630
487
340
600
911
372
980
167
135
849
688
792
589
300
407
81
728
393
106
908
471
34
104
54
767
264
825
344
167
336
334
37
583
437
53
737
463
149
627
906
836
723
66
503
133
785
314
609
644
72
412
201
543
86
433
392
670
946
721
133
160
998
847
431
502
434
281
879
1
241
638
920
831
314
40
678
584
381
162
8
679
280
571
28
612
942
783
526
838
67
446
900
61
54
518
529
86
234
108
148
520
939
976
668
740
698
446
122
825
437
729
243
829
374
162
409
991
134
990
189
81
974
253
307
284
682
487
985
867
978
433
61
866
695
61
571
607
798
344
472
294
595
852
574
194
174
614
836
687
651
722
512
285
392
82
332
431
32
77
531
322
590
812
486
345
241
553
64
853
507
664
762
953
949
479
563
179
603
18
304
255
519
343
188
878
949
552
908
987
450
710
266
894
418
523
547
202
197
328
383
313
957
245
981
263
814
135
576
275
666
379
354
706
112
697
524
118
304
971
951
188
678
613
586
883
401
687
856
448
479
542
45
991
79
265
525
300
786
38
233
791
918
132
775
485
953
188
260
11
183
593
169
902
103
806
632
822
424
758
377
569
308
111
941
475
390
480
678
611
69
817
721
401
853
450
89
412
486
668
409
680
187
995
270
692
794
645
431
10
787
636
338
863
494
463
4
82
525
863
604
185
844
877
292
999
737
633
637
122
755
549
671
793
635
959
706
75
425
934
99
427
381
844
830
495
963
298
909
127
354
921
826
970
441
116
319
12
182
59
623
997
933
203
520
731
929
633
296
535
746
893
89
213
763
123
571
293
918
844
812
38
727
947
390
914
970
308
549
669
337
399
811
767
518
234
466
801
434
372
854
860
935
454
605
285
688
892
179
844
947
953
534
372
920
481
171
333
98
711
667
85
878
615
893
725
92
742
793
271
593
469
686
646
150
357
953
701
361
780
788
346
351
397
606
892
770
702
500
726
580
107
476
760
89
288
633
555
626
275
248
26
715
184
694
824
962
926
772
172
866
670
704
153
532
4
881
34
569
95
830
755
655
418
684
970
93
733
19
764
700
549
91
980
132
679
104
247
280
533
535
827
831
519
108
974
264
755
2
490
881
983
950
14
412
346
184
736
823
26
558
798
390
913
679
715
431
785
745
815
274
262
888
560
275
931
268
524
125
844
973
697
469
394
462
379
504
238
707
444
378
293
400
987
948
393
759
331
473
952
605
83
973
909
74
798
635
613
508
121
705
228
815
106
330
854
595
744
720
729
497
421
587
375
595
943
803
266
840
294
662
280
984
641
622
606
258
81
562
889
272
735
791
431
443
233
595
220
737
23
295
681
895
484
902
294
76
32
518
80
493
146
465
558
526
851
408
709
523
486
421
684
532
339
564
722
46
899
134
499
948
205
745
305
345
175
847
382
592
689
848
384
914
27
487
310
659
718
847
255
354
848
448
674
643
305
722
719
443
370
836
468
735
22
378
404
962
489
745
387
945
173
519
964
68
595
436
451
691
414
943
270
330
19
903
854
787
909
967
259
422
813
140
934
736
310
790
272
470
222
56
423
140
409
966
498
902
408
939
657
777
278
300
711
583
795
645
628
966
426
581
691
876
637
584
666
82
640
521
768
753
123
346
897
941
961
706
596
980
813
665
101
363
596
715
551
838
469
294
961
890
685
906
129
209
808
605
39
136
401
864
224
832
355
745
99
632
152
653
135
299
62
642
491
803
26
70
544
730
588
224
993
705
618
801
851
487
457
422
815
567
37
125
476
399
66
218
241
136
915
125
760
111
480
769
774
391
869
603
743
304
860
21
239
376
101
166
531
628
580
104
742
972
792
934
776
257
436
504
224
747
839
100
18
635
310
939
147
561
632
933
97
139
266
954
680
747
73
454
87
564
621
431
729
521
262
462
776
66
790
272
75
99
237
560
248
131
972
995
245
38
137
704
144
415
793
682
303
470
668
179
898
498
25
230
636
67
450
41
336
6
579
302
15
630
132
860
232
507
182
359
657
866
570
752
986
681
789
546
73
805
784
19
391
498
267
163
650
550
337
476
220
394
319
413
824
758
487
477
828
640
297
729
194
137
432
770
457
836
162
582
705
580
265
17
716
769
24
735
279
510
895
377
504
794
231
946
257
553
817
365
306
766
760
213
485
551
375
552
283
413
213
169
980
487
525
81
252
18
706
9
520
735
376
734
632
265
293
577
119
937
711
762
493
808
887
720
805
560
283
504
378
607
721
520
397
185
174
831
378
42
487
643
641
589
879
981
368
51
416
573
549
267
197
766
616
666
883
646
751
216
7
501
780
71
890
871
369
928
994
975
436
923
338
409
661
899
306
700
156
813
553
907
95
803
598
607
433
329
6
715
983
138
880
883
76
104
269
497
812
158
75
965
125
932
616
977
577
991
347
534
136
354
646
991
467
845
832
688
523
168
791
354
32
188
290
398
109
902
988
211
33
577
725
310
561
143
955
397
984
627
343
680
344
78
562
676
306
173
133
77
690
539
367
448
366
960
977
274
301
613
334
33
796
179
718
573
715
56
770
49
799
45
937
580
792
110
449
583
819
150
578
427
66
679
68
752
110
339
800
540
423
635
516
158
850
353
352
30
161
291
534
867
489
951
599
856
621
677
743
524
543
430
978
812
487
847
601
855
484
522
525
526
695
177
244
639
223
471
696
605
606
277
900
901
179
502
235
606
73
568
345
830
389
559
795
934
165
472
866
929
955
631
722
326
392
485
849
655
686
665
698
574
974
258
601
115
136
358
82
300
657
146
154
258
575
711
551
475
759
781
867
898
591
439
395
967
72
690
335
316
43
507
234
845
389
164
952
875
429
363
279
629
130
88
903
795
721
256
859
953
139
250
561
989
238
398
966
5
658
949
450
639
68
689
563
655
887
234
614
470
446
897
72
301
606
381
458
215
200
999
875
819
316
484
799
942
241
832
197
724
146
457
791
959
426
567
835
782
848
709
62
531
805
316
399
153
90
805
537
63
279
425
547
662
903
95
210
67
951
960
206
809
764
691
761
726
612
856
588
648
396
123
852
412
729
952
409
195
651
101
423
994
699
136
590
476
782
941
468
302
409
860
875
86
156
230
972
569
43
802
602
168
871
16
836
638
796
552
954
929
547
136
97
402
464
777
665
387
134
852
619
316
582
607
760
113
78
454
797
812
230
15
267
194
325
750
803
973
106
986
878
406
64
466
18
588
825
32
928
437
803
408
322
960
775
876
291
53
950
232
303
538
918
436
65
307
331
844
83
76
945
32
176
390
588
376
486
580
890
456
79
128
1
908
150
983
723
264
510
102
440
775
918
176
730
150
993
709
867
499
403
88
730
735
781
621
989
774
137
589
721
855
545
967
596
700
274
525
787
248
358
984
88
23
903
681
596
951
207
550
874
65
804
836
883
956
849
639
814
214
368
204
287
912
700
990
624
397
146
925
14
550
663
160
722
69
844
666
88
844
839
216
476
586
892
174
920
73
800
601
914
191
62
196
682
182
322
18
442
450
106
724
358
223
501
104
210
53
947
703
571
401
932
353
925
385
262
511
516
427
326
653
191
618
375
602
894
806
392
341
508
504
855
918
815
135
379
950
652
929
656
220
984
994
420
388
626
578
414
190
156
134
334
713
280
925
231
602
366
597
73
557
755
626
740
998
158
282
790
85
261
288
293
108
172
594
161
950
357
729
688
173
931
286
973
96
248
820
227
895
239
69
787
365
532
204
205
177
847
508
122
633
87
923
928
923
899
799
616
385
988
196
865
505
94
654
295
790
885
897
358
118
964
259
120
865
945
315
462
59
141
288
107
782
975
704
956
23
520
716
876
875
905
388
476
221
408
948
128
751
402
914
524
755
362
499
69
285
912
626
380
15
276
220
165
584
417
67
966
66
472
132
203
534
305
247
262
783
438
571
867
727
267
915
82
90
589
201
878
685
123
605
426
10
602
147
691
531
986
982
153
105
286
733
399
576
73
872
225
200
155
174
253
459
676
191
283
246
7
361
910
854
15
673
884
776
424
416
946
972
668
560
649
263
366
169
45
52
403
364
59
263
372
827
178
814
928
987
19
491
919
255
603
290
785
306
295
732
932
888
422
118
133
874
362
481
829
957
736
358
77
934
648
822
845
212
774
427
501
849
902
759
487
686
375
455
739
323
590
611
194
664
219
301
79
26
304
147
215
933
606
675
585
58
754
234
961
854
533
208
190
968
73
76
875
172
751
272
235
352
917
529
509
914
604
597
391
428
136
368
23
109
313
757
221
309
735
846
