57
796
763
658
894
994
672
987
891
169
968
488
634
542
453
40
868
576
810
994
247
127
50
746
724
20
210
530
23
148
660
765
36
758
73
143
931
628
162
456
527
382
82
23
808
113
212
923
571
191
876
765
739
128
21
185
639
143
55
251
24
519
282
535
300
260
691
313
948
846
898
506
574
823
358
244
776
686
685
981
122
524
412
607
966
20
240
344
175
32
766
853
611
926
861
921
607
897
838
363
30
644
677
246
956
921
543
355
565
80
879
129
549
779
335
372
100
134
407
418
696
468
141
978
743
740
18
104
727
714
237
235
260
506
782
544
830
56
353
367
363
483
556
827
560
872
31
872
992
874
791
972
702
535
607
271
157
205
757
343
186
731
772
300
402
53
50
483
293
64
464
230
351
451
977
408
87
870
865
575
598
108
860
610
229
508
121
657
835
966
529
19
242
104
527
338
109
504
533
372
520
92
576
699
580
941
810
228
990
18
906
725
434
865
202
590
857
320
85
962
468
650
683
0
300
469
18
977
496
248
362
518
50
57
837
242
559
900
338
170
96
632
773
910
665
932
668
351
54
759
856
672
309
333
302
849
156
901
697
182
136
39
510
966
687
523
636
95
642
949
678
495
995
876
894
982
335
113
679
79
775
301
511
277
921
244
487
602
318
965
353
19
344
955
157
239
730
998
808
998
892
562
697
870
513
706
513
369
879
629
935
675
386
214
717
799
13
881
194
680
518
545
837
957
13
215
843
102
345
710
157
971
695
753
353
804
543
45
882
571
965
523
991
118
89
461
294
496
468
546
291
239
0
989
169
904
386
576
635
918
614
982
743
234
599
437
855
20
666
834
910
680
133
439
4
332
906
416
694
526
866
283
989
618
592
757
193
312
547
129
785
196
550
147
186
407
448
411
130
715
764
253
399
860
468
69
873
50
863
720
873
419
148
822
29
269
257
732
497
137
389
78
643
563
806
817
274
614
855
422
44
517
442
170
283
908
790
786
612
172
861
76
268
341
413
649
54
670
545
503
237
920
587
275
811
576
80
283
404
107
960
34
818
141
672
60
261
122
102
761
406
181
680
63
625
759
922
359
37
134
234
250
874
735
929
565
453
887
841
167
26
499
949
291
375
767
298
617
81
611
968
638
78
594
492
828
590
524
878
549
726
12
865
601
754
715
428
167
959
907
669
63
650
624
389
174
352
392
531
67
355
796
809
566
654
630
813
280
30
738
61
942
365
257
243
39
483
457
248
293
987
648
207
680
183
87
193
261
273
140
545
366
240
863
516
428
395
158
71
495
285
372
540
990
733
572
930
689
968
51
7
563
637
819
221
270
309
956
655
135
270
734
351
440
706
609
61
84
808
453
21
517
47
605
398
529
642
494
19
3
197
470
608
710
299
984
834
956
857
196
42
981
802
266
832
715
695
287
537
402
891
752
853
373
160
51
967
147
162
654
834
417
510
55
484
617
503
626
113
600
13
489
375
237
553
789
122
61
138
483
779
355
357
858
305
244
109
281
596
609
463
918
778
559
248
520
921
56
685
278
432
964
663
688
130
138
569
723
367
71
807
659
480
314
325
784
887
790
425
59
217
934
766
346
489
240
782
607
555
520
434
719
929
421
849
470
581
8
692
31
492
112
922
121
291
3
405
614
233
631
23
229
985
55
130
567
706
833
35
6
932
524
698
370
457
310
673
373
558
108
527
510
109
3
399
955
193
299
306
879
436
43
925
547
240
607
936
729
632
486
685
875
915
880
185
810
405
373
594
827
649
160
589
307
774
755
451
683
725
924
311
87
52
341
791
873
131
298
212
931
129
131
439
329
73
680
722
548
983
652
113
258
56
147
515
91
227
13
769
535
779
684
745
131
78
946
543
251
557
988
649
697
335
219
813
819
692
897
346
859
172
64
96
360
26
422
741
153
792
245
172
258
848
903
836
71
11
430
274
461
18
713
764
760
480
11
932
495
416
806
165
284
479
437
189
975
448
215
366
162
761
527
786
719
535
103
395
38
186
837
957
755
895
478
857
700
6
831
710
848
439
155
6
378
174
975
570
493
392
281
491
553
177
782
30
60
932
418
659
109
534
858
307
249
391
214
355
728
758
635
177
937
352
789
562
994
516
729
909
804
334
288
440
867
310
23
437
740
388
771
592
575
211
651
808
779
983
990
311
793
668
843
584
200
332
383
892
295
109
496
977
938
325
232
216
668
226
46
281
731
66
847
349
88
68
378
128
485
698
920
873
474
852
370
375
296
481
397
481
62
68
536
442
738
441
710
792
279
763
607
448
548
139
721
559
950
39
452
991
28
308
666
132
143
322
853
634
77
155
11
21
731
198
957
325
623
463
517
460
176
427
925
52
597
250
389
354
42
494
868
609
122
778
464
373
974
233
848
517
59
5
590
972
17
688
810
460
159
722
978
239
604
511
318
299
537
540
15
329
563
390
280
51
4
848
924
752
209
271
575
405
197
859
761
497
684
108
725
981
181
350
135
998
71
139
636
40
612
180
500
145
914
35
586
280
678
464
244
896
876
806
453
668
873
194
560
529
377
639
192
266
197
880
322
108
436
115
116
384
874
62
343
518
526
770
263
188
277
592
827
10
172
548
16
528
50
373
784
391
932
301
223
505
347
243
999
39
936
707
161
245
87
463
828
35
945
845
82
371
371
444
557
9
284
19
666
396
660
256
331
16
712
594
888
22
874
996
912
17
22
583
185
836
751
394
223
125
503
864
937
881
525
455
247
571
889
64
871
196
35
744
72
720
650
722
101
971
624
366
587
926
210
146
902
26
46
988
285
200
205
849
334
610
912
853
620
97
974
944
853
525
803
928
624
218
957
297
300
989
584
230
19
147
506
858
573
818
840
32
313
487
999
787
478
131
926
323
584
954
856
861
294
193
536
773
665
500
430
90
775
433
566
135
164
52
887
546
994
888
841
258
159
263
104
754
429
446
53
500
984
968
707
916
904
445
327
274
573
879
944
675
18
345
174
621
635
909
616
981
432
872
773
655
492
195
76
705
551
441
727
381
638
608
330
840
109
134
130
276
235
842
24
942
67
427
260
53
667
441
62
576
77
246
384
234
955
201
800
358
223
775
562
984
568
22
154
679
193
639
318
638
716
783
657
33
924
194
132
858
168
389
784
400
131
143
15
600
344
170
584
35
714
644
160
452
802
581
62
436
106
620
943
540
638
890
592
214
634
211
730
57
38
836
400
311
495
333
236
196
327
397
295
141
500
228
647
99
718
682
850
611
282
457
393
435
996
857
825
394
9
496
610
364
994
427
602
306
668
38
868
946
717
220
474
64
801
412
434
441
570
768
355
167
30
411
633
470
506
94
214
345
781
78
601
882
295
758
859
317
184
901
955
815
101
428
556
704
509
430
52
122
1
500
189
685
522
932
369
873
165
245
998
167
465
722
25
893
809
305
118
772
965
86
878
575
379
881
721
673
91
496
227
739
744
594
219
242
402
346
214
865
920
556
723
448
2
783
23
881
37
471
688
594
48
949
719
732
788
886
431
527
888
757
10
48
442
653
954
824
465
328
717
458
615
829
433
608
812
201
959
378
766
285
229
557
45
775
659
724
754
744
415
318
216
473
804
659
171
603
245
828
732
698
328
94
342
596
981
883
275
84
870
677
688
806
568
256
24
846
199
211
20
42
712
882
87
176
159
347
143
813
433
738
703
420
412
404
714
767
531
604
867
540
646
358
408
831
334
422
612
120
181
932
755
881
148
686
568
455
390
961
882
258
698
238
62
914
134
437
654
464
894
545
183
638
724
48
536
12
538
172
630
936
355
187
541
145
519
472
816
776
677
779
49
284
722
100
101
224
512
559
999
603
3
132
508
612
581
407
462
624
960
463
298
794
603
357
637
645
982
506
563
713
48
701
791
952
808
968
407
147
696
342
967
182
917
379
678
964
307
47
686
752
614
537
212
242
83
749
223
610
780
521
589
725
667
874
689
345
534
861
753
510
176
940
444
522
377
512
249
41
587
677
770
656
301
655
63
460
197
543
767
916
318
322
986
104
882
990
170
740
40
817
471
525
222
592
185
438
778
728
680
919
346
181
736
75
484
389
609
85
535
64
882
143
496
479
997
790
465
373
166
509
99
654
157
292
717
235
779
388
693
167
697
66
258
514
195
14
604
495
380
432
67
683
843
78
389
533
779
979
556
372
465
471
211
994
622
503
456
443
236
441
221
729
366
191
121
944
151
645
356
945
573
720
943
277
358
397
505
744
720
956
911
431
375
335
619
527
231
170
853
756
930
177
887
578
891
152
193
812
969
507
533
535
47
531
726
793
240
442
538
291
808
787
502
57
549
641
280
706
20
906
447
152
569
799
958
838
534
187
104
521
468
125
830
4
320
780
468
372
972
631
409
436
798
174
69
582
766
328
341
871
665
58
529
174
867
784
311
217
889
435
913
755
892
623
737
846
906
816
100
449
54
696
60
14
120
48
320
411
471
513
702
258
474
509
169
47
150
495
477
342
890
708
439
743
542
292
866
455
770
385
844
836
19
187
511
300
296
917
83
819
138
408
721
743
874
281
50
649
461
634
885
507
330
746
920
464
445
625
86
325
476
373
287
898
925
562
789
860
698
833
218
426
469
928
527
354
390
258
416
584
788
242
171
122
712
65
55
427
821
946
833
746
219
110
945
350
699
26
731
56
452
585
369
37
228
742
143
799
58
194
71
983
264
310
146
48
143
590
143
443
162
98
774
387
140
162
326
860
366
950
164
13
440
919
477
391
905
413
442
369
162
614
242
482
364
632
78
634
74
227
262
453
177
494
705
28
107
572
121
625
603
275
909
720
580
993
240
637
330
747
495
902
689
395
151
974
844
101
333
754
694
694
527
459
573
106
559
689
372
345
128
225
887
908
401
691
378
146
823
770
98
466
640
184
293
364
33
70
269
368
728
789
743
762
102
516
298
633
180
46
163
275
478
975
597
695
893
131
630
958
679
35
653
630
769
885
504
869
980
102
330
342
445
839
504
459
239
817
453
560
507
407
683
239
839
967
266
902
629
596
942
633
962
755
136
372
631
279
143
82
476
483
111
891
408
876
407
101
62
145
344
570
401
807
106
314
391
973
241
349
132
153
324
255
142
254
582
736
109
627
997
439
805
952
680
139
212
135
742
981
438
61
233
21
705
428
26
887
826
966
550
225
286
400
197
725
181
377
187
894
48
685
752
760
451
834
738
673
886
150
514
69
597
571
276
123
304
593
503
346
661
446
605
542
768
324
189
677
100
799
36
393
884
289
354
914
723
828
296
289
81
964
647
731
718
422
675
776
473
809
215
127
570
272
35
520
678
672
800
325
56
124
779
390
876
371
704
752
775
403
358
889
506
340
968
266
381
219
868
57
169
857
652
282
446
64
298
370
467
522
865
872
315
125
22
192
612
919
61
830
340
298
520
779
252
211
555
54
638
645
266
114
315
734
915
280
533
162
913
601
307
940
237
18
531
582
937
677
185
256
959
976
318
461
91
724
732
710
850
123
294
865
978
775
28
770
368
619
411
748
977
481
683
907
912
576
371
97
766
366
215
564
720
122
185
985
426
231
790
791
906
318
695
666
959
43
487
258
831
217
525
111
664
909
551
739
966
932
94
925
395
442
81
421
413
688
634
345
322
513
12
91
230
409
494
780
677
123
97
122
932
661
965
849
193
154
18
656
51
220
250
819
83
891
60
297
834
583
251
937
733
870
997
838
924
290
327
964
744
978
942
981
162
347
688
613
176
403
113
502
938
330
90
385
507
518
667
706
795
753
785
510
961
393
907
420
14
460
294
181
637
957
121
857
110
727
986
320
561
477
607
721
88
396
865
322
150
278
91
557
331
412
928
892
585
151
242
937
321
707
415
604
918
880
310
321
380
678
744
269
721
244
281
133
801
5
13
811
872
120
463
982
104
995
853
373
386
748
424
889
689
619
999
196
906
318
218
753
223
146
300
72
307
308
298
150
337
586
49
927
477
560
348
298
995
906
266
928
422
899
750
607
689
992
168
521
130
932
25
820
805
217
508
902
196
160
855
663
899
933
649
419
233
2
605
42
331
349
701
894
523
793
378
769
287
479
655
432
652
278
646
471
640
694
170
730
198
325
572
910
12
147
553
754
321
961
215
205
403
833
840
389
397
465
768
297
29
778
625
444
171
800
182
671
205
861
900
649
567
598
875
413
760
9
300
176
824
513
734
934
318
576
137
889
262
905
739
924
256
903
424
530
523
293
932
70
479
706
596
646
859
112
891
145
827
578
680
146
891
0
229
969
937
480
186
828
828
635
128
399
75
209
890
893
145
17
77
73
252
377
344
70
996
735
726
471
161
418
584
972
493
528
904
673
760
996
969
493
66
563
922
924
356
444
41
737
511
818
516
820
118
47
634
292
640
334
800
769
269
565
296
528
762
46
388
28
791
672
440
101
221
310
886
8
245
396
403
683
492
594
598
523
186
711
248
948
810
634
38
972
788
191
300
580
870
85
821
220
537
432
989
594
856
264
719
671
651
485
826
102
489
837
542
298
124
340
277
155
406
399
692
540
258
181
336
540
669
130
198
14
508
993
595
376
7
301
58
821
490
436
292
47
980
465
993
588
912
788
636
932
393
80
973
53
243
809
696
954
916
137
867
199
490
661
797
825
502
640
250
638
117
244
267
577
600
360
786
31
641
170
835
491
822
810
486
538
66
113
696
365
806
141
394
273
919
218
73
460
145
422
84
125
362
689
229
312
793
270
382
134
724
411
637
269
281
377
298
65
708
528
165
718
728
315
404
457
329
883
370
170
477
898
828
80
683
975
796
569
619
417
272
412
389
433
406
46
70
192
870
69
390
570
921
859
324
758
863
939
698
364
404
689
933
514
740
409
101
26
846
608
459
691
645
918
584
882
457
752
394
596
85
649
889
915
625
928
848
500
87
610
183
49
651
429
582
655
731
334
548
854
310
631
820
680
673
817
633
712
668
145
264
337
860
954
740
448
505
184
864
767
311
468
580
406
618
25
74
368
835
233
875
936
176
900
819
638
167
647
779
609
994
445
493
202
430
421
505
891
453
743
550
171
932
20
685
808
999
945
711
311
249
671
695
10
359
187
802
398
100
693
651
512
231
783
339
588
808
564
45
410
466
570
936
574
481
597
686
745
157
762
73
569
184
716
284
242
889
935
311
823
547
335
205
378
575
451
528
531
213
220
52
496
690
12
673
449
515
677
394
711
904
359
762
57
220
957
502
635
905
988
646
75
32
857
181
49
14
534
343
714
434
337
274
825
818
425
573
939
758
454
566
693
388
508
776
188
482
883
185
385
563
503
177
775
168
239
614
714
744
763
149
774
642
975
771
753
87
526
377
158
805
189
654
223
253
806
926
318
662
733
608
432
275
779
158
639
231
756
821
714
897
575
44
579
418
986
450
373
971
167
536
375
268
286
109
929
687
664
888
563
571
566
312
21
37
92
624
582
32
454
422
988
589
797
650
452
950
477
284
263
548
318
862
210
592
549
305
808
334
383
715
398
486
762
405
202
797
519
147
593
136
591
133
988
96
665
507
782
257
142
805
805
380
18
784
698
253
694
708
350
78
334
450
163
314
36
579
717
559
40
92
731
610
261
430
6
998
880
417
869
647
719
41
241
945
92
296
732
798
349
843
873
468
634
137
280
132
818
494
577
287
169
254
362
771
458
36
430
635
45
466
100
325
382
971
433
765
146
860
603
343
590
930
108
954
574
765
439
151
734
985
82
25
761
709
623
38
899
100
177
699
557
105
592
455
493
424
937
142
159
656
980
21
557
772
515
885
486
192
565
984
517
585
372
745
497
397
969
800
533
378
473
435
947
83
60
560
753
252
11
590
752
246
395
52
605
270
282
73
423
648
565
43
316
274
987
835
615
971
346
205
90
458
692
861
843
90
605
85
903
779
548
875
880
772
644
487
428
940
398
242
564
577
36
419
533
784
796
427
38
674
799
664
743
47
477
70
554
196
855
993
921
400
41
752
676
213
978
339
524
650
633
461
89
405
462
252
261
78
226
69
315
374
659
173
335
894
512
195
876
645
262
233
788
641
61
304
479
110
226
899
995
660
25
212
595
946
718
339
296
665
328
69
969
740
859
809
888
883
401
686
451
847
333
720
923
8
539
641
253
298
871
220
515
285
321
340
398
84
721
172
449
101
148
464
429
623
539
280
269
594
21
732
117
448
145
651
764
530
394
182
363
989
174
729
97
219
37
986
252
501
731
162
390
790
457
24
650
179
663
653
377
855
390
522
110
59
197
797
794
106
467
659
564
387
323
695
385
416
369
96
204
219
799
465
186
680
852
410
148
733
394
196
370
757
482
458
945
940
254
907
472
766
707
411
61
425
145
489
919
880
713
932
495
481
466
118
672
550
327
363
24
303
721
690
874
145
620
58
698
888
472
440
380
32
15
988
297
961
445
404
399
593
801
440
667
787
63
181
62
549
48
517
265
767
487
499
303
847
280
556
790
418
455
929
88
789
377
393
420
586
955
140
620
517
38
626
364
462
860
361
598
209
706
189
876
865
489
522
211
507
946
958
800
974
118
153
306
961
863
46
579
117
559
971
244
345
451
492
380
661
163
719
397
526
665
320
228
63
515
500
347
457
494
570
28
801
17
997
804
39
828
223
665
752
668
648
754
433
140
980
610
732
152
554
816
871
753
624
813
511
448
548
155
468
41
150
159
118
430
233
563
485
348
432
427
222
446
373
81
881
157
124
983
87
601
655
225
801
894
427
940
196
965
47
559
617
614
476
356
553
303
760
51
509
684
101
716
3
19
111
534
932
418
154
721
763
39
97
261
400
516
883
53
786
814
112
555
324
808
242
408
62
425
295
480
732
430
202
528
59
877
977
390
280
47
569
412
267
281
53
719
744
672
350
882
30
166
476
786
784
693
315
318
330
183
401
270
94
72
3
180
355
328
599
323
799
513
156
563
763
793
430
333
269
876
734
521
3
850
430
930
707
696
666
691
488
414
786
417
118
796
588
684
126
738
678
730
373
26
233
226
712
556
1
898
74
254
529
494
749
470
995
302
87
78
85
338
76
138
775
956
25
600
617
850
161
861
698
15
504
312
931
37
28
998
954
170
484
161
458
820
417
405
503
89
401
993
87
327
970
622
396
741
179
359
150
764
838
677
654
174
762
766
190
497
702
242
100
872
839
409
636
711
194
884
701
640
781
607
316
423
143
207
812
494
696
190
952
758
883
152
823
755
865
40
782
850
151
197
99
177
135
619
181
92
388
991
865
544
902
202
608
149
502
529
796
645
964
71
25
219
412
712
488
593
518
723
758
907
709
898
932
778
7
225
368
990
715
913
840
355
618
344
22
542
211
967
415
140
210
168
926
551
915
193
990
854
312
441
284
936
715
750
611
301
325
209
961
273
564
551
86
654
243
924
356
693
979
606
58
464
631
3
195
967
430
800
396
213
730
360
819
862
85
317
211
855
83
182
443
906
578
828
6
381
534
962
805
278
585
250
801
973
87
686
269
78
528
289
663
921
431
43
295
160
327
10
960
324
950
900
236
436
273
14
581
220
430
55
573
710
785
598
390
503
374
988
622
968
309
816
419
663
380
582
628
658
606
627
591
792
57
727
351
4
454
39
222
375
785
109
984
792
639
647
464
58
992
585
283
530
570
64
938
364
757
165
518
865
29
593
100
959
866
283
440
101
179
939
693
745
801
490
666
240
216
432
321
530
136
226
929
55
154
758
579
122
309
484
657
128
745
603
530
93
555
580
227
628
182
423
960
496
811
97
167
411
239
407
693
922
315
985
106
612
537
494
568
638
138
359
857
748
260
843
942
29
377
751
684
164
611
783
984
262
579
798
771
893
240
158
257
536
61
692
820
268
468
139
549
596
326
667
826
384
628
950
627
893
424
375
239
185
204
527
404
217
308
205
267
249
712
409
769
839
913
678
817
156
149
442
79
872
654
891
753
177
740
927
398
975
931
528
840
88
927
538
77
363
460
802
689
739
930
605
552
2
741
219
831
567
354
670
986
773
694
754
112
234
841
843
418
41
183
190
179
916
791
477
642
337
805
602
186
728
794
942
242
830
331
487
760
57
487
460
513
753
857
703
4
999
910
310
924
621
192
725
292
897
729
59
237
199
644
375
914
827
916
984
477
184
432
542
922
935
54
936
961
783
365
939
177
749
559
923
376
552
202
73
615
924
304
705
698
266
260
7
421
24
21
150
370
426
8
892
832
828
853
502
421
866
868
779
987
39
40
191
793
798
505
255
656
249
48
883
630
395
835
253
400
548
888
365
519
793
886
446
813
269
559
793
882
680
642
564
287
153
174
70
987
515
24
641
827
122
949
877
364
561
467
845
109
66
905
928
160
193
328
919
31
949
385
302
779
403
733
472
247
208
444
747
163
995
85
301
301
598
84
434
81
575
265
595
465
271
221
621
184
222
336
339
345
120
734
624
101
976
888
253
760
680
254
275
229
962
666
534
672
382
455
599
945
41
881
788
209
502
855
605
332
667
947
470
462
595
330
860
459
787
758
854
943
756
760
98
420
396
419
760
537
392
869
311
863
282
407
978
31
643
355
215
111
342
148
516
636
537
