359
91
929
45
212
271
203
985
275
945
463
861
107
451
458
294
573
464
22
857
307
520
134
234
761
784
804
344
949
37
590
680
10
691
32
813
136
678
115
401
184
884
586
99
195
717
5
565
658
232
478
288
912
595
529
678
444
694
969
148
859
45
589
826
594
288
906
745
393
961
714
936
323
658
650
434
473
632
657
191
830
848
348
661
141
788
414
244
567
369
525
147
706
432
88
458
387
0
76
661
891
445
230
801
551
743
595
206
833
289
915
609
860
699
307
341
117
119
762
854
486
757
139
801
700
235
265
323
968
869
714
677
50
581
906
785
56
110
904
371
119
115
341
991
457
519
921
75
276
280
263
904
748
182
977
731
182
74
910
570
397
908
88
309
754
973
970
339
124
453
222
390
247
386
373
972
520
239
344
418
447
468
555
279
957
431
297
779
125
335
987
443
823
625
865
609
703
298
699
28
492
823
633
817
661
899
287
21
854
470
500
88
464
135
410
639
806
990
152
839
811
560
682
25
121
272
786
550
117
871
768
416
391
623
173
682
525
754
709
821
950
970
835
81
700
836
54
764
491
422
185
114
886
201
153
417
912
397
895
31
64
56
941
962
214
835
653
692
307
369
533
593
229
37
351
311
15
351
741
465
943
658
458
311
40
285
395
422
256
356
84
968
28
434
863
767
584
533
847
747
803
486
314
5
462
476
301
783
973
364
458
851
390
735
797
757
71
568
700
261
484
368
604
525
750
512
664
859
455
531
261
283
849
341
833
93
302
843
385
166
186
544
706
862
493
730
935
781
109
183
57
90
305
55
429
370
712
327
846
385
87
183
404
456
121
65
789
180
937
382
487
655
739
647
175
213
584
549
636
852
392
661
317
249
986
404
449
427
199
402
325
702
125
206
751
271
679
726
658
975
145
769
866
246
642
372
567
797
818
221
31
815
91
623
12
725
36
866
5
541
999
654
175
366
404
956
500
491
543
241
868
737
301
840
112
887
468
75
238
305
856
982
118
625
737
840
50
530
626
54
308
506
973
542
530
724
833
421
613
847
718
813
768
439
359
423
619
390
605
161
222
958
805
972
347
142
952
444
948
54
497
932
604
848
675
518
594
597
392
85
823
385
894
7
336
53
387
746
648
631
354
753
685
640
862
730
250
122
227
32
293
675
492
185
55
610
790
427
569
373
572
391
814
453
252
50
43
958
791
172
554
159
797
159
94
10
638
726
881
673
310
207
393
654
704
783
946
468
675
88
117
895
106
137
357
13
348
658
314
704
180
643
895
273
884
672
989
210
706
19
155
631
237
966
917
522
640
803
89
170
300
58
201
136
725
462
930
126
339
796
875
68
832
497
761
736
577
991
15
297
774
196
603
441
371
168
308
324
73
312
487
225
367
756
985
756
505
65
743
101
995
419
217
537
791
59
933
498
794
857
375
582
372
519
326
489
38
313
138
488
854
804
786
211
758
10
10
166
819
79
553
477
465
636
880
721
260
197
558
987
241
81
593
627
883
670
872
317
569
646
995
897
284
994
156
934
575
489
470
427
127
461
67
834
954
202
165
248
996
52
522
637
284
12
770
909
421
310
980
80
944
506
364
4
39
925
562
197
452
492
76
279
64
389
595
744
776
305
762
900
522
274
59
773
989
933
437
447
6
363
888
662
975
474
872
85
594
627
631
772
219
872
357
725
259
132
699
659
409
54
654
447
923
603
878
720
978
840
134
790
299
33
438
228
418
705
291
944
561
126
145
103
319
776
207
218
683
30
224
647
967
476
146
558
586
549
639
489
806
26
121
158
320
388
587
108
405
299
610
0
873
483
74
387
35
816
221
985
493
831
846
305
552
224
900
348
172
347
306
532
964
518
755
810
272
728
290
500
804
733
688
529
878
311
55
738
189
949
323
719
813
554
584
331
686
213
671
646
108
81
786
309
898
680
55
111
816
929
209
254
659
450
321
289
339
124
4
794
928
594
382
56
782
357
732
411
495
952
983
256
679
138
36
848
395
133
345
225
443
402
18
888
502
279
145
993
885
127
108
102
880
60
568
952
68
811
316
980
86
283
352
229
809
364
44
546
699
721
325
43
189
145
426
870
506
63
229
480
471
772
373
778
512
910
712
370
348
111
813
778
390
413
367
546
845
305
390
69
941
94
160
618
212
752
333
938
281
951
448
312
886
622
129
770
614
988
279
755
673
127
395
994
269
327
95
394
815
158
630
263
535
162
869
10
697
469
31
1
96
474
438
886
973
11
917
90
757
867
467
518
32
373
833
710
54
168
869
563
796
47
199
227
164
985
920
230
235
554
211
600
275
4
852
630
305
870
164
135
641
878
511
608
389
758
884
20
965
457
579
135
160
169
606
621
104
54
366
531
924
332
886
761
71
874
316
827
757
170
292
787
534
162
511
93
323
326
976
551
725
336
351
186
878
454
383
441
255
501
754
621
944
911
412
130
14
167
220
170
238
797
727
260
128
130
479
641
927
473
841
363
628
248
597
841
298
450
678
259
613
395
120
111
756
639
905
966
445
823
440
63
783
305
770
957
843
171
380
439
524
867
283
204
165
630
519
440
738
483
902
752
878
131
348
174
979
120
744
177
113
655
186
301
989
523
945
594
603
656
321
476
998
656
297
190
868
757
819
251
487
268
132
819
782
746
779
558
330
318
655
984
4
786
560
729
868
463
736
471
244
133
627
315
371
804
33
733
477
946
788
645
47
809
804
511
681
619
16
458
997
685
408
501
11
413
462
750
391
186
162
761
26
991
356
769
852
419
340
358
260
448
310
875
718
861
162
146
515
618
799
271
831
616
624
958
603
763
670
762
50
678
500
298
145
193
410
530
856
432
985
412
197
571
902
905
359
565
58
928
312
468
669
328
516
821
82
534
494
249
470
606
570
39
674
392
757
135
24
177
608
641
571
555
540
976
7
362
327
942
39
643
372
316
637
387
961
534
948
481
682
650
145
601
171
867
848
374
114
574
19
371
187
968
941
551
477
954
629
619
762
74
718
984
164
175
411
874
906
241
688
627
658
362
483
413
744
405
801
984
805
137
270
364
859
386
4
892
708
589
868
455
458
638
851
348
362
152
627
1
570
240
499
288
801
454
281
31
174
896
155
738
696
445
581
471
732
299
508
670
53
438
905
907
446
470
642
922
267
19
634
749
758
72
57
733
549
897
726
178
568
354
152
721
152
757
948
497
827
640
57
226
44
849
775
939
88
998
798
702
643
109
115
786
945
677
197
756
384
720
614
172
746
413
165
583
841
806
816
710
43
187
430
802
366
504
650
298
596
490
476
516
991
10
842
836
640
283
572
235
664
702
149
814
234
423
165
746
56
875
204
545
553
488
976
628
277
146
207
254
367
574
272
920
849
828
804
222
614
862
458
773
264
623
336
791
801
674
990
269
551
288
812
847
441
245
827
595
182
976
849
568
429
981
790
734
926
905
868
509
408
370
259
750
708
944
546
209
518
883
146
164
731
978
532
724
174
277
187
123
829
840
20
431
121
453
218
819
851
557
358
612
113
554
443
170
711
276
31
769
755
854
950
139
241
868
121
419
157
972
516
625
655
790
77
309
311
920
351
306
170
395
222
120
22
252
245
77
319
104
556
490
348
167
150
782
475
451
94
81
577
77
417
391
166
68
190
831
69
204
626
366
961
551
281
29
314
490
975
252
455
591
28
881
310
458
157
65
95
546
839
730
686
438
311
139
767
433
461
648
220
283
727
789
162
774
786
686
442
490
83
530
955
821
955
386
156
371
729
345
639
533
897
121
914
257
106
327
215
350
470
493
498
138
186
739
227
555
637
449
369
174
318
810
479
55
549
496
323
397
828
441
313
417
639
571
518
11
414
489
568
777
35
938
387
53
334
970
902
410
687
599
212
59
979
818
791
248
487
792
551
206
587
101
815
785
285
508
376
536
654
572
184
814
658
514
554
192
601
639
809
376
866
983
863
933
215
534
327
181
892
830
819
632
41
545
991
234
375
503
308
468
407
349
89
992
574
594
284
807
917
455
22
304
108
843
533
336
351
744
131
129
976
125
731
329
316
449
932
519
354
569
534
619
413
542
457
739
787
518
492
846
711
885
395
135
569
431
578
592
845
437
671
456
216
522
916
667
878
9
785
468
481
989
24
481
708
668
402
67
774
721
743
897
418
893
771
912
403
121
780
697
877
962
431
31
631
713
874
707
116
94
76
790
800
769
281
130
408
188
642
253
458
96
497
588
228
899
49
776
552
691
124
999
677
210
383
857
377
253
728
13
354
66
432
176
620
854
59
314
740
73
419
37
155
719
765
322
639
99
851
994
723
306
232
733
119
849
883
899
738
859
891
533
707
515
712
655
624
443
762
828
853
799
587
350
550
569
999
65
552
770
564
730
33
833
932
465
664
3
39
976
599
959
814
679
29
188
66
590
384
594
195
430
855
290
69
380
878
27
868
923
635
338
696
501
197
741
883
973
564
92
967
404
91
876
878
471
282
593
569
633
96
392
681
498
294
287
660
108
495
897
431
613
163
273
371
958
267
690
2
583
222
64
816
172
594
919
846
289
119
751
737
269
181
656
785
70
38
720
326
473
61
374
965
835
437
90
73
362
199
107
988
569
308
788
564
676
153
212
403
224
128
256
494
901
346
496
455
916
354
867
830
479
701
615
314
937
670
49
477
492
278
349
430
784
184
651
760
766
242
446
240
802
984
258
196
758
867
929
6
625
759
746
456
411
778
232
945
211
447
450
885
840
947
956
995
304
927
745
921
528
307
362
834
833
220
280
111
819
389
130
403
97
49
59
471
801
704
868
887
461
431
561
500
891
498
27
976
573
421
778
569
958
296
796
52
514
360
126
771
913
938
845
505
448
987
369
625
395
604
296
71
739
513
315
254
736
999
455
625
995
741
162
941
371
964
879
691
250
912
760
500
595
297
199
317
738
363
9
385
991
768
167
966
593
912
635
423
19
839
979
9
726
860
773
330
11
882
32
83
195
672
434
798
85
803
395
370
51
275
101
971
265
322
63
983
946
145
68
139
681
917
637
676
674
751
408
90
851
865
698
855
162
699
88
29
748
406
134
532
398
680
547
667
244
862
657
103
492
56
348
159
622
749
199
767
938
639
37
531
534
682
874
539
667
142
239
669
923
148
708
121
329
54
69
981
412
414
484
329
249
592
831
5
461
348
77
526
220
835
874
391
345
371
676
796
154
493
250
562
598
252
160
675
358
240
41
197
46
80
50
730
807
647
47
778
626
405
556
964
850
293
178
572
895
311
164
78
659
580
741
680
434
279
887
446
403
787
794
847
309
583
72
885
616
119
729
802
834
212
616
109
314
459
281
564
76
2
741
612
593
455
972
411
794
11
949
199
34
396
341
447
750
800
953
567
673
861
706
305
248
53
325
223
926
383
595
245
29
969
756
234
378
313
771
312
907
419
765
665
200
740
60
209
668
662
379
419
254
844
621
571
976
797
454
651
299
341
597
201
725
191
604
670
80
847
142
721
736
499
820
313
601
594
740
794
715
277
743
166
979
858
174
365
359
975
88
23
541
563
89
182
272
944
458
585
425
149
250
843
446
816
918
939
529
657
810
444
960
425
924
932
748
961
833
305
832
639
158
767
608
747
333
23
483
592
146
226
991
287
897
355
224
957
630
698
940
404
753
684
702
271
364
384
485
398
954
148
880
650
437
94
152
626
972
104
106
844
288
818
839
136
385
163
178
222
297
314
598
760
365
878
753
561
500
990
513
749
709
203
730
682
937
369
393
980
474
228
728
71
895
840
565
477
453
288
409
55
331
544
139
376
602
942
950
526
967
395
150
777
383
296
618
486
526
587
502
213
203
737
345
277
692
309
949
402
953
319
856
173
311
408
390
850
324
849
297
15
626
203
814
504
587
529
557
631
359
593
885
736
708
634
601
539
474
224
627
339
17
26
916
211
90
213
205
544
816
409
933
810
297
401
951
748
772
336
726
979
417
407
560
211
919
651
877
444
686
315
891
35
138
631
184
998
688
219
66
832
960
203
438
538
679
378
395
842
512
339
202
693
503
232
149
536
882
792
569
4
132
186
385
808
206
280
264
528
84
336
395
811
194
956
313
331
153
817
975
334
523
36
828
209
814
392
958
699
800
941
272
807
439
482
521
396
819
883
409
567
27
749
330
688
761
126
329
394
819
410
319
451
583
401
257
51
914
780
912
898
541
357
174
50
900
486
86
844
372
802
926
766
977
1
860
978
337
471
578
897
249
43
951
742
793
668
948
64
110
287
751
879
125
238
279
808
583
107
870
579
941
259
716
130
545
581
189
76
830
465
929
495
942
381
779
459
302
915
929
83
167
103
552
191
132
979
600
893
595
125
643
815
194
537
166
277
648
88
689
547
325
938
529
157
142
591
335
486
737
241
461
25
713
341
36
78
855
929
141
598
789
583
938
850
736
303
640
589
449
27
796
531
312
676
423
633
895
267
703
123
38
145
571
60
407
543
394
744
256
546
129
150
913
262
407
513
241
331
271
446
202
813
434
279
421
541
918
582
331
381
903
173
233
289
791
562
31
97
237
969
973
275
744
393
794
421
159
928
211
736
990
458
749
832
790
941
671
791
954
328
86
450
498
18
206
668
118
190
330
878
825
516
289
600
167
715
789
681
676
475
681
913
218
687
54
56
326
231
338
384
576
883
302
821
422
212
466
821
300
341
31
931
433
638
688
517
753
681
798
525
474
245
791
940
438
664
914
194
317
466
234
427
867
700
341
667
429
847
607
586
91
737
600
547
467
979
326
950
10
894
488
941
583
171
313
428
134
177
229
322
334
73
59
308
528
230
855
208
660
17
427
46
802
89
233
203
233
390
600
175
407
342
664
95
574
761
35
845
263
383
163
3
782
298
2
926
618
734
625
695
183
812
25
789
266
294
304
374
816
613
168
781
979
678
674
612
139
747
162
235
733
973
271
889
498
959
577
839
590
726
223
868
938
893
909
787
521
141
558
377
36
290
76
210
419
736
553
371
201
396
512
698
418
967
645
921
404
349
662
194
543
676
973
116
481
592
795
748
442
779
898
383
842
370
87
267
834
883
26
598
350
145
683
326
596
210
307
951
105
72
300
835
713
508
270
627
664
825
999
388
194
324
494
701
860
433
301
261
245
648
240
713
212
375
526
715
151
545
443
206
253
484
223
366
185
480
255
780
411
595
582
63
588
482
191
342
846
994
98
922
439
901
897
193
264
615
125
597
198
400
842
291
19
612
499
846
946
46
844
884
598
67
435
601
549
667
9
743
238
314
714
39
156
196
871
817
654
16
980
976
541
235
339
969
753
493
613
521
648
969
112
150
564
61
713
862
544
530
703
348
599
253
738
89
113
772
286
294
34
12
616
384
249
511
347
245
866
523
951
402
768
773
392
311
731
821
974
314
825
227
950
304
229
687
292
522
985
662
211
676
352
369
227
417
301
871
46
114
17
986
375
773
341
863
255
938
197
79
837
633
581
515
882
599
259
436
326
0
656
760
730
630
188
128
51
967
949
791
471
205
588
598
968
494
820
562
786
292
912
702
931
375
487
868
486
70
23
343
515
981
483
813
823
617
866
528
643
326
782
35
44
425
277
706
798
801
264
770
573
520
894
975
434
208
636
733
583
865
739
814
455
207
582
193
861
32
406
876
303
930
868
152
862
755
810
787
45
274
710
763
228
795
900
534
368
681
215
607
976
707
588
499
63
705
427
313
489
735
195
687
171
328
9
257
332
678
469
133
490
822
521
682
258
153
494
807
592
900
45
40
166
561
158
906
781
814
369
568
302
899
615
86
932
490
547
747
200
295
867
427
127
127
917
922
188
452
984
997
214
582
736
923
533
390
757
401
423
796
209
522
265
56
916
277
964
997
806
576
94
666
360
979
626
354
79
383
141
859
342
518
398
475
599
156
153
615
621
122
743
270
465
563
518
705
407
816
921
974
733
710
844
410
696
79
782
187
482
342
378
792
636
540
468
800
811
279
773
367
282
242
891
71
469
320
384
307
709
602
46
671
300
616
980
315
959
76
55
550
867
290
887
879
981
11
244
767
106
105
790
259
960
605
774
941
15
676
829
817
848
728
214
381
40
859
394
610
336
222
345
536
733
215
984
549
415
961
195
302
16
205
903
318
451
295
820
35
750
251
478
736
373
102
536
589
932
921
940
947
1
880
16
547
4
274
560
270
932
376
579
711
272
344
125
13
518
235
250
325
443
2
730
644
416
520
333
41
301
777
403
289
349
568
104
652
741
69
99
725
858
446
370
744
366
636
244
35
727
478
442
302
716
708
955
415
477
458
786
823
486
204
334
624
703
944
70
264
667
270
639
583
267
541
499
947
135
23
864
469
184
709
114
740
301
45
494
520
343
127
676
937
579
871
223
174
788
989
381
321
931
777
790
663
740
561
531
822
278
989
548
719
134
897
237
994
336
897
398
641
492
436
134
653
161
855
187
772
609
890
49
636
848
40
413
994
393
320
732
571
71
944
668
284
350
769
767
772
676
437
904
382
679
29
612
893
171
639
542
809
800
301
942
614
414
417
351
99
902
932
203
240
607
806
934
776
370
823
284
742
866
316
824
4
787
62
450
911
190
372
579
518
926
416
104
185
506
191
817
751
327
250
533
911
113
586
620
192
303
704
808
844
920
458
89
535
501
874
716
782
853
601
647
298
767
368
443
83
663
167
191
897
280
6
381
238
786
768
147
240
417
296
752
258
154
428
496
970
66
990
478
293
84
394
726
22
847
89
132
422
634
875
356
886
541
52
311
568
717
757
158
235
883
755
46
724
827
285
673
90
460
366
277
122
760
331
547
793
81
655
78
400
726
281
269
33
609
847
423
680
447
868
610
445
779
100
536
758
615
369
415
122
240
614
859
472
20
544
731
701
3
173
52
4
399
876
62
431
706
44
641
548
315
929
771
132
884
433
825
573
883
36
191
614
514
66
118
170
349
686
649
118
472
264
540
485
482
921
210
804
578
487
466
111
381
776
100
977
625
428
461
59
898
451
309
564
454
445
641
878
318
704
658
433
75
252
2
849
275
835
998
603
831
788
716
133
202
414
2
738
584
514
800
493
328
497
716
693
592
692
520
695
915
899
114
194
482
317
152
619
868
846
805
984
115
486
333
666
821
14
441
819
491
30
743
231
386
986
593
992
427
155
776
345
241
673
405
796
959
878
195
230
59
566
637
600
11
915
296
649
563
989
964
359
383
422
796
829
475
43
96
454
509
454
219
888
972
920
62
371
495
997
944
392
772
472
8
863
955
813
529
360
447
789
944
419
601
764
125
172
448
726
484
678
249
488
103
472
62
564
242
612
254
780
186
660
186
999
538
912
855
353
164
754
349
484
577
211
51
453
461
654
348
834
754
657
858
879
855
317
645
215
340
35
928
623
69
110
321
447
609
519
107
634
29
67
490
877
282
722
802
860
464
672
652
400
541
550
893
957
487
331
685
751
865
659
609
220
605
802
214
429
958
642
355
926
313
31
961
181
200
908
994
983
186
999
530
214
51
583
695
318
499
606
473
407
261
465
725
173
598
988
660
715
704
202
299
911
691
626
695
46
103
406
598
352
983
573
893
382
549
112
602
800
159
306
477
627
115
632
384
144
5
944
663
279
297
285
134
514
982
744
655
686
754
923
572
108
644
296
222
79
370
406
603
605
223
323
382
952
544
669
838
711
108
602
468
437
254
855
210
363
920
813
469
521
966
96
967
463
444
362
844
114
940
757
166
99
32
85
127
433
848
379
762
654
609
974
279
479
883
531
201
661
556
318
806
801
470
433
194
141
234
305
560
157
840
320
207
972
101
428
308
18
935
311
786
195
767
560
746
467
315
486
505
350
911
813
317
412
951
369
323
209
460
39
496
483
201
691
481
852
329
268
650
240
832
396
648
576
738
788
796
748
595
916
964
24
779
671
439
813
189
949
860
720
446
266
663
848
653
859
114
345
59
337
653
629
559
719
665
90
982
662
622
751
830
519
183
904
78
8
703
825
68
488
698
318
962
356
786
473
13
836
661
621
556
480
15
848
146
531
953
981
87
682
974
95
881
798
862
153
587
708
961
594
991
398
433
783
125
707
964
977
664
17
253
37
889
547
422
18
779
45
533
885
610
212
312
680
632
931
437
489
286
40
770
646
571
644
885
655
924
746
18
780
240
279
464
837
767
559
622
648
494
713
615
405
274
584
542
38
743
194
208
10
91
182
925
129
907
174
306
793
962
124
135
510
426
745
880
457
40
520
106
943
17
394
291
690
538
946
694
366
169
184
475
505
646
67
327
237
957
815
548
258
946
735
607
172
241
644
178
508
10
795
270
403
838
68
703
552
288
735
404
522
682
817
641
330
883
764
531
672
786
148
439
942
338
206
351
81
74
483
906
491
448
842
455
222
25
860
198
179
71
465
99
361
864
784
608
169
567
651
37
805
809
417
839
1
686
516
682
689
393
19
580
762
14
643
648
222
584
830
676
95
572
277
703
964
869
841
498
609
900
85
210
752
124
136
15
910
288
799
525
641
778
191
676
525
800
872
422
222
765
725
276
303
577
447
461
217
430
794
253
303
896
783
638
46
264
448
221
802
734
314
59
476
464
500
342
376
267
431
476
466
284
38
956
144
236
172
264
395
150
772
387
999
494
523
419
618
864
739
251
833
114
497
912
750
855
702
358
758
897
482
822
215
322
428
294
518
104
502
229
30
106
805
81
341
219
407
951
216
681
677
78
999
226
888
905
803
13
0
759
788
64
551
577
608
651
507
599
933
368
611
831
983
502
329
379
60
233
118
934
653
591
387
467
944
281
187
113
0
348
686
359
694
35
832
392
993
971
233
651
216
499
205
643
64
685
339
957
530
341
867
523
188
230
89
956
495
363
782
245
728
649
909
392
160
822
99
88
710
541
415
870
405
434
810
923
352
164
192
171
241
92
292
466
409
209
658
478
953
453
813
96
295
959
369
248
637
949
226
980
156
670
28
940
886
258
828
870
288
335
339
913
518
417
195
216
640
140
762
637
714
433
596
855
346
195
437
321
914
709
779
464
654
738
794
617
423
640
841
309
166
857
361
395
396
376
134
544
382
69
734
493
630
965
399
188
636
209
373
824
59
912
529
833
144
892
165
9
606
766
499
110
709
447
638
500
737
141
552
22
110
470
442
25
704
803
762
534
217
180
94
497
564
612
128
106
143
409
530
376
541
274
952
685
441
557
372
602
447
436
701
951
628
11
305
679
358
929
281
518
629
737
612
328
457
612
731
800
53
652
676
233
794
263
163
557
382
934
90
351
403
513
224
727
484
418
480
530
730
122
936
530
445
772
802
881
725
60
240
598
865
770
152
274
326
249
927
970
249
719
242
49
425
825
119
376
771
669
906
533
368
939
68
126
100
744
309
336
357
424
194
608
844
807
458
461
520
669
506
321
741
604
104
354
836
807
949
1
340
672
44
933
198
542
359
933
390
794
16
377
933
660
117
99
212
959
541
960
659
501
231
165
447
344
153
207
601
783
310
379
979
793
825
623
702
697
230
339
424
469
416
143
649
5
445
187
276
317
197
517
378
967
801
218
665
632
953
332
932
797
382
836
965
554
830
901
374
390
13
677
700
839
896
736
372
845
270
466
672
982
239
625
290
118
838
117
609
672
467
133
121
157
729
568
557
327
734
780
504
139
297
302
665
994
405
134
356
498
244
6
348
309
679
968
327
966
953
225
579
707
180
750
252
611
595
817
703
126
390
912
888
163
164
58
368
754
907
615
163
191
539
819
373
63
456
814
500
563
262
907
641
310
47
339
136
884
152
389
95
505
417
373
396
946
379
230
31
4
509
285
846
656
207
396
358
816
351
47
383
449
161
438
161
380
737
568
371
490
428
432
322
276
780
111
518
725
691
510
232
636
623
61
968
577
524
429
948
955
383
327
946
572
206
791
774
627
37
40
375
971
947
429
187
796
227
673
715
838
318
116
538
422
446
171
839
759
46
947
865
126
693
297
994
409
257
649
508
740
863
121
496
698
105
704
126
597
361
305
575
531
802
750
806
789
342
395
165
740
281
873
603
330
724
35
787
315
654
704
56
238
661
557
452
803
90
78
808
243
282
193
766
263
201
400
642
286
730
833
623
670
313
355
277
934
313
375
200
429
433
833
429
587
697
97
589
219
58
499
388
289
507
343
211
6
545
629
361
540
118
113
568
552
578
686
812
804
599
483
599
406
870
791
583
520
583
442
265
356
93
713
798
820
400
341
411
812
980
961
23
261
215
14
998
230
168
62
531
464
491
113
834
391
993
902
18
520
380
298
561
140
72
622
154
272
348
232
930
773
288
801
817
26
313
350
427
804
64
45
558
744
192
62
198
189
198
971
347
441
179
590
772
622
365
78
365
944
932
229
916
437
816
560
802
290
103
852
724
431
4
745
257
614
747
550
558
29
129
18
133
52
849
786
813
413
41
547
42
505
651
46
69
673
463
99
62
239
934
611
973
257
641
950
553
342
832
493
560
337
238
350
405
432
962
898
511
648
960
340
909
70
350
800
64
692
