343
514
790
917
536
158
909
570
98
865
597
72
307
548
974
218
740
919
101
110
363
563
947
822
484
624
850
572
300
829
140
947
570
181
615
80
58
350
921
783
824
894
996
250
653
678
485
141
184
208
991
532
628
493
328
621
930
727
284
995
67
893
534
311
524
693
288
979
231
947
458
81
714
24
455
445
86
582
584
348
149
72
555
500
385
158
356
210
861
21
630
683
547
29
861
122
114
253
27
920
288
321
494
978
260
411
323
452
345
352
65
460
560
905
828
193
37
593
748
409
35
199
713
706
151
601
909
888
678
272
911
117
740
163
719
647
2
508
243
476
435
790
613
872
771
264
942
807
45
323
524
758
791
511
579
147
220
444
170
845
974
308
429
69
109
326
923
604
585
165
635
791
656
31
64
78
876
953
374
58
188
112
199
868
893
634
591
394
981
467
840
372
668
236
539
309
704
813
852
589
603
603
944
579
419
869
438
760
190
504
423
327
655
59
11
768
665
492
234
83
447
345
811
986
990
547
556
32
544
917
263
829
126
362
198
211
25
516
211
11
821
577
454
752
906
992
11
358
880
218
343
835
350
563
23
419
831
479
133
130
202
377
696
442
61
911
503
228
166
258
43
211
645
89
238
732
120
740
563
153
236
310
682
165
718
660
920
571
892
555
785
295
434
38
436
325
548
924
914
656
965
168
465
971
10
330
3
548
830
219
990
439
483
990
376
374
674
769
985
493
447
779
557
651
148
247
604
437
735
111
760
205
523
148
787
969
329
113
642
518
24
232
457
170
0
396
724
312
47
654
312
526
637
75
236
91
867
33
39
261
691
946
63
727
107
314
67
671
324
595
158
213
490
496
1
767
615
334
3
481
88
205
135
130
251
430
186
730
347
320
296
952
458
883
411
496
851
349
382
602
649
730
980
605
631
22
664
121
68
918
296
301
2
221
163
981
916
402
660
253
818
695
435
499
618
132
22
894
277
570
145
909
859
172
87
179
875
727
507
198
171
250
312
118
697
392
353
875
732
450
262
839
538
258
51
274
974
203
119
68
613
4
134
174
110
371
907
665
204
102
126
976
673
804
46
930
936
986
587
783
719
98
834
684
168
982
974
177
226
490
175
111
8
72
994
463
270
845
661
510
860
408
269
564
113
610
318
60
604
40
214
774
113
278
614
936
919
23
798
819
826
383
300
994
994
337
441
517
991
700
176
195
591
576
36
190
566
567
341
568
889
126
78
620
15
794
102
95
460
952
256
726
171
829
922
665
799
268
695
700
902
86
169
598
187
691
174
658
846
958
846
843
578
391
999
141
827
210
196
310
251
605
777
316
215
543
467
240
962
900
864
23
758
549
387
666
962
476
185
795
700
685
965
328
700
640
212
124
35
730
351
952
39
300
947
865
948
795
950
963
448
678
31
884
363
911
642
307
8
656
704
662
893
647
671
507
907
348
851
574
378
631
688
682
325
974
99
363
765
180
132
135
4
790
98
277
561
46
707
773
803
434
934
47
747
72
544
192
34
0
31
704
588
443
789
734
448
169
741
156
54
734
771
103
780
566
931
319
772
648
562
789
461
87
880
426
276
699
818
68
350
415
499
491
877
155
498
218
238
689
348
329
147
757
623
576
777
365
976
950
472
80
689
470
2
379
923
803
362
334
579
130
259
654
852
286
170
475
986
58
633
521
414
870
128
196
227
292
922
117
747
237
866
322
598
509
320
329
377
125
179
532
231
791
356
416
999
27
197
799
193
168
573
726
854
31
786
449
515
961
313
995
857
33
276
249
813
332
912
30
215
877
770
545
649
525
110
34
134
863
988
836
524
114
456
59
671
720
347
143
140
131
443
282
38
302
364
3
201
881
105
237
473
543
460
641
189
778
245
15
38
686
570
356
974
699
611
917
871
324
953
618
977
636
491
6
399
616
653
155
534
64
901
770
299
599
315
144
504
873
340
644
811
764
11
236
163
503
541
424
552
792
799
462
646
618
102
188
269
731
659
557
217
475
209
450
97
672
364
146
213
775
544
204
281
477
323
865
984
595
688
839
327
384
537
671
320
296
72
792
935
754
258
525
301
800
705
673
182
47
404
883
849
446
797
596
332
428
815
429
377
18
561
998
272
215
531
697
730
314
221
757
768
322
247
871
134
122
176
282
256
816
390
895
951
580
758
296
663
734
249
630
312
32
228
834
127
291
74
64
873
253
640
400
20
903
788
327
425
973
691
82
89
431
646
794
675
757
64
819
824
447
751
566
92
538
140
631
400
918
216
96
320
4
253
284
894
405
999
889
698
590
5
52
199
312
360
352
906
379
527
233
617
619
515
515
366
506
166
488
831
429
43
990
708
315
218
350
220
24
827
73
923
552
740
629
972
150
672
421
399
44
958
767
600
869
675
359
180
286
485
857
464
60
726
164
352
143
633
641
232
339
420
147
323
279
905
560
429
862
811
413
855
979
754
169
727
930
267
376
809
914
918
655
375
190
965
847
280
282
39
810
887
243
382
459
915
375
387
234
31
644
283
557
781
269
286
810
203
62
941
616
842
720
709
502
711
320
212
235
745
402
223
573
526
284
629
93
425
365
828
951
988
732
654
767
341
556
759
247
889
373
598
645
58
118
686
113
278
662
576
460
94
3
222
237
895
378
614
85
640
924
177
594
809
41
967
944
236
70
577
467
91
842
299
282
678
735
580
429
542
860
563
503
235
183
576
422
399
584
316
799
773
616
989
191
641
848
274
293
326
831
176
299
382
547
447
530
689
208
428
877
541
46
803
374
405
932
128
965
58
419
898
679
331
774
277
115
370
69
403
248
877
289
15
506
389
162
13
739
23
844
73
910
741
783
955
358
176
334
323
14
171
7
430
50
287
417
229
930
639
284
775
542
207
338
979
101
614
36
924
776
165
479
456
323
971
165
7
948
118
775
213
548
456
936
619
290
52
485
713
471
91
881
160
876
704
453
991
175
924
764
589
733
662
557
301
257
435
218
539
706
654
893
553
795
292
602
966
228
158
703
764
390
780
775
196
20
539
966
800
61
18
224
141
277
719
571
587
571
313
522
891
422
17
867
500
240
34
440
521
685
746
49
451
412
900
251
134
180
412
714
810
66
686
106
521
494
339
387
183
310
449
955
59
130
653
637
617
247
88
167
882
287
939
569
17
109
641
81
994
782
280
812
137
835
562
615
371
835
550
628
797
838
398
231
864
188
374
936
966
387
392
851
620
311
254
139
163
148
597
469
308
992
170
864
120
467
740
19
681
80
885
351
849
5
142
59
421
214
350
239
853
497
375
584
3
810
430
273
845
654
469
275
320
188
686
595
299
135
526
9
286
185
587
906
958
50
396
779
774
30
820
422
482
676
618
393
971
282
239
433
82
334
917
6
371
760
841
560
200
107
165
863
6
490
317
792
944
927
939
331
887
406
913
745
747
609
979
403
120
45
238
422
247
129
289
331
736
734
334
283
633
394
837
815
758
223
454
813
965
561
136
62
444
276
667
949
377
291
791
938
870
861
623
44
992
274
973
286
706
260
346
288
755
681
786
478
352
420
82
173
399
995
936
34
657
403
102
509
539
23
161
762
418
904
196
800
360
182
564
890
367
629
944
332
993
523
376
640
810
269
814
989
2
697
597
401
939
454
365
173
963
456
399
375
446
808
683
669
612
736
252
589
778
796
653
234
728
772
403
992
358
798
278
912
556
64
660
239
60
187
60
194
214
315
84
92
48
115
448
271
48
869
832
673
336
95
820
486
196
865
726
779
650
59
812
763
495
300
289
506
866
29
991
190
808
356
372
774
923
100
22
835
303
33
827
883
651
201
961
124
32
150
175
5
129
176
886
808
279
920
800
436
840
944
387
528
276
814
298
801
27
398
337
948
126
303
594
471
849
478
201
897
265
726
768
690
96
890
536
221
82
393
973
731
226
824
132
449
791
445
907
585
149
559
894
878
385
603
530
904
548
98
631
400
427
214
87
630
217
91
5
942
42
402
843
936
525
864
645
135
620
534
732
977
43
146
968
861
611
282
21
628
98
16
880
397
113
145
846
484
722
432
633
437
971
600
928
746
483
934
602
629
256
309
743
327
979
883
235
70
313
624
984
869
846
134
431
109
776
876
562
89
293
165
961
632
962
982
279
364
650
701
64
167
671
325
713
429
120
69
676
548
934
360
15
560
476
423
672
91
908
419
831
153
576
55
656
954
275
641
379
377
237
681
794
841
540
146
102
960
982
206
470
67
176
119
958
728
513
719
288
787
104
720
697
288
86
56
66
567
778
661
57
942
544
230
524
904
893
217
130
267
305
1
654
8
665
464
497
819
703
594
266
153
225
826
284
370
451
53
204
948
778
220
998
343
231
696
579
575
947
694
841
700
645
10
823
861
341
335
219
651
164
132
770
178
26
59
756
882
692
83
505
476
592
13
972
47
374
739
34
267
397
804
871
181
214
125
654
704
489
26
594
733
163
953
869
953
297
735
116
237
363
964
686
539
968
698
560
732
89
347
182
70
453
296
871
267
609
398
950
701
481
794
768
157
144
677
719
402
576
83
818
431
334
942
726
894
485
23
646
728
165
668
586
182
576
117
511
26
81
953
435
406
817
134
43
182
911
285
771
266
691
211
449
379
648
859
934
423
516
505
810
864
853
947
203
550
561
944
777
173
994
586
610
625
340
375
813
774
996
323
381
684
567
874
156
239
445
513
689
492
920
252
31
136
612
218
868
387
533
772
747
737
528
565
294
361
583
484
963
935
484
12
626
628
32
236
40
349
81
778
899
9
134
643
699
179
833
462
17
256
72
878
175
442
863
654
587
507
341
599
121
942
369
436
685
102
546
487
466
626
656
804
433
192
698
379
577
463
629
515
127
209
301
26
34
748
555
633
334
554
379
60
380
486
729
95
786
431
744
148
564
706
38
962
798
871
640
567
428
686
789
437
273
258
521
451
336
483
321
562
539
410
125
240
637
957
719
490
902
202
271
489
603
56
352
879
911
961
835
420
602
196
686
697
819
488
744
445
549
666
675
725
524
815
383
558
115
573
439
247
412
931
410
386
379
490
441
49
463
827
224
861
509
319
146
641
170
670
421
605
837
927
151
23
976
454
980
731
193
883
277
619
281
455
895
522
48
474
133
571
322
936
818
983
586
642
775
954
706
648
485
143
116
868
424
394
144
201
305
539
603
835
710
243
680
41
47
454
813
125
144
896
477
396
46
357
629
920
696
49
430
634
172
806
62
973
850
43
50
999
961
953
708
785
44
617
293
453
921
657
816
14
598
342
475
915
592
604
370
942
689
736
154
681
157
214
638
408
730
878
554
281
609
434
194
856
453
19
661
807
119
88
820
179
947
488
1
810
35
167
485
712
398
77
690
8
885
748
154
759
922
976
306
797
389
753
375
461
172
259
499
196
558
79
748
406
284
178
946
195
524
939
322
481
748
322
227
451
448
204
444
31
192
851
985
982
472
466
88
652
117
103
764
511
449
745
134
684
924
632
970
653
951
795
581
510
501
37
769
823
65
113
162
876
846
237
48
832
495
675
682
97
132
9
803
108
149
378
948
913
918
510
910
593
159
924
10
380
903
848
758
799
61
368
894
314
626
296
429
408
878
837
287
831
837
239
733
896
62
351
51
16
896
456
265
989
10
882
588
972
813
489
769
551
551
804
517
212
607
473
804
56
152
302
420
580
981
43
957
853
407
356
135
263
534
634
888
508
121
32
545
13
403
58
259
371
405
610
955
496
578
837
792
863
810
818
581
666
278
755
967
329
805
508
764
96
242
168
566
826
475
546
507
626
109
985
570
984
137
525
300
352
373
110
277
462
640
349
590
973
646
721
936
416
316
83
22
360
249
574
991
363
986
365
727
94
256
153
874
905
23
922
692
393
277
386
767
139
821
761
682
371
200
139
939
452
240
118
609
498
544
24
808
772
754
661
553
702
470
429
414
730
332
84
135
886
847
748
284
177
142
637
231
310
720
676
212
555
188
993
489
444
858
914
140
848
65
93
917
662
125
11
354
528
700
848
497
812
334
703
469
364
343
427
391
4
643
696
96
329
564
527
337
72
219
80
864
380
521
850
311
585
864
110
210
214
51
314
741
584
590
881
232
824
451
311
448
183
867
922
771
304
446
709
783
515
487
782
303
882
694
607
3
989
971
922
651
568
828
749
865
236
923
757
72
522
431
998
252
267
150
704
159
806
92
102
725
225
754
520
358
864
981
865
277
228
714
179
65
994
308
381
7
988
433
70
530
741
935
996
769
470
494
421
739
246
802
607
817
838
952
915
71
34
546
187
801
43
121
980
663
273
630
679
508
166
597
922
321
774
662
404
193
530
889
85
976
196
350
715
77
717
46
233
41
682
417
890
891
661
901
859
593
648
671
647
549
708
978
132
889
455
65
178
641
108
338
900
340
597
162
527
542
75
599
519
21
310
205
337
494
272
384
587
940
259
59
944
788
875
947
760
351
390
588
803
5
864
701
790
866
220
674
446
416
476
518
777
674
425
739
445
663
998
560
752
675
615
198
798
478
135
830
241
263
135
210
787
81
474
959
55
943
549
436
805
831
620
881
404
689
695
431
977
155
244
240
374
962
350
491
447
223
524
294
389
667
12
864
973
864
885
338
995
246
396
841
535
999
862
988
322
576
165
92
274
572
62
556
513
6
439
350
772
675
613
280
599
969
891
985
566
824
495
740
198
892
582
512
513
268
312
977
73
178
822
727
196
119
552
944
285
786
387
389
363
229
951
174
795
141
55
235
81
580
858
392
612
92
166
187
967
386
308
253
195
332
582
643
314
120
565
809
94
915
608
58
528
83
630
118
653
810
756
224
11
911
506
322
873
82
632
895
316
204
535
245
326
721
34
430
968
627
978
377
216
324
408
642
670
512
158
554
673
516
791
132
191
639
821
6
713
147
921
712
836
240
460
140
236
870
836
657
811
556
267
182
487
850
210
160
386
511
866
672
939
312
51
204
922
14
837
128
32
914
524
905
532
784
465
254
179
926
178
339
439
967
172
27
920
224
639
345
696
789
920
739
615
177
932
780
863
337
871
981
106
804
133
671
168
466
240
263
581
989
56
110
471
56
976
396
141
610
245
697
626
695
858
864
833
428
590
744
627
140
783
511
236
44
720
789
171
64
286
179
344
584
144
391
464
50
453
125
283
381
327
259
767
735
501
113
669
884
534
323
777
595
649
660
696
839
914
857
162
775
919
543
542
914
496
993
693
467
829
91
934
308
569
476
409
330
868
763
863
493
935
898
598
138
72
511
539
455
878
748
464
267
374
949
973
615
531
466
418
29
549
992
299
531
16
416
588
452
333
683
868
660
758
808
974
261
906
212
177
467
784
421
426
112
593
147
808
52
206
995
189
21
464
506
716
943
271
426
141
961
26
772
694
916
661
930
500
928
369
175
223
500
365
518
75
434
578
116
554
997
420
883
159
640
876
995
870
52
914
103
120
477
368
426
498
410
890
140
540
807
818
637
519
608
535
628
696
693
142
180
553
613
953
684
159
200
595
425
46
669
86
155
872
484
427
705
852
497
896
897
331
477
208
144
967
739
101
922
220
740
280
583
944
120
49
923
711
402
562
184
902
262
581
409
73
729
878
821
457
629
692
478
973
400
321
222
945
416
936
742
356
901
878
154
115
298
65
363
323
914
837
978
76
891
709
774
888
210
447
443
243
347
656
975
5
210
327
442
586
747
198
41
587
730
506
895
30
304
171
17
808
84
87
364
634
809
530
862
617
97
168
669
807
438
538
128
800
184
359
432
831
361
770
66
926
153
273
796
925
750
182
489
329
955
862
459
302
884
38
228
231
195
558
249
402
35
558
332
665
511
772
292
90
541
920
771
633
164
103
788
235
39
963
334
595
781
596
450
666
150
383
205
47
453
716
746
494
229
942
703
765
713
932
890
809
587
308
9
55
672
191
347
358
951
32
237
906
4
110
661
972
838
840
940
524
185
280
836
481
328
384
279
623
899
761
679
999
560
555
575
140
313
487
61
121
555
144
794
753
798
599
232
950
53
302
271
371
524
716
203
429
225
167
846
572
569
576
629
247
824
640
186
181
827
329
246
200
662
247
744
388
197
357
759
774
705
987
24
255
410
117
212
328
867
568
208
727
414
501
338
759
509
144
278
526
338
834
955
247
188
305
180
72
959
874
438
399
550
965
875
45
623
927
937
140
139
573
323
541
864
940
9
882
669
149
14
762
730
141
254
610
242
259
314
809
958
603
874
548
191
248
805
432
655
278
920
647
28
636
33
305
970
744
198
3
572
933
471
925
871
760
437
62
3
320
629
2
311
636
37
107
24
582
162
141
101
797
924
275
18
872
806
584
335
734
142
712
573
779
453
997
748
589
611
469
908
757
778
896
742
224
837
375
597
989
806
392
935
841
417
310
474
518
240
61
205
970
491
140
76
876
651
787
47
929
108
884
160
548
621
750
263
853
765
28
988
936
676
964
903
790
763
371
431
777
153
741
422
80
283
811
590
339
550
341
282
0
980
815
787
347
65
281
454
277
169
941
758
147
385
685
739
360
134
581
142
461
157
252
663
468
368
672
238
260
746
319
675
966
368
618
954
550
235
4
814
117
310
368
233
219
584
576
437
386
431
938
26
486
58
869
781
393
728
393
649
235
122
949
748
638
194
18
593
135
551
28
253
824
318
864
704
107
654
953
882
89
920
957
672
161
834
996
530
692
190
729
594
732
963
257
498
941
496
561
586
636
80
860
109
260
15
497
896
71
871
299
414
530
999
410
651
273
105
999
299
553
734
212
77
12
881
410
585
335
965
740
555
264
803
17
500
123
628
583
716
196
247
986
222
766
447
917
567
266
828
391
276
524
965
854
215
55
663
250
373
296
237
991
912
351
260
422
604
106
481
462
24
717
441
820
491
452
972
697
385
33
359
18
672
504
645
987
339
95
474
77
362
347
396
231
628
78
942
944
738
365
938
98
873
982
50
834
628
126
658
292
692
272
918
532
221
802
164
655
486
2
622
40
172
614
110
102
979
144
830
147
91
728
851
423
523
291
373
458
580
2
126
905
780
989
476
96
950
414
525
382
387
19
790
814
199
51
336
522
538
969
23
586
465
798
376
801
928
1
151
336
935
42
410
788
366
796
414
507
358
648
988
124
622
294
23
732
430
719
820
117
364
430
406
321
985
148
886
292
598
99
20
103
72
586
964
769
478
887
175
480
339
44
813
317
980
240
932
14
863
677
656
189
165
825
223
269
695
590
600
628
329
581
103
348
789
920
503
820
390
108
637
652
87
693
596
166
32
563
659
95
20
571
687
396
530
736
926
234
878
240
425
694
716
115
621
651
272
382
791
305
564
814
177
506
167
24
894
601
511
486
997
708
315
779
373
24
423
463
638
611
36
70
295
124
619
690
634
510
310
721
976
676
148
530
410
311
863
761
661
387
364
922
689
648
30
130
343
323
343
944
836
828
356
899
582
835
331
773
281
468
740
397
343
257
313
107
850
223
571
108
815
584
443
909
817
759
570
252
567
675
806
673
699
867
601
172
248
7
287
585
791
647
180
774
430
717
623
381
118
565
407
516
719
749
985
698
666
551
555
596
523
995
544
141
384
753
664
765
83
477
76
232
816
603
659
855
923
978
475
516
321
165
279
270
33
620
665
389
560
265
773
215
565
438
506
57
503
492
902
449
721
175
340
128
183
893
173
21
793
765
624
957
265
572
231
894
545
530
504
122
526
460
812
986
643
522
800
264
284
376
709
926
992
90
798
748
89
833
893
844
620
402
787
826
543
566
67
840
12
428
49
622
409
809
884
158
336
74
28
134
290
969
122
398
755
35
332
377
890
794
609
664
816
838
919
362
114
70
374
408
332
916
184
652
676
239
48
490
120
658
53
607
470
825
601
350
822
708
90
10
149
692
644
709
673
755
736
254
748
248
886
721
87
783
90
305
636
983
334
457
608
181
124
944
355
887
654
938
909
683
996
371
231
844
881
582
19
894
691
492
370
241
997
48
592
674
883
423
573
696
128
694
122
217
631
939
646
69
477
285
77
442
391
144
388
238
270
632
699
292
3
535
167
957
624
289
243
63
885
988
346
228
484
230
436
377
50
151
707
599
842
565
144
119
975
781
855
5
317
391
956
263
797
803
936
391
348
584
156
620
286
804
688
471
324
293
9
473
487
413
573
130
112
756
300
860
47
63
445
718
419
263
290
884
292
797
17
892
115
905
855
811
890
89
483
230
397
94
629
901
565
3
393
481
637
359
740
431
459
937
330
532
533
803
385
456
396
527
885
231
530
471
257
474
788
617
391
133
427
950
908
809
885
220
971
105
675
729
684
442
639
408
193
804
437
952
173
349
650
232
505
749
533
279
940
348
832
919
399
831
178
138
714
25
309
316
390
54
168
960
592
763
88
55
407
609
176
802
10
361
385
801
633
897
591
29
294
444
379
575
959
760
958
732
740
289
1
495
799
739
518
198
645
725
58
714
279
384
553
669
821
686
478
384
880
432
62
404
666
216
888
926
981
245
627
552
132
725
740
314
810
421
330
400
421
155
888
973
86
356
750
181
537
346
556
760
731
541
525
290
148
667
571
623
883
106
157
132
208
785
546
504
930
671
400
874
606
579
526
828
120
970
938
61
489
696
968
997
614
973
879
857
185
321
825
142
454
906
344
82
211
969
976
734
148
269
772
255
835
984
168
268
761
286
185
594
523
923
796
603
276
284
122
534
531
909
654
248
289
2
719
503
57
74
137
254
548
837
50
685
456
534
28
608
676
19
894
840
115
393
991
535
274
717
288
845
616
141
4
303
921
101
560
775
406
566
209
782
429
432
958
654
657
144
107
461
398
429
830
107
915
973
130
700
116
332
206
17
898
132
730
649
882
400
557
685
127
434
93
618
756
597
620
351
746
172
867
749
618
865
494
79
656
746
363
151
941
766
233
984
759
158
937
122
399
342
123
71
398
570
376
180
277
61
87
548
928
501
359
358
861
83
264
591
775
582
742
882
490
999
907
740
850
775
319
876
141
900
414
719
545
571
743
66
747
903
829
408
621
743
324
828
931
462
305
952
987
268
910
675
846
642
961
282
791
75
576
525
183
181
747
266
395
367
93
591
531
661
576
952
999
950
869
737
328
999
293
742
344
152
839
134
63
755
766
181
459
438
462
464
731
318
804
60
608
739
583
967
528
251
78
848
361
974
926
435
903
489
792
324
650
518
142
821
967
904
248
923
912
828
640
162
355
755
869
128
756
196
560
375
552
142
153
340
7
43
716
101
669
600
750
544
189
2
206
894
738
666
602
766
140
641
87
101
283
38
740
948
91
492
108
498
733
433
174
728
669
801
747
507
549
26
219
316
574
687
964
588
189
280
352
539
570
689
25
167
25
718
492
482
586
760
856
716
195
33
569
759
552
580
581
354
748
520
618
165
495
707
186
387
108
675
917
310
214
440
50
148
574
461
857
206
308
981
855
762
703
554
974
686
338
768
736
581
838
433
281
7
766
169
415
752
731
818
55
170
468
690
772
382
609
615
46
462
716
877
725
86
757
951
761
993
289
1
584
272
982
766
594
709
742
181
765
342
853
862
104
661
544
899
326
715
428
770
369
492
592
526
759
526
185
716
638
620
824
932
200
944
177
438
427
532
91
611
904
337
127
542
685
953
79
903
481
702
308
103
460
462
883
963
809
198
422
391
144
211
435
155
516
999
163
547
798
417
705
832
724
845
68
204
978
379
35
938
171
68
829
556
604
158
242
95
965
872
641
161
629
25
734
379
713
828
519
657
720
261
492
366
830
927
769
76
803
958
122
745
568
823
498
325
965
616
183
208
785
50
973
376
599
3
885
272
210
104
434
909
805
351
721
114
258
242
322
299
396
88
983
334
490
525
648
525
851
786
416
640
657
399
359
368
260
605
821
607
12
568
80
154
281
770
242
368
178
723
539
772
929
707
902
78
800
658
738
425
114
574
663
133
544
948
123
668
534
451
193
506
594
249
996
389
480
777
565
924
485
460
679
716
726
444
747
630
523
688
173
180
358
473
602
162
450
700
301
537
514
384
996
566
440
383
859
26
622
841
101
818
484
323
347
511
814
183
611
640
673
13
637
43
635
807
124
347
92
835
752
642
749
745
508
672
827
316
313
236
239
966
782
327
405
139
170
192
287
607
744
721
390
868
70
353
61
836
50
571
345
797
24
700
9
194
909
626
958
54
537
895
78
563
277
421
196
905
353
764
644
522
192
670
533
129
387
947
511
907
126
216
902
671
3
619
379
671
441
777
293
248
176
361
409
157
92
305
835
671
884
742
240
34
478
649
546
785
81
532
999
874
54
821
646
387
715
433
750
851
317
330
525
126
818
323
802
505
169
0
353
883
686
50
72
148
118
864
66
183
155
761
959
963
500
566
701
704
757
621
176
812
174
479
506
109
202
259
207
432
654
540
831
265
484
741
960
476
356
541
208
823
758
694
980
450
566
295
384
399
636
849
220
876
607
886
175
176
557
69
370
393
97
859
643
563
426
587
421
341
724
830
600
350
38
422
147
197
55
356
938
670
141
233
333
504
92
434
976
403
15
84
680
199
837
463
561
511
659
271
697
892
363
286
335
607
750
621
470
982
603
817
64
928
924
666
657
603
337
510
977
474
931
733
413
5
575
629
499
624
556
326
368
902
923
808
425
134
683
80
530
59
502
610
397
481
940
424
234
107
74
40
591
898
862
979
861
944
305
618
88
811
761
612
120
980
938
410
824
727
945
155
963
741
381
811
966
749
274
550
909
858
819
627
886
86
979
195
644
132
913
401
569
354
422
19
436
429
307
358
258
551
11
681
804
331
283
680
893
713
874
632
455
653
297
802
257
418
440
33
478
196
481
597
180
875
245
706
864
259
418
522
19
793
638
335
571
368
251
893
657
840
207
540
898
56
606
739
876
3
654
671
607
182
615
388
453
553
149
27
151
628
276
257
102
689
126
392
67
159
723
238
11
711
830
67
99
127
112
713
260
11
812
196
690
452
942
168
215
681
24
298
487
426
555
255
431
35
558
232
463
53
606
503
529
416
579
619
398
349
186
272
20
121
892
386
581
731
106
647
942
590
43
316
594
353
485
656
475
420
99
5
997
278
985
68
919
601
377
24
806
991
912
379
624
46
579
301
922
902
56
36
863
388
138
813
949
263
780
343
725
535
97
864
215
525
750
210
136
926
21
325
921
201
647
96
693
552
484
802
510
595
706
163
229
183
720
800
260
38
334
802
794
24
355
896
26
160
155
235
392
225
411
303
26
351
833
882
302
314
213
805
422
300
366
495
468
820
874
313
292
523
438
396
261
596
214
198
539
705
514
388
196
912
278
730
620
708
844
901
880
368
623
417
788
206
535
438
673
638
28
45
967
322
648
25
490
430
94
249
164
125
553
698
343
30
603
296
493
245
555
133
758
302
697
683
917
157
945
75
855
561
617
264
689
663
929
37
254
146
198
539
458
272
363
183
53
831
525
984
455
647
297
302
556
793
301
222
893
917
200
354
891
394
414
845
888
949
339
332
508
716
387
136
985
69
708
304
427
712
58
44
383
987
717
500
983
68
800
54
408
673
896
903
640
611
551
961
367
137
524
610
497
697
393
117
748
385
537
770
621
500
123
128
865
24
832
331
467
476
973
265
705
86
989
342
291
194
263
103
346
575
151
867
600
236
779
974
817
880
892
639
693
751
103
737
562
336
7
751
202
387
721
144
942
928
292
283
751
659
923
116
956
131
632
91
45
866
78
246
403
782
923
141
9
270
520
403
411
249
591
76
330
95
840
586
138
323
680
418
336
0
846
931
962
489
963
38
589
773
614
73
781
103
161
726
365
171
67
897
259
957
995
94
119
747
61
136
528
523
556
239
323
207
981
761
49
268
380
25
3
99
726
380
541
78
82
136
132
764
124
527
325
208
854
585
796
220
37
769
397
691
550
70
907
443
780
953
683
833
952
94
12
303
107
219
685
993
178
813
666
141
78
458
149
416
334
298
37
437
180
959
198
352
114
507
101
969
655
768
437
756
465
202
499
781
56
505
994
282
237
571
676
176
30
6
622
911
639
387
527
386
685
182
557
126
426
226
148
212
449
929
699
617
717
73
684
682
442
507
832
77
319
252
77
779
239
126
846
578
595
961
341
951
285
259
983
16
300
607
340
928
311
873
25
387
503
775
940
433
821
724
451
568
533
518
882
473
422
471
183
389
983
328
924
721
608
817
696
172
106
318
890
273
636
292
291
816
379
617
926
414
781
632
855
205
674
348
742
415
143
228
919
