625
51
478
849
800
931
310
903
281
919
620
654
411
134
82
920
732
519
765
300
204
757
612
305
925
845
595
41
294
646
280
197
518
612
646
43
149
265
440
704
446
841
421
571
121
792
657
224
158
90
757
446
372
102
701
462
767
608
63
32
191
66
939
355
941
630
126
737
649
666
497
341
654
49
238
386
55
994
234
161
468
47
430
886
84
437
952
832
462
178
238
731
227
824
898
348
58
660
537
968
951
203
198
409
566
427
460
246
785
97
960
622
177
28
532
17
650
124
832
227
591
408
308
934
916
164
104
435
922
955
476
900
996
383
691
937
849
394
34
453
683
359
847
476
428
282
293
716
936
649
515
884
101
638
884
269
710
418
881
20
184
999
530
513
60
898
117
792
875
611
981
537
88
458
651
590
534
312
338
929
154
127
908
359
868
239
986
524
447
566
425
860
520
867
968
971
83
536
638
347
896
657
120
640
549
261
976
153
405
160
513
397
950
826
199
534
224
472
196
887
370
861
268
198
382
388
250
846
380
181
475
813
381
570
696
316
678
396
74
832
180
495
878
123
78
702
960
976
518
573
331
658
330
25
870
159
983
182
155
542
637
981
833
186
549
703
625
10
502
659
517
399
272
704
844
33
632
352
579
446
825
785
429
168
804
336
419
714
14
684
847
927
280
901
178
975
124
215
710
942
955
991
157
83
795
832
200
802
502
978
84
366
510
809
470
103
492
701
871
923
671
275
499
108
26
143
532
719
454
404
763
492
799
754
662
439
643
659
565
449
444
370
703
435
527
488
529
41
845
788
438
383
343
463
907
307
382
961
753
350
512
435
285
592
991
530
452
599
483
844
88
460
736
355
224
362
634
971
91
979
661
98
613
241
137
987
850
94
802
38
23
457
893
512
176
134
535
210
396
280
328
864
276
677
668
801
979
182
930
462
192
554
654
729
158
310
777
740
668
971
384
442
784
164
994
542
639
978
714
14
608
93
509
491
14
769
693
856
980
852
660
741
202
56
861
855
414
561
579
381
62
436
917
321
994
785
721
442
655
567
581
642
69
635
870
176
362
597
463
325
383
23
755
627
80
746
557
718
385
198
964
179
516
846
669
464
848
990
384
39
235
203
357
570
287
749
943
796
947
499
758
690
160
739
227
509
212
308
60
508
436
170
991
66
945
669
555
841
389
735
282
266
63
328
547
963
483
456
709
723
845
248
957
925
283
485
656
574
714
250
804
700
713
832
264
638
322
989
245
426
599
463
364
895
753
363
222
488
763
223
450
608
181
104
569
832
172
520
174
347
863
743
786
515
293
365
788
538
114
634
877
46
953
674
528
673
298
257
648
396
876
734
605
776
438
703
782
697
768
849
602
576
215
633
42
659
941
860
22
787
758
864
240
401
702
701
165
837
801
228
199
453
955
946
999
695
678
232
480
4
401
715
319
536
789
491
599
778
291
810
890
676
353
554
153
823
500
315
460
487
920
937
621
294
834
214
678
408
574
201
987
515
996
970
106
280
661
528
895
130
60
562
452
538
872
942
310
197
686
137
762
691
115
252
702
764
959
895
469
272
308
140
514
723
70
379
902
652
733
742
884
793
509
584
65
505
703
159
505
29
752
226
364
396
751
568
528
385
212
16
952
779
220
847
98
361
705
553
887
248
310
855
859
978
800
585
204
549
112
920
311
925
342
770
925
606
799
195
421
35
855
365
948
36
425
964
535
576
90
9
241
383
462
664
200
817
451
608
537
921
938
174
564
856
668
14
434
999
168
640
314
413
458
171
572
856
144
160
157
524
270
854
169
877
833
13
758
435
784
409
308
113
839
437
291
242
166
577
638
225
646
962
27
290
707
677
52
163
284
72
495
329
455
764
953
680
226
930
194
74
421
681
562
627
187
90
570
183
808
664
532
769
692
919
860
801
12
72
168
696
794
414
11
403
555
480
519
10
62
691
168
404
13
499
326
145
875
823
819
91
470
126
267
26
198
281
448
499
363
311
453
460
29
455
779
782
668
773
487
47
544
396
428
748
939
268
453
984
291
120
971
419
196
544
636
161
393
302
173
525
563
886
606
578
554
951
467
879
96
864
28
85
997
177
698
974
381
239
65
595
382
931
613
361
110
624
165
370
601
536
405
428
55
602
79
896
700
497
161
305
849
308
162
982
377
453
869
774
998
769
736
823
777
387
639
379
800
269
73
160
905
980
676
250
213
830
525
815
688
643
119
591
605
997
261
918
79
638
883
192
393
317
549
200
695
772
347
212
70
304
69
616
134
806
560
765
840
239
411
574
394
712
91
855
991
320
233
323
499
182
134
248
596
127
597
65
213
761
350
952
628
831
787
158
819
762
411
432
916
648
501
711
365
795
262
541
906
321
323
631
18
19
642
811
858
484
27
839
670
872
44
259
254
942
761
397
941
876
475
799
724
189
503
143
389
514
767
459
348
906
350
574
847
343
213
452
471
871
859
766
895
571
473
154
680
344
866
674
703
119
554
575
462
819
174
490
591
719
657
430
856
577
639
654
599
495
1
479
719
708
593
105
995
967
168
319
711
121
411
208
390
265
636
954
525
373
813
243
783
191
303
939
818
90
200
433
14
591
835
24
270
712
770
557
783
921
622
264
813
990
815
821
789
980
847
102
93
920
584
838
360
166
566
205
341
992
775
779
279
435
423
67
984
815
488
726
414
251
87
120
191
930
2
563
217
246
941
702
874
63
396
329
142
208
274
272
39
391
143
521
471
239
369
868
641
596
234
167
661
626
119
763
274
241
960
734
53
953
539
901
312
543
715
606
942
673
934
512
435
300
461
695
569
31
948
336
29
515
193
69
455
585
337
221
496
48
494
995
822
346
493
330
195
83
611
114
372
941
0
497
469
618
924
561
834
111
61
801
232
176
587
683
193
542
579
938
742
987
959
270
488
590
694
614
375
535
712
224
731
224
66
415
977
933
288
562
757
194
112
381
998
816
547
983
239
636
319
551
673
156
783
747
590
359
668
862
944
328
980
101
488
213
33
543
843
906
885
815
319
366
713
687
715
751
5
955
20
495
842
999
579
626
971
613
356
786
601
703
874
97
949
877
598
770
273
684
143
637
736
315
819
605
260
883
931
232
374
883
28
794
327
853
18
70
389
297
895
258
274
467
705
142
231
907
898
801
149
18
777
504
156
788
830
236
92
150
962
207
993
676
172
371
332
447
504
966
691
442
475
629
259
920
754
548
428
100
855
16
619
973
797
937
517
419
259
840
822
970
100
656
18
66
160
484
779
48
211
213
185
574
11
334
959
849
311
774
330
972
818
145
773
153
463
820
743
607
831
731
838
589
77
73
725
913
811
522
217
837
318
200
705
718
515
809
612
203
773
193
908
775
255
113
448
698
51
68
71
50
493
834
328
345
202
515
255
268
826
729
770
448
900
170
313
257
345
985
436
368
56
464
190
648
673
436
143
477
37
789
840
25
426
433
647
124
861
52
715
64
56
149
945
855
995
920
636
25
350
451
212
661
589
264
533
547
364
622
416
636
681
372
86
375
34
188
689
329
515
351
597
152
418
818
363
52
790
445
687
811
1
28
359
775
294
372
340
846
573
747
101
877
100
748
38
146
944
382
296
677
73
841
274
209
603
356
173
253
288
973
677
178
475
246
683
193
96
72
551
707
392
31
27
27
216
50
59
395
176
917
88
458
681
909
324
47
544
751
440
533
863
837
138
667
659
22
138
399
880
305
802
542
8
294
190
746
610
273
569
841
487
460
167
438
904
487
593
902
324
823
827
873
406
304
970
42
642
160
97
109
744
962
298
77
681
948
545
591
119
37
748
622
65
118
503
699
683
140
373
313
844
135
753
707
649
323
33
83
663
992
932
55
941
768
538
953
848
92
322
332
937
227
993
655
457
736
286
831
772
847
259
981
763
981
621
928
972
281
908
369
292
794
966
274
644
638
94
9
529
332
59
863
813
334
267
279
612
951
6
229
689
813
190
437
830
643
300
693
562
198
254
200
613
634
284
112
447
752
203
567
751
342
649
594
224
779
206
99
277
981
667
809
428
193
333
654
969
270
474
621
937
63
44
382
175
459
203
391
708
755
868
512
39
919
215
739
44
597
951
455
32
775
515
768
267
104
97
748
638
547
562
212
52
951
745
621
981
563
652
170
150
722
357
88
44
19
347
141
558
624
9
974
627
185
640
228
817
69
344
618
644
676
905
950
775
755
561
497
205
820
230
781
584
314
466
418
115
686
111
581
907
697
976
293
239
311
519
939
809
212
261
221
877
646
292
975
654
526
144
400
936
940
212
356
328
582
104
51
655
620
72
501
221
179
640
192
403
653
964
728
953
666
364
129
974
213
45
740
45
596
602
732
252
797
65
788
377
370
346
279
605
633
850
931
554
491
350
506
201
655
411
727
755
538
642
74
258
924
976
991
128
906
332
737
429
652
802
71
854
371
532
185
824
689
568
289
85
924
469
328
829
240
623
932
717
40
706
595
893
401
83
982
635
996
33
893
822
917
659
379
701
716
523
62
301
536
960
149
289
499
521
390
916
854
325
659
602
177
792
744
380
711
512
300
283
20
478
506
492
412
23
923
225
578
66
553
208
681
596
10
220
123
703
567
481
675
769
152
262
241
825
711
91
353
516
389
42
136
237
164
378
157
100
491
173
712
85
223
20
498
777
252
449
904
26
272
489
805
7
88
357
218
919
554
77
397
435
342
877
92
460
761
500
356
948
887
687
898
784
500
357
669
11
936
235
638
958
373
688
974
802
62
866
122
248
45
751
645
720
913
728
891
591
475
192
229
484
931
698
733
264
284
720
880
333
128
432
59
975
649
41
355
120
550
907
357
864
30
428
238
769
867
87
721
744
742
352
371
39
12
746
316
656
154
705
85
572
194
3
536
738
17
616
880
379
628
875
766
305
239
673
821
664
713
695
307
605
312
88
316
291
364
483
236
420
315
411
729
916
144
944
547
290
401
250
321
640
628
358
425
689
628
578
492
730
542
122
764
921
914
141
282
42
625
521
504
921
602
274
488
905
64
874
71
179
20
555
162
610
554
80
467
819
762
657
680
475
614
957
584
464
451
930
411
377
742
448
85
346
340
203
774
839
838
199
625
249
567
38
767
287
675
685
183
484
829
925
685
158
565
509
532
759
493
276
185
76
991
484
22
611
629
82
247
665
300
530
412
57
909
880
579
361
41
833
922
423
297
688
366
104
544
588
851
345
709
374
873
231
352
417
623
72
760
578
142
468
103
807
165
606
275
692
844
501
610
728
615
128
849
118
985
638
913
704
554
330
607
573
215
349
398
179
133
54
602
320
73
492
596
666
807
61
725
343
893
215
457
550
746
723
18
140
185
889
406
19
204
127
142
645
775
139
779
350
347
296
167
671
123
469
357
687
102
664
695
724
601
938
58
727
248
564
448
14
945
456
378
387
894
474
647
841
357
133
397
838
941
810
91
988
231
539
624
130
775
213
68
32
765
596
274
56
836
384
94
551
159
981
160
962
659
889
621
110
157
863
535
7
40
712
297
714
59
9
848
775
965
159
193
766
998
679
731
307
683
394
465
307
693
958
279
246
87
456
957
615
90
244
309
982
31
815
981
254
249
4
146
674
860
675
369
483
598
616
803
853
768
583
148
592
616
29
56
889
71
449
563
120
730
386
379
821
623
674
21
796
582
176
992
527
553
164
761
547
482
603
36
610
975
26
269
207
204
862
88
857
342
250
715
158
375
547
45
801
19
29
163
559
598
841
807
914
592
102
709
704
198
667
716
646
165
799
989
958
981
951
996
425
265
30
976
877
663
764
536
862
520
885
771
883
37
418
268
744
235
253
1
777
590
253
934
222
342
738
651
241
671
906
263
940
299
378
735
320
660
552
679
697
129
517
227
797
935
56
730
963
761
805
784
872
549
37
607
492
444
855
489
987
534
924
893
592
776
921
363
684
571
293
245
356
514
641
413
593
944
319
621
896
43
475
15
897
937
559
425
533
181
363
452
161
486
633
394
712
997
15
177
60
209
861
144
21
864
862
269
602
252
299
241
267
207
291
673
474
605
791
274
438
949
889
839
255
27
685
802
496
45
728
245
45
960
941
635
118
870
758
81
148
430
328
586
777
961
991
275
28
404
168
468
81
439
118
392
519
304
507
161
315
165
0
586
891
172
881
339
196
705
71
419
348
940
633
525
604
219
701
745
533
467
207
221
908
167
100
608
720
211
153
860
687
800
508
997
40
91
932
266
780
140
821
287
30
688
651
812
705
140
624
694
649
247
288
816
737
858
161
406
804
390
177
661
647
66
479
658
171
448
332
294
992
363
226
162
965
824
354
237
853
901
420
303
635
826
23
417
350
395
712
468
559
39
95
242
615
720
734
85
894
719
763
770
630
811
100
288
998
174
106
715
2
252
678
960
432
753
791
293
277
574
310
415
782
208
169
238
19
909
620
569
317
627
310
449
57
655
150
405
60
751
830
626
518
45
696
204
507
552
806
558
668
776
438
834
725
662
281
925
927
534
469
74
989
314
256
217
492
52
165
956
620
831
651
878
315
995
904
729
929
587
46
450
694
84
12
426
463
293
333
932
511
574
949
510
682
862
855
950
421
469
587
914
665
986
253
324
215
618
474
736
685
958
780
356
934
791
668
307
952
161
78
117
687
377
696
159
95
676
53
642
390
126
734
675
472
580
600
718
268
206
145
896
44
212
139
784
586
124
883
776
373
318
891
190
291
436
435
489
641
513
839
499
805
220
50
146
372
737
896
50
832
868
81
763
865
331
153
34
237
176
764
542
850
959
263
193
207
898
321
178
963
991
545
523
421
962
113
36
490
660
32
931
725
608
934
205
841
822
720
158
58
54
619
521
938
842
821
732
959
328
943
396
185
779
62
128
58
701
817
684
718
779
37
413
433
933
644
75
744
200
285
680
31
530
716
572
786
434
554
659
439
849
727
75
433
665
780
837
423
448
461
559
291
240
123
164
95
335
504
49
841
526
268
845
823
913
652
388
229
90
786
848
44
890
359
29
892
412
669
470
578
599
258
481
733
993
158
900
538
763
901
363
544
861
840
328
758
710
966
93
392
559
8
904
224
365
955
99
97
450
38
16
382
415
162
270
105
992
553
994
232
204
624
308
2
407
702
829
328
334
775
50
630
398
578
432
408
945
5
876
41
638
10
813
823
228
707
417
859
218
930
800
964
318
491
385
331
353
962
128
17
724
537
608
628
585
210
994
616
327
323
674
635
163
95
819
329
168
865
535
222
468
843
532
570
830
68
158
494
343
368
317
741
124
842
955
949
997
581
996
981
733
992
730
760
687
239
844
368
921
262
475
726
728
233
17
278
264
886
470
767
517
476
848
415
483
85
950
518
910
895
897
313
223
192
480
303
388
679
230
216
995
376
522
449
906
935
411
731
550
990
902
908
127
337
166
141
948
463
662
666
936
91
997
633
464
216
287
266
487
459
420
885
185
834
720
728
88
27
927
55
926
511
514
846
904
421
337
811
931
802
303
278
879
78
501
690
332
763
852
445
852
967
395
995
815
880
456
673
437
119
327
5
884
213
549
795
470
402
679
35
733
764
556
574
262
252
315
438
368
429
883
477
727
326
653
326
266
119
647
848
221
544
496
161
635
604
948
879
843
76
435
738
326
937
82
989
891
41
669
163
655
307
335
806
68
453
632
906
813
306
657
152
299
730
199
967
223
721
114
765
293
609
745
124
289
427
412
383
840
145
406
19
22
111
973
195
423
80
446
75
588
125
42
238
733
632
135
939
445
999
676
994
934
139
614
773
426
280
840
545
611
335
322
52
736
143
200
808
588
979
717
493
668
365
269
654
685
247
132
537
64
890
430
138
259
784
516
241
422
867
527
7
118
361
605
688
393
423
397
482
103
674
648
365
337
316
798
282
856
123
282
909
597
974
404
359
641
401
417
140
768
161
376
396
958
1
427
413
6
937
288
157
763
776
612
717
365
96
419
865
675
120
158
780
983
688
217
568
242
181
719
947
140
388
461
989
640
803
401
918
170
843
925
668
494
626
931
490
118
669
310
405
904
354
378
136
826
859
450
855
907
215
924
304
863
754
115
77
550
341
609
726
433
720
887
236
770
964
154
736
784
493
883
10
956
796
668
430
931
491
418
584
567
834
515
336
596
303
46
553
301
145
377
947
40
653
746
608
997
681
302
460
726
638
704
437
27
652
687
802
941
597
310
64
220
291
17
288
56
901
337
476
696
908
556
904
99
549
156
125
953
479
490
552
556
755
15
786
640
908
279
168
93
108
506
275
125
734
280
170
350
202
897
859
613
506
846
840
549
396
903
806
787
784
514
737
327
985
812
420
257
88
32
53
957
228
889
124
461
342
366
203
602
889
81
785
487
567
99
857
258
646
536
288
671
689
530
668
962
795
877
799
697
942
198
323
4
417
529
703
730
705
933
448
657
550
358
931
786
918
23
566
438
535
194
206
761
206
510
603
642
325
588
200
275
440
446
391
852
392
291
242
142
57
819
987
182
558
260
292
553
653
911
627
558
996
234
357
469
202
443
204
370
667
53
35
53
195
154
78
937
516
294
182
407
355
11
658
94
428
374
793
289
350
190
820
502
96
484
137
926
755
195
185
14
778
134
539
793
59
840
346
576
577
524
73
319
563
569
511
28
444
625
918
679
397
703
773
761
312
515
349
690
955
348
680
715
196
960
765
148
564
291
888
140
236
649
695
227
180
2
992
77
115
369
462
637
936
576
690
931
439
732
573
708
431
113
995
820
992
58
292
91
769
71
45
577
40
411
363
767
227
768
143
796
763
466
365
392
729
693
383
536
745
419
622
935
138
38
8
246
399
422
837
864
784
680
515
396
817
84
754
415
228
1
714
957
843
295
960
772
829
816
304
102
482
531
316
273
698
391
26
900
615
329
43
464
155
786
408
992
987
529
791
663
595
408
572
221
84
748
243
45
816
678
881
718
326
170
810
444
225
89
100
642
707
567
115
599
935
578
374
794
547
181
703
714
900
577
792
15
556
575
137
911
958
652
558
398
250
257
372
253
724
894
812
253
143
43
816
400
335
667
195
397
676
645
198
342
122
928
708
223
429
586
742
638
930
741
323
921
321
606
119
672
959
756
389
936
32
170
239
617
209
169
690
461
610
453
47
726
322
897
147
490
950
737
208
109
938
509
756
820
216
781
311
9
773
990
763
240
976
215
476
501
727
96
726
63
658
720
902
397
528
104
225
628
240
906
176
314
336
32
621
914
25
994
383
964
668
320
201
400
813
783
946
767
646
404
965
102
551
915
816
280
920
714
513
287
593
535
397
39
473
26
754
631
482
504
116
765
918
934
341
804
683
670
557
421
585
929
50
647
461
577
992
260
710
242
633
146
132
444
832
66
920
351
312
768
295
460
425
488
968
396
866
289
205
496
298
241
374
108
720
261
648
392
835
715
429
20
812
590
549
399
952
621
387
156
369
144
546
482
123
48
718
111
220
499
583
304
661
24
463
287
837
861
365
378
989
882
562
588
758
977
737
186
94
461
852
172
66
404
633
981
989
491
251
809
855
316
53
587
777
62
113
344
28
90
855
971
969
477
233
558
427
38
323
921
313
30
792
875
159
895
247
986
292
355
996
832
343
530
483
500
346
799
56
906
785
688
498
168
844
440
830
942
527
562
103
938
771
356
738
629
173
862
80
701
748
765
677
431
360
161
446
224
446
839
352
457
184
28
50
429
745
55
204
9
566
168
601
63
248
803
56
454
902
900
521
865
968
766
698
866
198
668
145
275
942
834
892
345
925
937
140
182
781
837
992
305
620
357
894
892
629
263
516
426
576
133
181
91
180
24
23
877
21
119
929
425
864
668
561
207
68
747
747
622
539
928
214
564
957
412
81
638
605
667
739
646
901
358
712
518
733
432
839
653
353
703
192
109
136
112
411
813
552
223
644
450
527
234
642
605
493
465
966
321
309
533
81
948
586
794
103
392
871
778
255
468
678
791
924
91
673
300
662
225
823
64
873
974
671
209
152
640
624
417
34
649
217
472
738
426
340
973
556
138
645
258
891
712
960
587
992
969
496
906
717
662
68
51
320
93
573
431
251
226
554
831
96
425
980
439
593
43
694
716
669
891
563
708
207
804
163
200
73
393
89
688
6
440
620
651
652
988
709
121
960
93
928
520
308
758
827
895
43
411
659
651
670
157
206
83
559
36
172
426
506
671
886
304
187
979
377
621
74
702
276
516
963
207
548
807
434
92
481
757
44
958
801
228
713
61
874
661
214
900
285
67
423
329
958
975
665
707
40
124
213
432
853
522
776
586
51
537
719
686
522
555
64
721
842
878
300
14
74
76
281
912
355
321
228
617
867
481
747
205
253
436
521
694
301
127
594
948
17
760
654
273
100
798
35
950
156
298
930
142
283
438
484
941
146
640
702
580
377
754
999
596
316
282
346
859
304
497
734
984
923
115
467
160
784
778
912
571
914
246
696
430
24
37
539
605
335
307
624
493
581
942
719
659
513
585
444
333
201
227
953
235
459
171
931
568
837
579
460
395
823
222
705
453
558
22
97
478
844
550
742
545
331
289
952
656
601
670
532
261
116
769
100
711
822
646
169
893
148
292
899
370
697
772
737
645
664
725
235
243
598
366
892
724
390
23
102
575
262
524
742
258
374
534
550
114
17
120
321
131
764
379
521
516
787
927
844
267
739
894
493
416
778
822
999
185
130
4
964
682
373
695
228
582
859
56
841
502
182
204
95
357
670
531
593
670
897
128
70
570
634
341
475
378
898
131
818
997
764
955
648
150
290
828
108
222
774
825
858
745
403
446
456
423
113
679
584
730
783
245
524
239
922
86
464
499
116
496
25
11
416
473
332
40
890
958
417
85
532
655
525
590
370
867
271
823
175
381
138
902
920
194
217
150
495
565
10
49
986
433
529
649
265
547
381
59
335
858
343
496
744
196
494
809
121
174
856
247
404
303
259
549
98
929
202
50
123
854
707
246
226
163
109
865
644
739
942
219
655
195
75
43
102
389
481
95
906
131
887
428
837
722
895
99
544
409
586
744
341
972
360
168
94
825
353
551
556
126
141
380
116
981
327
841
900
478
649
770
267
791
745
673
414
418
489
692
822
155
437
716
943
429
341
730
20
120
865
488
798
120
220
338
156
541
490
335
899
603
459
216
534
526
633
331
906
59
582
748
560
557
807
905
334
547
325
57
143
11
106
136
445
933
224
337
417
118
797
681
738
88
99
572
761
794
188
598
829
561
210
816
354
123
220
108
493
163
933
687
210
22
815
611
998
113
925
54
161
597
310
554
27
584
676
210
855
785
988
605
868
120
337
450
152
648
465
993
728
921
929
354
691
134
884
404
189
296
399
187
486
29
440
895
746
857
756
22
196
255
783
853
635
572
806
912
351
864
385
35
348
289
197
708
829
918
926
512
500
974
681
710
870
107
279
132
228
550
653
52
571
943
912
570
941
72
735
245
241
0
609
423
877
63
813
379
324
739
768
10
650
606
832
650
459
441
607
580
132
114
964
608
778
781
276
823
55
570
590
45
355
539
755
233
542
703
892
994
307
80
294
928
721
734
544
715
91
958
165
28
423
722
21
591
300
30
374
153
116
188
80
36
569
525
469
108
492
45
295
221
832
585
436
267
77
856
877
214
473
867
772
904
817
635
115
60
653
205
426
900
297
236
600
687
455
659
619
381
394
901
642
905
470
747
695
330
763
73
410
757
921
982
729
219
805
199
948
739
697
991
268
163
713
348
843
448
225
880
631
936
765
147
649
920
665
