81
810
999
406
166
232
472
57
529
17
239
711
697
60
601
151
978
267
318
456
654
962
15
0
151
214
250
377
817
760
15
784
996
877
202
300
239
747
561
528
352
690
280
716
648
764
928
982
995
458
342
89
637
453
807
319
616
758
241
473
794
739
29
767
364
478
313
957
253
467
762
909
796
397
486
723
669
606
143
26
34
370
948
136
611
743
770
416
961
579
119
972
203
265
487
380
228
585
23
103
780
699
951
933
194
152
333
104
267
917
612
269
380
917
988
546
556
170
26
837
373
920
872
230
217
606
336
818
512
722
289
558
88
71
476
60
430
637
177
973
736
246
482
75
469
761
833
898
884
972
165
690
561
810
432
555
590
39
252
470
222
284
371
612
636
68
150
294
291
274
245
615
783
164
741
314
584
320
72
91
295
801
271
509
24
222
122
520
447
503
335
204
664
885
233
494
566
741
888
598
597
345
758
499
36
236
178
140
841
359
30
571
56
740
850
680
791
262
611
792
592
291
158
983
298
640
454
449
169
199
326
921
169
423
57
780
154
688
972
781
581
330
508
598
661
713
428
343
833
223
79
54
6
446
284
44
73
480
856
776
889
861
549
594
923
840
967
694
463
783
135
34
936
397
121
222
145
109
624
392
3
477
722
744
939
85
382
455
736
946
985
375
602
196
31
158
270
232
663
141
542
698
920
111
749
683
727
849
24
963
659
693
536
284
583
874
477
667
214
419
468
227
318
602
240
815
51
377
887
483
811
157
339
360
794
496
137
274
220
905
414
600
639
362
949
632
132
430
694
468
930
429
472
805
730
981
639
458
10
990
673
909
33
691
834
778
681
504
343
549
954
340
711
239
866
612
982
44
995
641
355
669
61
400
553
117
403
284
675
394
234
938
657
265
539
985
687
334
401
852
828
31
286
989
640
412
328
943
990
182
257
688
81
217
932
65
171
111
683
356
272
538
270
617
922
813
965
141
974
983
447
223
59
814
163
472
435
532
619
671
441
0
153
630
402
900
186
940
537
575
271
952
515
694
770
439
129
555
557
394
19
346
606
551
537
788
598
441
229
730
185
447
804
648
273
559
236
787
555
253
560
256
843
548
574
739
474
999
225
481
837
884
906
370
146
349
225
862
420
173
626
907
797
596
835
920
27
487
777
42
563
263
867
752
514
940
870
644
363
677
175
625
282
127
439
524
383
952
104
688
494
567
126
178
60
17
721
677
516
866
743
883
711
503
158
946
449
812
327
206
136
607
158
136
424
919
486
675
698
906
186
206
123
618
685
699
688
852
515
892
848
509
217
501
946
744
582
809
492
968
101
316
341
775
859
570
419
73
11
387
806
328
57
516
422
820
348
539
167
599
68
7
722
530
730
233
968
831
903
515
999
309
701
995
831
737
338
483
582
159
602
905
423
197
76
918
762
272
437
814
701
406
665
155
527
119
936
821
469
776
228
738
750
173
873
94
33
523
806
551
446
327
632
720
314
534
253
464
204
427
117
390
260
518
861
404
716
31
470
628
966
127
698
683
300
654
998
633
975
791
651
690
191
124
855
901
66
703
976
494
336
543
849
337
746
539
557
85
970
22
688
763
990
655
620
466
231
291
841
401
646
241
998
0
21
394
164
171
731
244
131
571
161
665
227
699
706
96
332
692
952
136
889
637
505
261
159
291
961
256
804
129
752
815
51
468
956
774
203
750
137
592
511
165
637
238
425
719
480
83
775
852
73
505
543
775
516
788
639
802
574
218
365
398
707
251
325
684
583
426
601
539
177
624
122
670
958
313
237
929
593
349
257
632
200
838
517
356
546
577
694
875
972
43
318
595
123
145
313
770
283
972
472
821
414
87
528
531
497
806
749
206
48
461
407
517
98
770
15
952
719
408
227
826
509
129
245
180
122
903
90
332
284
894
22
201
964
154
436
649
194
753
827
169
577
69
141
64
851
313
409
56
711
588
368
634
374
566
972
430
926
590
652
452
558
198
525
762
48
213
931
50
892
559
589
606
497
290
982
523
558
759
71
96
599
490
601
897
507
400
497
4
138
285
845
927
772
7
466
924
517
835
992
275
76
594
765
354
811
55
830
259
425
384
213
58
170
822
971
777
960
258
478
827
363
838
14
737
379
894
594
652
647
281
720
192
662
736
673
736
867
57
186
20
118
608
79
28
356
699
426
224
872
17
561
662
227
966
670
158
648
205
183
117
258
123
678
228
838
307
676
869
373
372
470
2
818
899
681
794
258
102
489
72
817
7
141
129
976
761
159
58
236
882
927
772
507
812
407
461
200
313
729
764
966
139
685
177
240
950
943
830
343
539
901
694
757
257
957
177
878
930
885
537
70
455
325
468
949
17
758
454
287
21
294
58
969
51
939
357
758
76
501
727
239
277
457
606
208
348
967
753
199
462
421
399
752
2
996
337
220
198
232
970
584
484
622
890
578
8
958
577
622
297
335
150
758
9
761
28
776
579
614
358
649
904
98
671
279
166
610
16
397
414
9
15
695
872
356
944
477
877
743
515
749
49
689
369
105
563
715
164
535
50
806
427
623
589
385
255
887
599
618
93
379
798
404
983
800
639
566
401
527
127
996
813
367
464
543
796
19
694
784
26
906
237
107
668
790
305
150
913
196
714
607
26
378
130
949
679
823
787
327
456
235
210
865
557
999
338
246
786
752
799
663
922
501
592
984
342
664
968
412
858
362
89
631
165
6
725
785
20
399
730
203
938
5
521
265
357
539
20
584
519
684
538
425
895
868
584
459
252
819
149
631
159
652
826
869
122
412
20
156
840
389
255
870
137
762
1
129
418
133
281
666
136
716
26
709
239
435
224
271
163
602
437
132
258
31
568
549
540
847
466
609
576
837
727
580
316
461
14
221
272
570
53
816
896
651
52
37
84
957
867
448
334
618
171
655
560
871
286
682
743
563
829
612
624
107
284
937
493
162
739
584
363
942
316
183
947
118
859
349
532
95
559
338
946
182
900
507
69
839
795
114
440
860
551
99
51
370
796
697
672
749
861
502
319
580
34
49
526
607
85
386
617
141
703
337
418
834
564
549
205
933
200
88
402
39
244
903
399
199
697
880
113
971
288
444
240
682
243
396
949
572
188
679
592
762
872
897
82
770
46
200
675
259
146
720
217
39
585
950
887
806
937
666
165
199
815
573
82
962
4
514
146
640
980
401
213
420
52
62
807
499
920
801
61
262
758
102
666
225
106
36
598
91
511
955
664
142
415
542
480
592
983
929
348
16
482
412
284
517
161
692
748
488
275
51
214
882
959
142
209
431
451
780
778
930
695
191
189
642
283
91
304
874
722
147
244
927
986
811
153
154
865
976
685
909
438
283
777
378
736
556
944
695
991
459
453
158
869
314
424
65
345
95
68
723
416
702
248
737
912
802
336
207
266
756
263
430
835
628
299
924
655
132
614
132
571
485
932
780
558
440
894
246
571
367
841
710
381
852
347
514
295
414
460
895
535
317
813
472
750
259
393
562
440
202
828
371
354
820
699
648
484
686
394
325
517
438
420
624
557
763
754
671
828
603
211
847
412
575
308
86
221
931
669
992
325
682
768
78
873
455
758
606
549
998
40
19
916
912
823
356
469
733
576
483
402
844
296
188
366
782
23
5
658
545
76
20
668
24
221
875
884
344
25
737
692
77
477
251
20
803
583
240
927
920
210
666
462
54
486
175
255
231
979
735
306
361
954
121
671
89
792
918
535
819
0
559
805
79
940
929
745
728
128
838
305
407
347
256
844
124
314
575
605
468
499
402
16
286
955
434
836
815
452
49
117
469
7
554
236
97
298
138
766
341
238
299
550
101
887
954
776
363
729
462
843
330
363
225
449
356
35
60
710
335
798
330
819
130
898
526
990
845
426
825
344
726
20
811
898
0
395
179
381
438
645
874
981
262
448
577
0
696
29
299
417
13
817
836
668
405
436
537
333
481
912
738
746
375
16
562
849
979
586
479
735
578
515
893
783
970
773
309
99
430
991
434
193
390
305
20
997
482
147
653
343
439
321
377
289
434
45
915
192
178
65
411
148
274
255
115
261
612
799
137
284
257
180
998
643
108
331
621
266
647
377
287
335
532
856
491
145
830
86
332
825
337
203
306
398
539
76
666
195
958
257
593
895
686
335
860
297
820
274
859
718
29
587
995
569
533
994
531
541
653
649
207
746
780
100
680
666
73
568
236
966
502
751
201
658
632
845
565
361
3
691
642
622
650
614
917
673
69
922
301
659
483
592
696
718
518
209
769
899
575
494
86
889
486
134
702
223
379
83
272
350
747
457
406
990
162
988
625
875
191
893
974
44
981
848
333
217
373
165
650
574
729
897
844
456
932
649
315
90
93
915
280
916
242
200
212
881
472
586
610
588
553
438
592
839
407
709
456
63
436
45
950
359
572
167
490
543
530
205
349
952
855
866
632
807
394
493
583
780
17
852
293
519
533
625
353
406
596
27
87
508
551
700
441
761
884
290
435
818
182
61
735
525
856
988
309
884
497
204
492
259
24
421
150
655
753
515
853
885
792
318
779
181
378
422
464
513
964
536
973
765
107
53
21
525
42
421
611
805
273
87
253
473
722
491
824
370
480
375
278
562
64
18
107
76
473
672
934
923
544
787
986
669
708
418
403
59
385
329
781
72
672
596
992
483
835
881
361
691
997
857
218
519
928
179
474
759
953
134
351
34
214
80
327
693
87
23
581
52
154
635
529
200
744
687
537
405
78
194
955
751
942
46
61
337
75
132
259
905
988
666
463
219
143
739
47
32
879
625
176
27
552
897
249
785
215
731
826
146
831
972
51
752
118
538
897
187
86
835
3
110
663
994
395
578
625
48
999
924
632
755
375
38
16
805
626
463
488
780
457
679
683
881
789
708
929
319
836
338
652
178
510
690
182
994
486
658
448
594
756
205
157
873
327
542
470
645
935
998
398
991
681
24
277
70
740
453
475
867
873
522
786
503
991
338
973
421
484
448
7
503
264
893
884
688
466
546
645
563
654
731
239
47
135
232
738
744
870
377
79
154
540
526
595
148
484
936
201
719
209
928
683
690
159
513
608
371
534
812
769
964
729
392
750
688
245
548
270
657
669
315
427
55
450
75
396
910
711
714
876
493
458
653
711
766
239
142
877
367
455
153
743
252
437
931
975
239
905
936
348
78
814
440
834
430
446
748
168
113
813
315
267
242
138
196
320
913
698
655
199
95
567
500
259
751
494
759
918
351
710
359
665
18
52
90
776
308
596
135
276
9
762
263
667
466
998
504
66
637
237
296
698
416
540
938
352
977
640
360
582
397
985
670
200
747
909
302
793
980
664
430
476
498
865
938
510
442
120
935
24
263
60
629
186
933
393
223
787
438
998
211
517
852
21
248
46
52
675
337
169
907
551
805
666
936
87
832
689
253
182
498
886
364
667
626
979
834
330
911
631
322
445
226
574
609
230
659
934
841
811
494
820
588
268
930
213
799
272
894
625
848
715
432
913
102
429
251
945
908
500
733
665
233
753
59
525
519
144
889
420
197
449
985
366
187
995
830
135
250
72
39
640
110
724
979
493
634
903
605
480
278
210
821
980
406
502
512
118
106
456
422
406
366
376
150
764
365
505
112
628
863
483
342
228
900
828
440
445
419
925
267
124
260
368
885
357
567
8
791
357
679
257
895
14
710
350
265
64
437
833
906
402
720
844
161
783
349
591
955
341
831
259
425
754
643
83
175
887
430
74
235
38
793
783
528
936
970
885
695
143
816
447
769
690
603
521
523
527
941
137
975
34
81
620
683
708
791
373
760
727
920
113
888
269
116
486
85
545
422
802
154
741
1
239
89
906
90
84
321
134
793
303
584
568
92
438
893
255
170
917
107
40
18
569
483
671
517
131
425
580
222
288
152
694
685
142
421
982
98
897
85
666
12
316
972
170
102
507
299
935
706
732
341
663
94
694
326
782
976
513
769
494
598
381
892
311
758
271
466
569
335
910
493
502
315
308
173
685
385
680
426
833
795
256
274
536
881
107
663
983
775
740
720
667
98
723
354
586
603
270
323
640
781
605
507
869
313
931
728
916
827
40
388
895
904
171
517
38
447
245
401
494
337
249
779
798
758
967
542
380
349
736
797
774
256
163
621
85
170
934
72
764
854
577
359
718
189
348
259
277
579
872
848
959
511
435
782
243
493
469
21
378
706
232
276
664
956
316
310
145
523
488
322
88
383
525
934
27
935
164
232
210
403
720
168
983
815
910
532
399
709
89
633
190
478
570
660
897
260
468
291
805
711
589
554
253
610
265
173
432
473
425
879
953
122
320
253
544
941
374
546
30
833
694
792
117
516
978
864
902
622
30
710
125
739
506
180
694
571
593
785
75
408
718
421
869
219
950
500
199
147
168
340
67
604
249
893
644
312
941
317
634
132
688
772
316
490
298
651
928
254
248
628
598
543
359
525
203
844
540
815
145
880
791
294
395
107
886
244
181
319
870
494
370
764
804
186
832
320
33
427
231
311
355
124
767
242
81
877
246
663
815
532
784
317
47
299
769
442
281
121
718
964
153
336
538
232
54
931
516
850
371
330
997
545
471
867
488
606
415
239
587
833
339
86
865
744
861
631
537
958
773
336
490
283
386
703
709
941
36
723
996
299
605
226
593
242
709
503
407
134
5
63
949
142
83
9
641
669
660
664
609
249
608
398
724
65
222
878
575
551
616
982
140
208
418
976
765
804
316
619
198
631
79
874
465
43
780
689
426
647
432
744
586
535
988
958
466
905
456
778
141
922
207
552
752
404
582
655
550
53
367
27
619
284
386
860
538
674
162
555
834
858
869
323
435
158
125
371
542
368
549
247
195
682
781
926
332
763
542
388
911
943
505
180
721
705
49
57
141
775
153
393
867
330
552
199
902
873
697
787
838
57
47
832
996
579
398
515
20
346
581
163
236
959
631
616
763
499
944
444
589
888
5
729
931
141
796
646
655
660
587
753
5
553
724
2
653
697
942
186
420
308
527
31
794
801
269
845
351
661
828
522
623
88
625
630
701
36
77
724
403
698
150
538
423
907
911
953
897
456
904
33
88
614
632
981
45
97
310
14
560
988
392
614
798
362
442
348
668
445
120
831
909
913
303
432
303
595
85
985
308
291
841
867
365
819
453
265
448
3
720
607
530
667
184
486
591
636
980
559
86
259
80
249
698
443
185
473
691
734
409
101
348
192
117
245
165
584
849
806
240
883
909
580
272
934
640
796
462
208
211
843
286
243
705
174
62
573
58
679
254
455
583
897
370
841
23
865
61
31
224
713
0
765
906
873
424
266
981
220
630
12
562
653
159
144
279
684
884
643
604
472
84
491
483
786
805
155
133
500
433
543
350
277
837
636
362
771
565
227
34
947
163
578
463
815
903
390
23
653
752
770
636
199
177
621
218
212
422
722
81
595
502
153
136
376
658
926
299
228
947
203
459
597
74
119
132
583
681
66
924
197
551
196
446
249
809
977
790
795
900
98
48
969
430
276
809
540
228
357
927
402
566
152
196
925
375
375
670
624
385
824
898
657
213
805
910
216
280
564
438
578
697
543
277
42
662
81
398
413
143
935
379
384
866
582
834
785
309
870
984
742
891
906
749
637
5
155
239
361
922
281
315
334
465
669
38
666
683
558
497
896
293
174
811
362
379
544
32
330
321
936
608
653
243
926
626
757
700
777
487
825
475
517
691
195
665
584
861
254
247
526
816
841
957
703
947
117
589
810
515
23
254
497
224
490
980
344
332
756
205
58
104
19
247
835
729
932
636
484
295
992
503
622
358
140
609
702
406
995
788
761
989
690
401
620
677
191
916
755
728
255
21
284
382
483
178
47
1
454
599
500
568
806
880
705
88
844
589
415
233
633
508
456
116
736
725
775
170
258
830
123
872
569
751
545
527
325
744
622
16
765
222
110
412
363
452
124
233
494
214
262
744
340
945
363
51
780
583
612
469
462
670
877
186
832
496
927
789
69
5
715
696
84
580
756
222
939
785
50
421
181
256
263
983
743
256
439
207
835
802
753
400
327
545
708
777
813
651
560
941
88
549
411
64
432
110
76
955
386
10
431
400
7
110
413
89
286
491
400
771
337
299
688
672
977
585
717
546
519
477
897
515
144
693
473
513
316
175
984
247
196
562
664
943
733
37
22
92
397
871
528
851
417
365
502
977
344
67
427
863
312
890
446
971
411
759
545
465
349
163
381
974
77
215
472
685
374
848
700
738
745
176
717
27
144
661
543
943
449
219
330
862
869
316
891
41
708
968
736
443
855
440
999
92
922
875
859
502
436
388
669
568
684
235
763
472
130
879
375
725
983
653
711
171
721
610
676
240
567
404
889
283
406
511
162
748
342
812
438
414
804
148
659
25
924
994
837
293
330
942
330
449
21
301
461
680
866
6
989
725
760
56
777
13
165
15
338
83
133
461
197
842
297
101
427
995
492
762
903
926
45
214
228
229
337
791
953
635
369
860
9
444
708
414
499
678
585
321
843
117
475
362
867
813
312
722
33
600
272
144
270
567
575
204
217
861
895
104
254
751
397
489
278
40
997
907
803
17
77
540
392
214
596
750
84
691
509
288
913
909
732
254
549
189
259
500
556
279
593
666
272
433
824
601
566
223
81
300
446
147
38
858
271
761
172
263
220
321
579
306
367
662
684
578
865
763
934
553
395
77
788
250
780
892
863
367
911
955
195
347
935
854
792
39
827
115
64
536
696
706
584
277
303
846
476
878
357
253
532
528
784
404
469
197
957
68
557
384
51
521
47
54
611
24
887
672
343
296
802
397
36
922
549
420
341
355
921
736
173
520
520
108
169
384
151
381
872
581
63
679
311
932
377
367
813
549
662
808
184
836
936
178
107
677
345
660
61
839
654
82
630
695
63
722
984
141
894
272
296
299
393
73
887
282
581
12
682
551
169
356
18
787
885
211
329
640
814
465
130
535
935
434
803
414
500
669
730
654
926
728
233
235
222
897
703
253
376
96
637
212
718
920
130
232
21
796
27
710
240
774
522
342
64
754
769
985
365
18
691
681
979
779
192
408
939
52
491
578
765
870
714
143
767
95
770
16
245
945
676
227
557
7
383
634
461
608
555
541
955
756
479
392
753
955
632
39
164
365
439
837
527
732
710
476
985
693
230
863
615
950
352
956
159
513
446
853
546
775
925
645
453
712
690
727
981
494
934
242
860
825
119
482
52
373
124
40
527
943
12
65
721
543
796
356
242
168
996
604
932
378
820
365
349
969
272
340
913
854
357
631
512
579
55
628
703
524
896
598
422
265
431
265
438
360
843
503
860
991
539
715
174
775
387
26
600
868
61
265
875
345
521
306
948
696
258
72
701
855
311
698
714
910
491
869
33
349
290
665
791
563
856
661
483
81
727
311
914
740
916
116
534
769
823
229
283
508
126
298
832
289
749
9
822
939
899
727
945
298
492
47
375
583
119
560
945
684
59
584
998
582
139
239
718
532
18
982
402
546
765
486
862
110
68
317
311
355
237
564
727
843
213
836
442
216
259
350
692
43
363
489
649
814
244
638
528
413
151
376
261
526
92
568
105
561
731
484
225
283
675
327
88
301
266
660
210
649
706
828
46
660
556
247
390
919
740
791
286
208
297
504
431
925
375
339
423
48
899
2
535
950
258
574
857
922
990
811
107
143
71
406
460
146
210
581
770
637
784
236
270
816
301
592
821
83
994
268
27
830
874
689
934
953
455
539
100
31
470
118
562
461
685
255
827
57
327
455
153
110
186
234
851
123
622
646
466
123
961
655
282
799
435
815
74
551
900
427
407
697
701
992
59
976
314
52
934
829
721
274
998
555
303
901
953
916
880
5
724
697
120
192
446
31
179
407
222
669
6
497
21
706
200
662
762
803
656
753
241
882
572
705
863
794
459
353
868
487
920
170
477
83
867
170
468
194
637
822
775
687
593
19
562
599
634
690
754
371
212
98
856
716
51
264
125
783
362
569
848
384
753
712
225
506
622
442
721
844
38
262
1
400
16
723
419
597
527
90
608
668
162
723
831
935
778
115
143
213
759
138
705
139
431
691
61
884
100
380
136
929
441
205
655
548
337
958
834
526
932
793
752
217
846
239
602
559
46
335
719
73
680
256
780
796
911
103
877
85
579
940
285
365
570
831
814
976
207
216
93
872
596
996
629
382
92
867
454
504
170
799
58
270
672
143
916
471
917
353
645
544
789
966
860
988
670
598
113
8
37
301
919
893
731
46
956
808
776
91
478
926
498
127
683
457
810
402
917
416
371
236
928
114
440
357
337
227
464
184
741
455
889
408
212
627
166
147
304
483
414
571
150
214
771
547
543
85
411
519
547
539
71
412
987
319
494
774
857
332
621
616
766
489
749
366
352
716
689
183
62
586
226
671
514
730
673
984
378
199
32
296
418
708
221
981
945
785
724
853
582
796
192
771
48
795
606
675
543
606
887
431
794
962
751
242
926
895
382
137
863
755
355
250
422
455
912
844
607
31
838
14
462
735
446
363
838
697
896
707
726
139
476
798
32
782
123
489
294
737
320
10
595
251
553
184
700
296
876
684
281
883
824
76
988
177
25
190
669
454
519
466
119
945
772
64
635
370
352
216
103
77
707
80
570
614
814
424
94
619
70
457
67
849
406
412
356
303
856
792
520
775
343
395
336
43
948
241
656
332
460
322
523
165
794
38
319
142
230
524
906
188
121
728
984
774
236
722
810
419
20
899
389
831
220
395
292
533
896
470
346
837
81
277
88
918
913
456
839
823
149
937
835
400
594
156
973
790
789
234
739
891
387
141
781
507
786
462
815
98
58
962
150
756
212
131
81
181
773
803
526
550
534
619
701
969
132
17
381
908
943
824
121
505
913
457
151
502
941
496
517
464
337
609
952
755
673
329
82
172
937
193
255
159
903
533
173
20
179
691
29
316
660
319
618
90
929
12
13
541
592
716
954
442
846
344
955
486
876
539
119
560
370
440
359
669
211
989
917
198
284
127
465
388
10
20
657
683
927
112
60
28
193
431
699
340
807
626
60
858
145
444
733
294
811
724
562
181
557
389
411
233
386
512
572
669
995
515
810
422
512
627
903
933
426
709
515
314
288
811
95
218
155
394
238
720
920
839
107
306
658
946
817
778
466
850
3
533
900
80
929
225
199
464
459
359
208
274
981
488
723
111
264
795
520
767
368
988
198
791
383
385
727
31
525
622
47
466
794
696
321
655
514
254
256
548
260
732
616
674
871
201
999
139
266
881
379
664
350
845
912
15
905
773
118
26
866
479
653
875
452
393
246
347
490
43
408
42
221
640
644
248
29
83
245
226
337
439
767
328
716
790
787
468
447
899
92
45
325
99
65
937
46
597
823
105
916
411
99
294
820
696
841
961
353
657
963
88
907
401
361
821
142
445
10
528
299
166
933
741
632
828
46
912
540
127
584
973
163
513
323
268
242
568
955
329
288
312
341
378
466
868
758
721
481
676
465
305
721
275
533
462
465
144
241
373
2
636
653
810
509
915
854
937
782
523
85
564
7
914
118
947
466
740
592
673
767
721
397
739
950
613
151
891
618
457
821
91
651
528
353
358
653
620
256
624
906
774
869
165
449
140
538
631
25
860
324
257
718
583
481
824
982
489
417
994
81
661
191
598
723
709
914
243
64
239
68
605
794
220
446
378
170
282
846
578
57
353
678
813
961
130
738
454
789
546
318
493
641
175
441
667
583
802
458
502
136
658
894
900
812
122
235
445
878
176
517
801
222
342
338
0
644
189
739
376
606
21
673
305
686
506
810
517
651
881
855
747
123
704
659
490
74
859
610
434
297
482
739
87
838
640
300
327
483
678
584
251
246
774
656
858
245
836
291
536
171
158
91
917
339
149
470
962
304
99
429
47
847
804
37
96
410
170
943
750
242
208
542
865
720
328
845
659
920
408
962
488
850
422
267
666
494
661
892
880
212
944
898
158
117
923
974
504
793
825
537
721
950
23
569
704
817
167
221
401
549
834
51
122
101
653
763
100
127
364
472
993
728
700
267
589
206
921
59
980
901
648
925
363
137
639
955
843
173
745
692
72
622
373
713
673
224
286
911
624
579
718
198
104
656
171
45
14
990
315
839
279
995
44
646
801
689
884
338
423
888
911
22
548
785
255
560
769
470
118
11
377
236
823
987
785
538
986
644
341
129
246
791
342
751
128
297
151
785
402
186
703
453
487
479
137
169
843
301
174
532
560
739
125
735
43
618
217
864
972
940
584
827
556
638
267
612
641
507
481
917
965
462
919
760
717
291
362
379
85
371
45
374
425
603
502
497
294
536
346
974
390
624
657
208
530
632
532
103
411
206
27
113
897
658
483
591
972
582
996
257
457
87
857
79
412
438
601
677
468
208
882
545
156
526
805
925
685
802
268
827
81
631
728
658
194
651
464
956
9
132
979
953
243
379
367
636
533
10
970
991
57
646
421
701
569
849
64
732
103
511
8
150
223
98
725
538
516
276
409
444
103
712
291
765
847
110
73
608
482
889
892
363
265
543
589
238
977
900
406
763
886
451
787
194
826
379
654
687
523
785
970
418
91
616
8
883
665
962
477
928
341
497
845
741
432
454
328
303
113
445
810
653
140
779
601
299
982
981
183
540
139
671
759
291
360
110
365
422
469
211
190
872
538
476
823
682
130
8
593
189
253
614
73
718
623
443
334
318
318
198
236
445
697
962
189
987
971
903
895
891
111
77
489
268
846
767
847
860
627
512
901
395
288
372
191
634
146
597
927
255
502
241
936
94
711
940
527
69
264
424
34
844
627
5
608
591
508
422
744
57
80
826
774
343
847
131
776
278
112
863
127
338
84
313
520
396
410
692
714
486
706
515
746
950
125
175
946
70
529
173
704
252
331
803
498
355
509
808
216
252
287
189
482
362
49
660
208
73
262
67
984
906
581
133
914
318
425
885
56
548
849
632
753
601
905
118
588
51
71
252
642
634
930
34
804
539
187
140
284
59
368
775
239
964
342
330
511
231
612
878
335
710
343
595
416
580
735
488
529
900
608
902
403
811
812
106
930
971
350
358
543
909
314
187
290
937
24
717
421
317
616
875
76
840
751
89
297
658
303
516
860
290
293
857
103
75
419
290
7
196
870
446
6
307
970
380
206
253
89
332
744
12
82
66
330
813
558
416
431
965
710
38
177
648
249
697
34
70
858
365
727
147
581
400
181
409
722
837
646
851
986
34
868
512
486
399
614
275
448
930
920
75
505
635
260
492
513
97
767
993
717
864
271
827
466
240
408
459
727
683
534
496
81
82
852
854
593
628
771
635
584
933
734
15
546
751
450
519
496
759
363
238
279
774
770
209
911
554
995
301
310
985
778
936
946
122
989
760
125
664
861
908
834
75
750
277
175
220
166
584
91
669
274
211
686
379
372
801
520
218
489
516
889
827
326
422
192
988
379
748
520
772
728
120
396
505
548
937
410
464
492
465
221
329
456
875
397
300
361
726
898
315
743
635
838
214
511
503
144
461
274
997
428
198
424
267
599
11
955
599
569
143
17
703
203
477
641
818
64
964
102
421
344
715
353
670
328
37
192
399
397
953
141
647
134
10
426
571
122
141
544
564
854
604
751
405
145
262
816
356
947
576
926
714
567
253
651
329
754
173
486
705
460
141
497
638
947
522
649
658
374
603
872
3
607
371
348
704
450
376
754
909
330
275
141
704
83
980
72
360
394
49
828
994
928
474
218
199
37
829
666
477
298
769
76
879
399
609
764
428
11
815
99
306
1
90
448
620
687
557
373
103
98
637
846
485
910
991
44
356
722
156
256
375
392
163
227
174
209
89
681
292
319
423
375
5
620
79
658
290
264
60
222
779
520
510
400
687
113
55
83
155
669
261
622
597
684
348
263
923
971
559
793
845
506
59
921
476
447
513
823
293
665
101
343
670
319
135
486
572
350
638
562
655
953
4
243
963
755
970
742
11
136
896
320
227
489
737
918
914
367
401
243
802
686
788
684
230
955
477
661
312
297
239
358
172
508
436
560
76
288
23
290
88
612
488
552
681
264
492
690
819
326
13
955
733
949
869
728
22
759
131
272
902
205
104
347
414
305
297
595
717
624
929
935
360
610
753
471
460
658
927
633
675
201
985
802
121
687
900
0
810
945
582
564
699
854
203
365
97
819
856
935
57
303
298
723
197
736
10
608
144
660
679
295
135
244
168
396
51
395
301
896
855
244
176
347
138
233
38
343
106
400
860
769
822
256
503
440
565
225
596
815
520
369
73
151
601
307
318
661
679
666
547
708
815
188
872
787
480
50
499
167
299
323
537
339
510
471
772
987
35
665
925
929
585
878
231
406
911
187
744
914
936
955
84
791
976
797
567
640
569
492
791
591
698
416
764
219
565
473
549
96
92
36
921
801
287
71
30
136
284
150
513
822
499
824
482
111
21
891
43
884
25
115
878
236
370
706
112
244
16
34
790
507
898
414
82
171
557
646
26
345
556
641
85
254
732
461
619
630
610
994
80
293
155
276
172
697
399
231
826
955
355
477
891
383
538
459
111
147
976
714
295
773
979
409
505
708
726
751
153
784
675
750
401
686
4
283
565
324
741
642
85
955
538
271
648
298
889
751
633
342
836
421
417
263
709
456
425
286
894
137
505
451
276
859
690
587
247
203
349
815
441
959
438
352
168
731
808
638
90
374
198
855
964
987
723
236
975
180
167
183
839
808
63
937
657
541
376
865
801
745
255
599
157
954
168
822
970
86
473
991
705
52
130
266
117
241
875
720
355
975
385
188
135
616
719
288
919
448
190
715
814
32
73
48
999
623
535
530
684
763
845
67
58
605
831
884
186
91
867
191
855
679
923
536
191
780
989
386
889
104
904
925
17
805
157
101
706
810
360
839
433
855
257
308
161
589
716
776
105
204
961
804
846
70
584
175
54
512
221
891
19
513
435
708
927
867
817
83
98
751
310
585
798
821
826
31
155
497
338
42
380
792
983
308
44
26
92
205
918
778
867
329
721
928
123
883
940
367
463
999
283
826
702
972
246
298
154
88
282
971
287
998
679
381
314
235
302
917
140
447
812
731
66
782
783
967
378
742
923
861
468
538
650
639
594
197
454
89
782
347
564
512
335
545
175
732
839
477
190
773
331
352
243
481
480
263
817
603
567
377
225
560
732
515
393
434
641
879
154
503
34
107
820
84
157
670
568
467
984
493
754
333
214
748
529
104
135
688
196
608
899
705
10
532
235
116
294
768
453
686
221
632
850
334
334
100
557
969
350
950
82
145
292
104
448
463
511
51
524
877
722
883
100
288
305
158
21
715
28
699
202
415
477
919
73
526
870
826
147
655
340
288
296
619
370
132
637
190
892
223
68
233
977
230
309
453
547
706
926
666
263
536
444
445
539
728
373
592
329
707
644
635
743
366
40
816
503
300
370
284
722
951
825
433
860
958
235
321
780
867
146
605
107
211
232
524
990
848
25
175
753
868
28
729
546
155
13
699
127
403
330
989
974
368
168
793
103
112
9
18
239
245
28
682
340
505
690
168
936
939
864
928
36
471
854
197
146
836
563
698
487
407
82
710
979
446
517
957
686
990
532
739
353
677
338
747
478
844
341
982
830
676
920
592
861
506
430
572
835
605
725
551
505
875
757
58
366
939
220
305
54
598
167
336
182
575
406
21
846
657
845
761
99
728
395
961
752
55
905
393
288
345
288
487
987
827
823
189
259
782
496
272
809
378
446
774
809
678
982
828
423
61
374
53
380
186
686
719
713
308
514
784
327
932
185
86
688
67
405
971
877
377
103
167
749
824
198
280
935
831
908
340
885
522
861
799
805
887
973
512
268
923
333
509
841
755
258
951
68
807
442
89
33
864
75
474
965
890
554
946
12
885
149
505
940
142
534
2
1
610
212
822
38
434
303
349
605
457
712
704
27
891
235
682
379
120
250
301
213
710
623
912
691
613
645
630
96
795
28
850
629
392
463
446
473
300
52
659
693
364
471
315
505
667
883
922
862
77
494
147
665
575
984
239
409
874
808
96
429
431
971
35
853
68
786
364
187
108
582
68
157
125
627
301
827
923
574
366
87
242
381
633
854
920
369
586
577
961
666
427
728
748
552
818
292
59
897
484
567
560
227
426
75
178
616
130
203
7
953
297
490
667
921
547
294
119
999
949
913
733
479
546
44
328
78
290
391
496
447
393
449
467
351
11
545
295
314
725
631
123
391
255
290
638
23
741
191
383
805
837
242
579
411
283
565
29
833
439
842
408
994
912
134
424
725
202
956
647
748
891
410
699
285
852
260
396
379
107
636
420
664
333
523
279
321
760
599
305
206
246
664
967
844
245
696
557
601
20
71
335
772
16
128
339
366
661
396
187
889
752
17
961
219
897
686
340
967
742
174
783
760
450
286
608
171
932
941
821
808
68
751
410
956
272
253
792
335
797
741
151
517
793
146
876
955
277
328
478
319
920
102
242
300
887
688
975
705
457
759
252
597
630
424
13
674
335
614
204
691
688
484
67
218
514
187
264
970
822
132
274
590
988
11
88
917
201
841
513
531
487
428
254
53
710
781
315
400
376
541
156
814
18
317
716
822
679
249
489
895
535
768
788
137
708
138
452
568
885
270
402
277
643
959
831
67
801
171
673
331
320
720
756
669
672
827
382
219
619
70
787
555
420
813
71
546
293
790
146
759
766
443
733
291
433
684
786
171
665
213
474
559
35
770
329
219
37
635
267
807
828
192
218
844
809
698
159
830
499
219
542
697
400
451
622
625
180
304
773
122
21
225
619
928
605
111
869
876
126
377
762
292
156
810
138
174
203
129
369
393
546
165
595
831
615
763
786
355
898
165
643
507
174
401
919
858
890
43
981
733
701
376
965
751
96
760
367
404
517
127
497
935
701
400
671
760
680
262
181
245
317
545
0
515
858
865
539
961
997
979
638
401
704
109
712
701
203
190
821
674
604
959
194
707
929
169
581
229
902
9
754
858
626
735
721
389
484
183
131
569
267
313
826
229
610
819
864
64
843
361
8
637
346
566
137
243
426
698
537
844
686
640
134
424
85
203
656
733
480
676
826
997
408
267
447
124
920
871
737
213
298
539
172
592
45
296
425
490
404
777
79
288
426
655
260
273
161
321
250
688
643
863
164
19
87
67
727
51
285
493
446
200
797
210
245
447
897
480
831
363
706
289
451
486
216
657
305
794
364
37
523
193
791
98
934
941
974
991
424
133
877
17
859
4
327
601
23
919
872
971
54
411
434
926
305
521
923
115
593
72
16
428
839
349
275
282
60
728
159
803
76
190
468
214
997
439
702
596
871
628
416
165
403
191
46
100
853
422
304
960
46
221
786
712
170
695
128
835
417
673
103
641
273
827
327
425
984
364
300
431
167
432
60
929
778
457
883
87
811
184
617
358
159
62
974
559
17
883
492
968
34
978
962
830
266
191
769
613
615
742
6
535
284
650
856
780
262
126
348
724
568
307
981
774
966
711
679
36
302
790
866
582
106
432
11
967
426
455
470
551
127
530
120
982
490
115
969
18
131
882
215
870
662
980
333
999
839
876
898
611
742
611
198
680
582
583
176
575
759
206
138
3
115
349
278
210
494
649
194
294
822
369
702
296
434
830
382
627
215
944
683
392
77
879
588
315
729
227
467
561
180
504
186
37
360
577
939
230
266
71
823
789
259
31
270
472
168
566
869
143
266
73
46
472
480
741
529
91
624
879
529
668
628
18
985
264
209
51
828
861
451
450
604
43
197
775
835
233
389
367
45
118
803
954
223
917
585
993
224
436
862
209
685
881
485
303
307
520
867
663
997
230
758
477
990
875
816
935
288
352
75
613
939
597
942
158
161
293
830
432
982
913
840
324
853
901
746
276
533
755
185
25
194
994
229
853
664
906
145
570
667
583
679
565
186
64
944
827
649
51
985
958
741
583
721
147
547
589
855
884
378
483
656
93
855
70
798
909
934
740
324
195
510
260
230
602
774
242
109
563
203
803
776
293
971
881
806
60
460
203
312
747
110
621
668
631
287
87
531
593
293
580
292
967
350
882
770
417
171
608
848
211
539
241
213
515
404
308
347
273
780
53
921
518
453
828
904
154
351
512
754
582
80
103
838
995
22
28
944
357
773
718
926
487
268
809
198
436
842
524
579
231
726
878
54
616
924
469
416
12
459
333
693
863
483
985
197
529
940
385
917
482
273
80
706
195
364
616
245
907
995
68
810
986
240
218
387
758
686
900
377
295
127
298
634
97
530
165
830
974
242
786
731
309
698
377
625
651
957
392
536
628
898
25
117
838
532
646
636
323
231
260
263
425
14
819
76
39
474
472
44
550
853
508
64
377
669
221
190
339
908
511
978
116
899
