273
649
837
878
841
184
969
829
671
193
844
737
226
130
811
535
565
650
862
828
711
296
930
181
975
605
331
810
402
868
386
449
843
753
167
830
365
223
955
48
48
508
149
431
13
15
111
338
624
114
508
277
905
546
120
247
143
539
268
641
914
553
500
563
43
673
223
200
330
670
803
994
668
495
698
65
991
837
485
604
379
619
323
370
998
942
638
194
332
788
434
206
866
40
866
318
301
867
466
105
532
784
947
318
879
270
478
713
882
896
312
258
114
680
182
399
170
351
118
993
338
602
617
836
733
695
401
439
830
101
306
20
103
401
184
114
853
933
470
21
115
699
550
919
745
727
706
584
592
242
909
49
293
779
454
287
632
319
522
922
848
50
478
61
790
430
94
80
26
920
165
737
173
410
97
745
44
746
482
962
93
922
759
518
514
969
668
131
39
367
188
35
809
981
616
288
213
107
625
381
635
491
159
543
741
626
422
874
199
47
106
432
5
196
208
860
355
322
128
597
525
849
442
150
556
460
700
490
474
987
461
421
226
330
305
717
887
471
490
495
151
953
895
566
739
219
635
999
734
440
893
88
135
833
648
254
189
954
358
398
919
402
310
363
581
801
638
726
742
300
55
108
134
947
468
41
564
180
590
362
822
41
80
672
945
884
833
184
273
338
83
976
136
245
623
980
183
796
107
62
279
150
802
220
962
883
118
940
443
643
420
530
295
95
363
954
982
845
251
128
98
250
846
844
347
328
886
76
212
239
835
850
766
736
255
245
902
228
824
107
965
323
312
355
701
968
709
744
259
217
216
18
422
869
92
15
258
958
389
647
400
942
539
797
486
534
233
657
70
954
926
778
166
272
864
209
548
279
271
937
756
524
517
730
71
367
72
988
489
500
874
377
336
822
718
35
84
134
326
173
423
649
685
726
666
975
294
887
401
576
343
470
52
625
878
523
843
492
559
288
406
797
543
349
926
889
760
81
115
18
609
837
427
269
848
514
292
796
543
939
694
326
417
741
432
316
215
346
229
592
308
5
403
582
577
264
608
884
357
794
225
30
677
364
760
706
108
26
961
562
311
167
209
719
120
568
876
578
892
27
417
295
675
601
772
987
36
462
713
868
3
106
344
271
392
919
553
923
564
811
452
517
330
688
725
78
960
902
875
463
305
274
716
685
265
711
615
910
76
99
285
451
35
509
644
320
172
274
554
334
21
471
442
338
340
977
870
199
606
672
786
518
42
266
784
558
265
692
918
326
557
834
944
806
771
496
682
894
246
105
247
742
105
916
967
461
73
64
448
838
789
500
948
20
795
112
515
46
816
634
149
437
611
673
70
34
478
462
478
828
970
840
124
48
407
318
14
713
165
711
128
879
450
789
863
332
15
488
144
913
305
583
17
295
250
666
516
937
897
675
252
439
284
826
325
702
81
687
733
611
724
803
848
598
687
727
668
907
268
438
123
571
272
887
222
937
989
658
636
585
847
891
95
971
352
700
79
629
51
685
821
422
601
311
886
15
531
31
274
748
916
822
688
416
74
28
896
311
458
60
780
796
621
795
76
419
986
834
157
193
49
412
485
783
954
521
637
934
880
424
899
644
621
867
19
884
690
188
330
964
315
854
999
360
38
734
318
684
86
576
834
38
8
654
31
730
281
779
521
663
138
494
972
806
169
962
337
531
685
578
41
4
269
730
609
359
766
280
475
505
440
978
869
624
811
657
919
337
867
618
494
998
373
710
33
687
357
255
924
425
270
915
65
45
53
405
807
807
954
678
452
670
75
259
863
931
823
104
699
131
348
586
273
719
646
866
229
315
909
662
754
675
281
553
405
304
381
371
371
514
645
227
128
768
677
56
117
508
479
919
373
42
977
263
36
942
681
104
396
340
501
346
854
507
427
466
842
755
634
927
947
494
284
555
793
155
200
517
276
741
768
579
673
730
68
468
29
503
760
244
860
497
769
241
684
782
927
994
411
426
224
895
1
22
114
67
812
706
794
774
118
531
421
647
877
736
89
175
639
438
394
392
871
748
69
981
736
225
834
323
485
336
811
253
363
286
131
981
364
602
845
262
545
19
586
415
579
360
342
554
838
440
424
690
530
273
332
10
311
974
687
395
820
298
894
574
268
865
300
903
878
894
54
418
184
175
212
119
959
485
870
321
878
871
264
101
472
854
508
30
51
394
259
941
724
404
271
973
728
685
840
333
254
291
153
278
79
44
318
316
303
187
261
978
923
296
942
46
558
436
855
147
770
538
985
245
912
672
569
152
668
37
483
649
704
541
538
694
282
959
869
185
117
471
198
935
473
384
660
247
32
809
939
727
271
232
373
40
708
629
871
65
490
485
690
393
991
271
197
566
950
642
756
418
397
661
31
301
669
801
601
958
401
457
546
643
870
586
508
825
526
261
199
221
696
9
241
424
511
781
773
225
101
883
103
372
901
456
850
440
258
600
230
399
15
55
825
774
915
466
529
916
984
332
483
664
129
397
787
267
182
52
296
244
293
964
795
986
151
293
644
892
516
354
377
164
171
376
348
763
890
750
856
622
719
839
696
989
849
44
668
684
294
535
857
803
785
851
139
856
863
367
89
828
351
849
830
779
780
607
687
205
984
544
390
258
126
634
290
698
156
60
801
497
235
683
659
666
733
483
828
595
106
427
693
110
7
467
735
695
700
897
158
113
479
718
102
364
386
504
917
1
550
904
237
334
995
740
964
124
821
527
553
933
468
468
764
172
192
650
603
621
407
961
245
907
725
923
421
336
239
517
221
655
12
260
220
157
416
733
638
902
382
245
158
764
313
143
618
274
567
356
451
631
291
804
432
575
517
106
374
499
984
542
614
375
624
221
139
732
774
27
182
620
194
752
504
571
804
479
835
878
951
115
437
91
490
261
715
64
595
393
806
943
474
623
68
983
648
109
565
86
35
425
136
978
903
99
866
911
314
313
939
674
835
149
293
597
144
713
521
547
540
467
240
755
385
867
946
185
863
729
135
335
257
427
16
500
856
108
697
763
78
329
885
212
377
965
278
655
947
916
664
508
554
900
112
56
944
967
38
978
81
381
924
564
740
799
690
533
985
14
808
803
574
514
271
6
397
654
964
519
45
481
106
759
891
336
115
500
420
174
202
446
858
821
960
472
618
582
282
922
406
165
195
435
859
928
531
244
689
158
52
400
122
52
244
631
441
746
980
706
769
317
52
121
207
525
936
671
533
79
756
583
171
533
7
40
404
720
847
204
402
800
961
6
903
778
466
986
154
64
767
718
506
439
894
854
154
658
0
510
417
619
787
456
685
978
559
93
931
270
109
736
597
976
455
406
888
959
872
210
913
477
961
357
572
145
821
730
881
230
98
432
820
305
261
952
326
327
664
38
45
285
2
765
533
521
43
43
625
214
978
628
890
749
14
10
475
198
301
601
959
134
516
513
455
187
756
77
924
450
77
200
173
265
498
967
366
473
56
601
861
955
876
547
530
964
681
657
890
11
674
423
560
903
34
53
17
117
717
913
66
310
835
278
232
512
817
754
276
323
267
373
473
196
914
717
891
182
286
926
966
683
336
343
304
579
559
177
428
748
685
208
220
255
485
292
834
19
747
145
75
499
959
361
625
714
408
124
219
519
313
750
251
451
347
703
555
655
919
192
77
675
950
792
918
177
319
462
47
512
780
185
880
101
521
484
816
227
113
909
37
603
151
796
28
167
615
489
342
488
719
310
960
255
589
435
805
777
966
537
290
603
663
654
389
213
972
431
291
307
619
860
949
46
756
684
758
890
447
594
148
776
874
775
504
564
734
87
227
641
405
648
303
199
10
972
696
119
548
464
261
485
608
668
839
532
467
403
445
272
201
637
88
397
397
56
194
213
925
774
102
262
400
23
492
337
671
398
996
687
854
105
324
54
694
939
903
33
632
604
644
646
719
888
664
129
266
36
577
478
646
948
377
92
228
226
635
669
636
426
717
361
901
401
929
698
823
491
954
346
959
819
160
200
447
45
783
794
792
31
834
172
532
615
768
775
596
846
793
149
171
466
15
193
662
329
35
987
496
657
34
585
749
148
28
969
219
121
122
691
929
454
321
475
229
361
279
67
509
174
1
664
897
731
686
739
379
527
820
952
965
800
13
523
318
556
725
158
968
296
107
871
105
836
970
974
267
711
219
285
546
519
384
384
866
56
799
979
467
294
345
635
538
310
62
124
765
950
239
978
218
997
480
644
636
373
664
258
20
565
774
735
920
915
946
601
402
271
165
101
328
90
445
528
515
109
17
865
246
686
198
762
253
181
828
557
887
718
640
714
714
295
254
438
946
528
834
576
413
210
515
790
822
712
637
900
340
866
258
364
926
913
509
761
205
725
106
685
502
825
285
419
186
408
533
127
700
41
229
337
351
222
463
136
785
267
781
107
272
737
174
802
320
170
817
996
166
254
80
34
419
740
780
864
808
53
705
124
331
683
703
847
164
967
588
408
358
999
697
672
629
438
567
184
560
997
117
254
147
319
154
479
925
803
489
902
24
778
46
858
610
704
667
126
319
464
887
794
961
208
780
367
837
740
875
144
219
686
134
436
434
179
898
64
997
144
375
768
670
555
534
422
606
790
366
795
638
975
290
651
133
19
794
638
878
128
509
16
588
154
856
105
837
229
902
304
105
721
339
603
534
356
990
890
962
161
883
570
251
294
843
317
614
243
737
262
778
862
417
266
224
844
998
330
866
810
312
325
77
281
113
179
292
456
707
692
114
67
936
70
148
362
5
494
640
388
747
661
326
922
179
956
594
48
54
27
923
998
366
634
932
517
597
475
332
348
400
606
691
282
975
692
771
102
851
944
592
579
981
199
526
583
95
920
103
186
673
703
477
20
3
155
386
743
122
223
953
508
417
998
48
161
76
439
389
576
812
888
42
747
882
719
342
355
330
620
754
519
454
594
668
418
651
548
963
877
732
892
753
180
858
271
974
981
492
116
462
434
945
595
505
144
471
490
186
600
398
659
191
282
943
961
476
658
691
361
244
235
97
286
438
831
135
20
176
624
43
182
594
433
463
603
1
886
568
211
214
339
545
728
139
16
233
16
625
73
493
246
793
923
451
640
237
402
428
115
826
600
821
914
837
321
387
630
671
58
256
655
846
103
278
169
457
851
703
418
511
138
143
655
501
763
862
334
218
745
6
7
297
761
621
987
651
133
791
31
382
199
4
314
501
250
89
249
765
345
942
755
458
611
787
824
852
502
360
46
961
96
495
675
488
405
96
958
143
571
305
889
914
649
896
455
561
918
927
171
52
325
2
129
590
582
503
773
435
448
379
921
198
331
373
157
980
978
745
519
319
781
972
146
320
333
519
466
188
632
666
693
426
580
646
181
142
520
254
779
949
806
779
141
397
125
755
760
848
851
110
297
678
984
236
572
211
749
502
256
140
419
816
522
553
561
639
886
392
341
69
788
54
131
774
502
722
675
405
456
600
109
856
488
991
576
942
381
688
56
705
660
915
109
35
382
615
576
505
717
318
817
198
845
955
435
886
735
417
193
936
905
649
954
886
681
191
704
932
272
434
591
579
243
710
848
889
397
632
109
791
585
773
847
495
810
879
707
119
853
846
203
390
470
550
936
754
400
322
805
244
225
342
200
425
937
657
209
949
787
431
109
566
555
961
644
882
384
759
190
694
579
732
92
909
165
204
627
281
712
493
371
377
620
230
869
942
721
920
996
891
460
936
219
842
338
902
668
693
73
878
968
751
806
817
858
536
121
398
989
422
93
762
918
623
212
169
589
720
256
727
157
648
747
672
571
46
744
912
603
931
986
889
13
382
378
63
175
587
102
961
980
326
949
30
242
418
383
352
169
385
737
386
695
438
926
418
873
423
721
475
180
568
752
851
298
166
10
171
608
90
248
88
651
357
961
228
986
342
944
698
159
157
521
333
224
267
401
379
170
480
18
19
413
121
445
528
554
36
482
161
720
265
99
95
782
599
176
906
571
663
107
304
258
713
563
419
330
2
966
854
969
367
358
196
912
440
927
357
153
756
23
93
749
76
203
699
18
623
75
595
953
658
68
728
822
97
572
754
585
807
626
943
266
534
10
250
305
603
832
373
987
561
261
211
697
288
413
607
882
145
337
106
448
938
271
141
872
1
791
836
259
566
713
235
234
385
346
56
870
901
342
924
173
640
959
983
529
128
3
991
890
299
523
245
628
850
8
116
595
276
385
727
962
715
335
173
692
677
17
547
442
282
235
823
50
548
785
213
192
215
778
384
599
327
624
222
816
945
107
648
947
39
397
29
339
547
776
170
116
86
364
344
120
62
21
42
190
874
456
937
36
43
278
989
803
10
362
491
345
688
772
582
397
837
536
91
594
440
504
693
502
472
326
529
605
805
830
255
334
6
616
206
407
368
227
475
916
215
997
150
427
12
695
313
875
467
309
837
931
808
908
154
639
830
163
43
44
643
908
357
517
164
36
898
646
560
366
533
494
11
774
196
546
874
968
261
411
501
337
703
946
374
638
366
234
477
457
162
795
765
218
445
607
111
961
351
205
168
521
272
51
666
40
105
577
820
84
679
969
463
536
501
650
406
387
389
523
624
321
778
932
342
771
677
721
427
362
258
680
29
489
911
161
23
256
369
909
632
973
338
191
420
661
203
24
988
624
225
423
540
666
935
916
866
541
720
821
54
44
808
338
106
139
70
467
487
250
792
106
969
728
795
75
873
20
300
88
245
871
280
344
749
493
277
471
37
851
755
201
802
714
835
432
11
153
122
998
902
193
17
460
795
529
885
304
57
306
510
501
307
669
422
445
111
713
415
969
3
240
801
257
676
89
640
710
660
592
318
269
687
529
538
847
346
85
740
627
841
595
387
93
532
599
326
943
589
640
139
213
800
50
111
31
31
76
347
600
73
613
983
332
759
920
509
766
395
94
205
22
389
762
65
154
107
687
388
748
476
542
188
433
553
292
776
817
784
752
336
890
87
890
296
151
170
895
288
390
648
465
251
783
472
308
306
369
316
771
605
815
967
456
645
839
464
2
992
410
939
137
514
191
320
149
325
387
235
476
309
979
687
851
555
626
495
172
739
565
27
997
500
628
659
817
587
875
627
896
172
887
555
690
775
196
114
264
3
802
511
147
266
177
443
806
72
953
518
790
240
284
764
171
373
175
860
478
122
795
509
434
24
330
997
495
418
69
312
601
165
139
313
791
457
563
920
992
366
674
288
792
365
336
484
351
709
933
597
835
575
161
834
780
406
561
141
517
574
926
958
627
312
439
719
749
143
382
106
811
402
56
330
579
414
478
877
535
87
993
611
987
44
795
511
170
636
152
566
544
656
394
360
873
191
12
362
16
128
694
422
501
679
840
984
78
63
314
605
350
256
607
338
178
534
290
766
120
30
217
190
795
933
78
195
713
214
437
241
325
232
127
358
136
778
628
261
251
108
16
239
127
523
876
766
637
216
869
445
506
247
498
398
794
999
695
737
238
938
206
366
424
402
925
304
554
302
650
894
614
944
683
431
288
605
387
154
864
616
319
935
668
3
326
924
570
507
54
544
603
614
524
958
67
68
891
79
597
343
854
847
156
345
464
906
452
273
520
458
430
409
395
720
146
158
361
404
991
13
74
739
70
567
161
957
677
481
110
23
295
418
794
835
376
25
611
618
863
683
296
620
764
126
134
620
144
766
200
194
780
673
797
270
914
400
52
902
352
836
546
316
51
851
140
439
847
974
704
389
300
392
829
370
629
309
972
247
755
676
414
169
558
187
516
13
683
213
822
358
200
91
843
202
300
812
95
391
133
346
163
757
81
755
333
792
222
40
904
93
541
334
927
22
672
222
723
492
677
3
717
480
674
72
652
982
368
515
495
398
933
882
759
960
825
665
540
52
202
620
680
651
659
367
936
949
887
32
510
208
771
125
868
945
570
472
147
75
770
412
585
793
291
2
585
665
144
669
148
872
470
806
270
348
393
604
996
185
734
619
393
763
707
0
543
317
91
319
962
980
734
138
704
12
324
958
965
460
634
483
107
0
805
368
375
923
932
56
711
823
962
733
287
419
832
359
154
719
466
609
254
831
984
281
656
362
364
906
231
822
179
72
380
201
196
743
263
326
854
863
645
939
887
352
557
795
14
847
834
61
682
306
834
431
147
430
990
512
918
18
626
537
223
287
916
399
919
647
473
993
268
966
427
648
63
834
919
719
137
627
122
40
831
446
364
833
261
44
13
561
399
234
427
779
58
20
30
998
305
371
82
942
843
977
428
715
641
69
8
915
637
711
631
991
463
17
622
215
657
15
721
411
722
405
62
519
544
212
286
185
134
753
775
314
245
186
44
495
87
246
270
372
918
520
411
220
3
534
541
487
243
700
646
320
916
305
223
537
845
723
272
637
547
876
897
778
240
720
31
82
61
865
747
380
641
865
892
652
26
859
613
187
279
231
137
100
304
392
90
181
77
412
800
150
876
631
15
913
670
932
18
781
904
522
788
537
168
590
741
730
397
835
409
281
25
818
204
796
107
319
730
71
788
731
187
207
460
776
627
227
565
140
608
855
156
780
117
894
664
508
427
43
275
97
534
436
349
4
342
716
152
843
892
852
759
877
604
885
271
953
627
796
367
947
901
474
860
981
521
71
405
638
57
731
462
130
169
192
559
286
256
288
60
6
748
182
408
101
216
859
930
695
681
128
50
718
126
291
253
320
389
40
147
633
787
965
186
602
971
674
731
126
96
803
595
197
326
539
988
879
794
471
881
798
353
172
1
184
334
749
418
216
677
293
247
320
581
398
484
357
59
188
374
623
425
874
727
476
173
902
791
56
6
2
143
