735
316
938
994
456
81
614
122
887
115
87
519
136
303
18
259
309
555
217
528
402
178
403
986
524
740
81
271
30
753
936
611
946
78
600
937
913
96
888
187
79
86
971
602
246
827
931
1
245
840
848
748
820
264
165
486
263
445
576
584
893
785
300
429
819
439
845
490
994
335
999
571
258
432
131
993
377
767
926
743
733
902
680
436
601
985
886
987
975
225
829
957
723
643
60
544
447
811
396
393
704
306
7
686
652
662
578
246
767
240
968
785
233
17
508
172
973
822
186
660
608
595
907
364
444
596
428
706
345
742
34
227
103
219
524
903
314
389
452
927
738
282
379
211
317
237
224
904
27
78
309
454
543
919
535
608
101
919
287
797
924
156
250
403
146
569
553
979
246
599
326
943
166
280
604
368
741
750
617
133
585
938
475
13
246
209
940
525
882
505
627
5
502
161
880
645
686
502
268
110
462
866
467
531
864
142
575
421
838
928
410
438
256
913
567
549
531
621
646
208
551
341
234
640
707
681
17
374
862
542
495
779
69
624
663
470
60
25
384
350
811
960
847
343
167
868
311
842
881
439
186
260
423
168
330
344
181
656
472
449
968
871
960
832
935
575
231
724
486
725
27
375
592
464
389
580
928
618
781
711
548
347
459
149
215
133
533
667
41
659
762
410
349
130
657
279
976
25
471
185
633
813
283
236
601
285
488
930
935
797
166
153
960
189
493
816
82
329
456
674
812
596
474
429
716
261
559
37
780
836
601
434
730
382
726
840
826
323
178
572
962
825
47
540
841
481
613
23
421
495
55
276
281
312
492
111
903
212
935
286
95
474
964
489
996
995
566
824
399
302
754
198
491
347
738
651
404
484
711
800
380
788
494
236
428
923
733
891
211
154
755
37
62
265
121
157
228
193
225
368
493
411
897
157
814
214
692
716
844
600
573
143
611
956
457
893
865
626
976
749
388
100
368
696
660
988
454
135
518
499
441
683
710
228
253
188
817
655
777
169
20
282
910
398
253
450
100
876
276
311
82
114
237
965
961
289
85
487
950
133
965
38
867
55
856
694
161
655
462
930
148
943
626
502
243
211
991
594
338
277
329
415
894
837
339
738
180
397
157
277
22
506
471
949
979
606
142
550
418
611
137
410
355
714
946
432
282
905
692
873
1
115
165
39
120
842
873
630
996
639
656
348
633
378
501
821
45
269
420
166
851
2
536
723
89
565
214
157
383
317
641
275
555
860
411
17
717
365
964
390
324
973
634
127
100
810
14
457
949
664
910
204
793
586
93
451
817
486
995
367
428
473
778
331
590
346
198
195
729
867
720
765
602
193
600
642
202
333
756
70
663
50
657
10
735
351
76
827
417
519
326
907
992
75
642
342
796
994
580
479
502
15
16
256
400
136
732
33
967
535
372
567
855
489
664
494
49
459
419
633
923
749
874
710
780
63
734
647
482
480
889
563
490
805
457
723
4
494
436
664
64
420
1
689
809
607
518
682
948
820
900
809
988
531
811
650
902
447
410
379
884
703
735
369
241
457
967
689
728
142
403
347
569
57
456
872
704
393
753
276
43
5
243
958
273
23
405
317
122
417
601
429
638
508
123
407
622
448
190
38
201
158
365
53
340
817
469
679
450
186
932
958
203
387
877
453
20
251
564
105
986
464
536
434
772
755
90
607
125
149
409
335
331
456
471
388
127
680
403
482
873
344
883
518
655
312
646
553
922
76
564
4
133
489
59
621
210
736
455
479
571
717
52
200
642
529
587
716
870
947
575
710
578
805
491
431
91
458
666
71
278
806
730
872
924
814
709
139
612
647
806
986
723
402
997
828
594
396
583
823
787
364
21
823
641
390
910
900
20
333
484
979
390
941
832
3
677
237
515
375
21
811
891
331
122
186
806
624
158
951
942
354
373
314
592
728
731
535
474
843
413
123
977
39
485
276
852
880
292
394
729
982
35
145
2
880
418
0
140
807
12
220
539
537
405
942
261
518
530
867
666
199
251
826
716
386
343
488
809
274
636
639
274
372
296
133
952
148
226
513
378
597
703
784
517
808
633
526
456
996
658
816
306
652
65
773
723
582
159
725
956
967
745
770
547
732
50
99
855
299
468
208
653
672
786
295
69
899
365
725
492
415
417
408
582
526
436
89
759
55
530
271
335
434
960
198
984
458
723
767
45
177
468
137
41
137
458
853
464
62
188
359
910
522
322
864
162
536
430
360
407
946
605
385
55
102
284
559
812
995
384
100
197
305
558
96
977
191
340
949
35
462
546
784
34
354
57
564
987
312
238
72
693
915
242
457
929
297
977
186
332
259
893
559
995
849
831
234
962
995
458
748
968
757
684
493
787
986
737
511
547
249
853
549
614
901
286
273
176
790
372
658
732
765
262
228
83
412
987
137
359
428
681
638
389
40
613
849
958
551
960
638
904
895
721
233
677
661
365
661
144
873
681
275
727
933
895
639
889
278
692
948
670
452
109
287
53
428
337
513
86
284
144
437
77
782
854
554
55
142
227
603
37
926
266
850
794
800
980
539
514
715
153
300
601
471
858
802
445
947
157
999
912
654
790
488
230
674
71
587
40
804
772
358
771
80
501
713
760
610
281
765
841
551
947
351
372
794
748
397
671
786
821
761
264
281
30
427
232
503
368
656
940
261
620
417
486
861
958
567
455
406
153
521
177
462
560
168
5
537
142
266
112
838
163
34
634
656
668
585
357
353
998
326
926
562
910
769
75
976
424
725
713
617
834
539
600
52
996
371
949
231
286
806
925
137
950
871
601
231
124
239
962
796
492
680
194
978
400
281
125
493
439
912
34
878
6
815
698
70
377
621
299
224
255
620
297
825
31
163
946
955
498
233
60
149
878
698
502
134
844
215
176
648
232
101
895
794
363
224
497
990
934
169
449
897
236
290
800
536
932
442
312
360
186
339
214
670
601
273
68
285
272
741
152
205
414
952
524
161
963
251
554
513
668
611
820
742
778
42
606
204
48
24
153
209
96
161
468
388
41
151
377
361
134
184
697
504
910
595
629
253
291
652
930
539
713
183
552
594
534
241
447
920
48
986
982
403
583
478
170
571
272
154
768
206
515
788
519
782
979
964
421
877
703
991
508
464
129
130
848
393
858
963
976
631
759
610
510
625
637
967
717
599
429
38
38
177
755
93
31
753
897
926
761
51
219
55
76
789
919
447
593
25
795
499
739
255
314
247
315
63
964
416
191
173
465
685
535
469
890
190
659
766
29
149
596
995
467
33
934
860
847
514
318
571
85
599
798
379
908
522
442
171
609
429
982
639
10
525
150
151
396
588
217
865
74
294
171
290
507
442
614
114
989
696
148
302
908
633
492
86
281
617
686
382
193
217
181
66
27
585
920
627
509
843
700
958
948
708
362
148
510
939
832
268
159
123
39
771
779
502
425
798
166
599
188
751
790
177
776
195
913
294
409
116
553
431
328
474
840
971
356
212
194
715
553
300
526
561
291
657
408
705
785
158
990
168
312
367
901
849
811
964
351
271
868
310
971
812
482
951
546
183
110
766
417
108
636
928
176
286
819
410
590
968
176
234
718
761
606
349
74
533
450
147
714
808
662
119
297
677
116
770
629
693
924
63
113
523
132
386
392
213
940
826
64
325
955
541
833
357
385
483
305
64
305
626
701
749
578
288
5
263
484
688
621
200
610
171
380
324
39
592
635
689
265
14
411
5
261
717
811
112
469
565
869
304
613
599
748
539
702
935
309
86
276
171
398
260
539
181
391
795
177
964
140
17
703
345
612
236
201
29
737
878
64
808
284
951
137
828
452
540
468
80
539
38
426
584
726
38
819
994
390
324
988
332
783
206
34
272
701
325
605
113
110
308
916
640
457
794
457
7
576
823
448
198
116
314
329
540
86
161
648
517
629
818
117
146
641
358
293
887
867
598
701
85
799
493
438
112
911
860
41
170
781
45
95
838
108
296
726
265
852
305
900
979
400
346
385
724
166
516
805
233
922
81
419
581
775
133
865
868
555
483
405
683
62
740
621
83
487
666
3
85
219
402
251
359
227
952
875
148
280
716
246
898
342
699
684
469
346
705
394
665
114
729
593
573
135
527
950
546
401
724
806
506
720
169
371
342
930
935
495
368
926
643
355
639
443
31
29
897
989
339
637
395
862
451
914
915
717
666
749
911
662
52
177
998
134
905
454
332
848
829
705
675
169
828
569
764
477
763
729
309
452
466
645
957
380
125
587
499
155
418
15
781
250
308
490
740
697
966
832
987
755
724
477
545
471
163
356
308
399
809
324
742
217
807
199
508
792
587
591
776
606
217
15
8
920
274
612
583
878
213
111
826
165
649
960
917
515
421
823
508
79
430
714
198
706
384
127
331
190
744
188
38
209
773
971
213
590
951
435
581
96
312
949
43
44
944
780
669
602
212
679
527
415
262
527
546
907
448
960
551
138
889
878
529
513
626
92
135
822
42
660
425
196
301
798
698
794
740
703
284
551
310
408
538
141
501
879
198
967
843
607
411
303
986
143
244
544
811
473
715
685
182
697
454
733
424
752
364
164
443
980
718
999
871
613
72
347
542
295
958
810
301
191
100
987
503
932
261
77
564
812
525
64
198
704
874
608
228
341
709
622
495
295
815
189
961
59
470
694
478
666
359
9
387
206
437
312
331
106
47
945
721
106
984
857
247
43
592
48
460
393
376
348
373
108
859
581
642
46
319
178
161
780
107
679
856
942
403
612
491
548
358
675
342
878
537
597
557
864
860
513
55
601
450
810
48
591
30
68
997
665
752
99
547
241
487
688
721
123
345
49
628
374
118
116
792
317
59
936
643
938
594
432
670
329
214
28
382
317
700
5
71
505
789
533
127
197
0
297
24
338
268
157
639
860
827
786
858
603
58
846
247
262
846
208
271
597
312
54
337
593
929
37
107
586
313
540
291
164
712
829
971
39
687
370
51
930
305
752
105
196
292
818
387
734
196
525
261
896
390
267
422
30
801
663
693
519
136
452
713
67
261
705
285
974
87
997
866
732
76
107
319
259
746
706
436
432
408
404
356
943
833
353
657
578
960
79
505
589
7
24
86
852
561
504
403
370
888
794
570
463
272
806
362
44
875
41
14
126
950
72
17
557
352
626
117
785
338
706
363
480
170
78
413
253
298
815
488
144
605
13
149
998
178
334
125
525
600
698
140
878
426
774
911
608
596
803
896
525
491
211
128
163
332
704
756
249
698
745
856
731
931
593
23
885
108
437
877
520
984
506
380
283
224
745
642
121
732
473
748
203
199
759
259
123
665
907
245
732
975
346
815
184
5
420
998
256
467
746
901
722
381
678
128
258
132
942
807
887
642
542
214
416
659
993
625
107
918
164
85
874
347
759
98
131
551
777
764
171
491
343
817
734
891
592
837
661
58
120
960
812
378
911
497
311
473
117
917
976
911
5
880
104
548
323
467
408
559
867
374
106
576
224
309
489
951
165
198
105
478
611
731
109
953
304
803
188
70
896
963
726
255
99
297
24
685
355
977
258
638
296
968
58
831
585
70
327
284
753
505
11
284
324
676
901
778
381
206
739
606
101
703
313
643
722
413
888
809
186
101
206
594
738
230
309
322
711
967
27
223
992
320
550
360
974
573
713
986
953
95
104
662
289
301
356
358
190
689
235
86
332
949
87
655
94
987
649
198
806
964
282
92
342
624
430
911
542
748
957
509
650
794
159
184
615
738
772
765
738
974
861
255
814
924
754
208
776
540
249
800
592
673
768
86
46
29
863
107
311
492
669
630
163
995
397
634
332
425
212
75
604
99
418
159
195
758
755
274
12
893
49
642
523
307
176
34
798
354
781
361
133
34
356
650
647
189
965
910
26
895
377
221
311
483
527
108
56
832
109
465
566
546
917
450
739
909
735
355
337
389
293
285
685
312
263
20
116
205
946
241
136
86
615
823
694
553
742
761
256
789
638
512
194
63
90
354
115
987
929
677
938
896
273
148
74
484
409
296
276
631
986
504
255
188
154
19
839
562
573
498
335
161
919
635
980
439
146
88
415
130
281
637
782
920
495
960
313
290
271
212
364
47
857
446
782
372
493
176
972
610
943
147
170
568
399
535
463
135
83
102
996
725
116
407
674
872
58
471
437
908
589
801
368
16
833
806
182
899
556
800
234
532
872
64
652
55
48
815
833
779
288
978
445
848
437
166
640
30
246
971
378
272
54
174
4
608
959
526
709
60
893
615
981
238
788
517
330
353
894
88
668
423
485
166
831
959
250
655
125
516
335
770
5
753
183
164
380
81
952
608
150
843
210
570
961
554
167
366
15
394
223
102
454
118
990
800
941
695
420
373
765
823
234
126
985
884
956
690
60
271
863
666
854
268
608
405
210
525
454
47
111
343
45
364
529
397
64
707
131
427
914
397
460
987
721
557
43
931
456
41
168
272
680
879
904
20
626
803
636
682
491
908
263
282
76
623
570
480
925
546
350
383
398
251
622
3
410
897
390
916
928
472
835
863
983
986
217
990
805
513
267
543
164
553
498
850
210
250
453
627
91
227
290
408
925
858
534
381
528
680
326
131
368
73
507
999
480
121
28
358
5
402
538
246
28
722
677
208
265
537
350
570
741
961
305
649
987
214
370
451
551
789
536
42
347
592
770
293
712
655
173
752
293
907
135
124
151
995
507
42
997
434
209
88
983
952
761
350
643
180
316
114
11
795
440
223
262
658
46
492
577
720
241
129
186
807
740
133
705
921
329
3
444
302
762
370
741
315
198
923
82
823
290
118
728
912
408
381
573
419
265
474
681
96
867
844
160
707
471
900
63
726
873
823
408
772
621
868
723
576
867
477
491
716
886
162
531
695
574
992
763
758
648
769
259
770
367
334
218
658
386
471
939
751
162
826
453
845
845
826
590
914
500
863
475
823
157
611
862
475
390
277
885
167
471
198
755
220
50
745
973
897
922
960
747
408
413
217
760
920
712
359
328
173
797
885
614
707
91
325
103
602
707
719
286
547
874
613
93
65
864
827
189
259
347
260
994
326
521
303
469
599
488
321
351
213
572
140
679
445
84
972
201
887
497
98
164
718
181
522
709
925
891
415
189
765
361
711
188
851
591
961
72
174
875
546
334
302
946
790
108
152
780
940
256
86
981
787
409
747
444
880
704
932
258
530
322
826
88
172
549
556
53
977
828
850
635
887
369
980
749
849
254
569
367
840
48
67
154
188
409
47
147
173
161
330
398
366
935
735
732
305
113
342
534
173
454
630
949
851
844
203
792
337
908
19
113
909
702
474
540
684
961
693
893
547
755
507
797
545
578
368
33
952
997
947
711
976
482
655
773
452
244
943
624
480
456
202
670
295
884
671
64
196
541
754
200
54
716
155
107
71
837
872
402
85
459
9
595
367
723
497
751
68
547
84
296
372
847
236
489
2
608
238
554
841
169
193
270
132
664
990
770
730
220
811
253
502
425
466
535
349
758
311
727
872
663
590
69
89
148
115
120
906
453
987
292
792
392
431
284
535
321
897
865
152
620
702
780
781
746
684
486
238
158
781
385
323
883
378
369
433
308
427
629
298
855
642
869
165
567
183
207
980
700
94
681
932
57
413
181
296
34
457
884
142
696
441
672
763
779
530
635
442
571
137
485
335
410
631
830
178
793
14
161
775
750
618
48
379
231
491
602
481
126
87
606
666
752
76
2
482
883
907
37
751
924
24
213
69
131
246
101
933
667
647
791
508
530
881
634
199
425
357
952
804
112
337
879
916
818
700
642
949
456
113
51
132
372
733
95
32
940
563
93
329
225
215
965
134
260
248
634
566
796
534
315
703
174
162
467
219
89
421
179
696
220
25
785
950
887
587
656
403
11
730
579
618
703
802
223
11
488
929
444
844
195
339
647
620
458
32
567
352
450
930
178
527
357
325
796
728
664
15
836
195
931
16
906
325
192
867
976
733
722
601
477
211
676
607
896
144
466
142
383
329
360
320
203
221
462
898
256
582
284
333
814
796
824
223
143
501
817
838
750
329
294
397
848
9
696
583
866
63
241
799
598
641
616
386
203
79
595
285
775
172
119
192
548
346
6
628
989
774
45
64
412
682
689
207
561
161
198
790
464
221
956
649
880
972
182
613
332
145
56
176
7
111
532
685
177
65
721
3
728
364
577
989
853
534
806
68
29
671
488
65
88
181
357
895
97
511
485
124
955
975
417
905
716
410
144
463
144
172
285
201
5
964
425
392
366
415
760
801
159
368
531
387
812
45
257
293
454
725
730
484
195
437
706
394
737
809
183
218
615
56
903
248
583
401
752
94
764
178
901
488
708
439
162
649
778
479
941
215
579
146
137
353
682
702
848
569
426
905
28
180
288
217
186
709
579
463
19
890
785
794
769
567
143
144
354
630
844
847
556
1
755
914
381
454
531
735
478
168
924
269
884
798
584
35
162
965
324
859
238
433
10
989
174
233
253
560
999
727
215
851
18
383
290
738
484
287
297
692
848
373
906
201
66
31
284
553
707
938
815
40
124
750
467
325
617
273
432
386
796
368
95
669
419
29
677
797
671
153
170
337
754
482
225
178
364
696
350
976
745
914
382
586
714
174
872
351
119
221
127
306
423
940
424
971
187
975
647
175
213
680
0
129
16
813
76
98
236
24
283
644
760
151
896
493
580
572
677
679
459
927
427
300
281
648
238
662
583
473
612
589
816
903
592
457
814
241
831
655
214
88
174
369
21
663
886
502
453
381
398
585
761
53
235
509
945
343
237
861
985
431
409
529
940
906
111
949
393
961
583
908
959
735
589
899
227
364
22
808
506
68
566
136
133
34
928
103
993
229
369
659
535
805
17
466
143
311
983
633
915
251
448
798
51
871
555
685
110
388
932
559
687
990
683
489
779
314
248
713
557
191
990
107
564
399
937
809
219
967
165
529
930
738
892
696
494
876
452
596
866
898
483
48
359
199
607
880
336
944
94
36
899
289
799
242
716
913
892
476
84
264
365
624
97
490
881
950
419
867
643
412
427
993
527
149
999
881
712
505
438
970
367
590
629
342
410
140
115
583
190
678
512
638
570
747
116
390
211
708
223
720
541
729
85
951
877
277
899
107
952
968
883
715
190
474
743
219
817
196
446
701
116
603
840
468
834
174
384
852
85
311
477
118
359
294
140
903
560
537
870
439
812
24
650
855
176
268
231
211
545
144
727
448
514
327
843
111
824
317
623
703
515
794
514
785
811
345
845
853
956
799
365
378
520
558
647
394
720
417
783
987
950
50
596
714
514
911
139
259
815
203
415
763
274
793
786
22
582
188
243
244
158
89
188
151
376
134
782
240
578
220
915
999
421
999
688
296
810
78
485
970
453
854
755
4
597
953
249
145
612
268
490
50
969
846
974
442
56
836
699
109
643
481
361
929
495
699
175
615
310
137
77
851
820
336
583
638
792
453
114
749
441
236
126
114
722
775
320
528
436
107
435
493
886
60
810
416
547
769
757
209
745
722
782
840
1
846
271
845
320
41
793
879
969
914
419
832
732
586
270
421
927
584
17
716
96
914
229
230
68
774
343
171
311
247
813
797
528
211
23
373
760
57
44
202
976
792
478
752
924
738
803
348
151
855
888
182
764
966
572
495
998
822
55
186
205
651
717
703
446
493
419
186
85
386
5
259
817
835
617
198
445
987
388
594
7
932
910
823
670
4
428
128
957
149
819
968
950
619
124
354
725
654
336
280
466
215
257
253
714
767
498
758
155
266
180
394
378
707
238
795
251
1
657
493
740
439
861
611
918
618
212
673
353
795
417
843
204
668
843
381
917
711
332
460
291
114
288
121
53
935
853
614
310
976
598
41
88
775
963
973
586
68
217
112
552
48
754
344
78
949
128
238
344
728
99
204
760
23
628
762
869
685
429
484
292
61
448
464
294
163
865
628
742
149
216
76
181
32
119
905
708
359
28
821
157
774
131
474
726
54
252
394
364
17
972
938
176
276
330
832
264
901
417
611
725
146
277
137
923
328
924
851
619
61
962
661
225
133
704
786
954
65
915
541
15
999
917
498
414
562
2
994
187
769
544
21
211
77
131
162
256
508
269
706
438
188
535
443
288
569
111
176
552
334
822
526
682
970
812
361
955
242
897
460
299
309
355
912
140
405
752
884
246
888
367
307
505
582
527
867
886
245
331
241
827
785
792
529
281
959
61
803
490
320
54
650
788
667
301
415
541
75
725
898
139
24
700
664
321
993
189
232
759
255
127
695
135
788
478
875
319
162
652
845
256
209
187
79
378
896
601
117
978
813
609
697
417
95
378
942
346
848
222
974
951
433
505
783
192
749
540
856
362
943
485
753
0
120
885
944
881
872
606
792
61
470
486
612
949
35
460
834
46
720
222
274
682
487
180
189
843
791
869
715
949
826
93
452
151
705
607
560
781
735
765
187
293
194
209
664
667
22
662
510
596
539
864
616
979
79
173
702
68
287
534
112
555
430
478
715
208
656
855
148
81
880
307
354
91
846
605
968
87
596
372
160
813
95
393
363
80
899
358
12
206
247
251
284
545
32
902
960
927
794
790
64
651
825
765
41
29
229
87
289
85
731
59
858
647
576
253
695
995
240
85
212
941
685
208
795
276
492
880
433
544
634
387
135
829
340
253
619
143
387
155
263
89
461
805
265
477
448
375
562
682
562
213
315
517
653
488
576
246
806
17
800
569
628
320
37
956
37
849
542
795
252
596
357
878
239
296
714
492
333
20
469
671
141
697
283
883
249
847
376
420
954
123
19
427
884
738
423
684
226
180
517
976
653
711
151
578
789
351
528
479
618
752
927
695
180
472
626
419
607
371
270
930
331
915
325
36
375
76
609
26
397
354
212
199
137
864
354
127
979
598
270
99
12
374
257
678
653
163
314
240
138
438
455
596
110
422
137
759
48
155
790
200
395
456
495
678
452
538
306
539
364
65
282
219
837
819
250
480
138
591
745
382
759
148
638
902
775
559
741
105
652
323
818
35
680
432
386
561
27
18
642
280
526
669
847
548
323
826
755
881
560
217
785
210
192
115
416
659
417
50
284
757
701
63
138
574
344
440
897
491
32
740
262
147
891
676
240
48
578
168
307
797
810
235
680
111
83
373
657
833
434
827
145
936
161
172
538
127
743
42
48
72
578
859
403
912
295
364
763
822
148
649
36
736
974
995
112
417
540
350
699
587
276
758
34
501
619
398
341
521
176
108
252
765
538
28
717
515
384
296
59
175
847
961
370
541
790
764
535
557
949
492
85
788
84
280
986
88
416
72
712
911
184
209
279
981
574
963
751
216
744
500
660
289
934
891
866
138
15
986
768
22
60
881
985
961
246
819
205
878
787
727
582
983
539
182
710
964
673
347
86
403
532
860
873
888
918
628
984
337
372
834
510
793
388
577
811
879
837
829
862
506
792
871
212
163
148
429
797
223
47
937
37
472
536
812
896
503
177
655
943
111
107
486
15
761
1
954
936
192
767
681
571
200
371
707
965
176
769
332
216
41
980
57
385
434
24
961
212
930
445
25
59
985
310
356
966
202
520
446
644
465
374
267
871
413
73
888
310
203
220
157
940
839
309
534
893
415
328
829
865
854
110
238
385
129
778
263
799
473
84
193
266
710
31
423
854
381
669
266
794
190
706
430
235
724
685
789
558
929
27
406
891
494
670
314
365
580
419
331
301
882
353
856
535
747
733
169
636
771
443
212
598
14
342
394
138
781
361
546
72
590
702
7
46
662
891
880
794
862
189
892
710
135
180
967
598
420
46
238
669
723
255
347
949
495
254
285
870
309
443
512
534
352
989
988
454
475
120
285
149
435
155
870
789
543
87
162
603
972
556
249
13
401
94
131
932
500
948
644
553
744
985
684
140
132
371
777
903
544
881
484
217
142
754
357
54
451
945
132
356
129
220
525
632
922
347
567
343
723
429
657
881
827
710
153
135
670
702
459
653
642
227
10
155
133
102
374
37
257
387
274
778
317
810
672
58
922
450
68
345
783
293
970
840
209
279
949
18
58
160
564
764
380
305
843
86
187
739
340
878
60
83
815
860
950
305
733
783
740
128
133
174
651
744
874
684
254
375
785
202
868
518
178
600
419
503
346
775
515
372
507
181
777
507
601
347
270
503
353
556
932
896
784
347
869
761
485
959
39
90
92
739
56
916
600
486
858
290
476
657
970
