506
709
123
850
454
66
789
939
294
164
174
526
366
87
568
2
907
748
775
891
974
503
918
841
372
515
177
684
523
429
97
982
703
98
607
957
523
606
88
180
379
338
886
894
941
145
255
6
32
959
806
165
268
110
24
49
513
871
265
982
508
106
285
579
188
721
914
492
787
751
474
56
616
904
983
70
857
613
887
529
981
928
543
653
655
590
188
772
255
61
548
386
435
515
787
201
715
920
346
690
26
186
538
401
864
883
166
419
644
897
381
63
615
338
607
814
988
745
479
56
523
321
479
29
437
693
466
836
249
866
378
83
549
554
801
676
257
158
373
409
605
471
837
812
162
585
712
813
870
252
989
136
657
320
748
746
317
228
219
256
226
203
733
828
999
116
182
557
709
197
969
938
429
91
898
603
506
345
927
453
617
866
161
583
453
748
153
469
239
131
421
289
322
63
393
232
276
916
642
136
353
388
799
76
578
315
768
98
131
94
312
338
889
0
767
603
314
795
888
899
543
344
154
2
380
259
265
68
169
805
652
17
977
279
881
819
119
913
653
172
192
180
360
265
75
826
116
966
453
320
510
727
234
340
662
977
438
849
441
435
633
613
302
540
976
675
685
74
488
249
738
356
654
240
705
133
626
323
20
990
442
967
920
30
707
446
678
432
426
999
637
353
248
997
876
493
20
98
685
21
178
737
605
399
609
997
697
259
442
392
642
669
461
444
657
451
742
528
13
852
804
632
993
555
618
100
323
840
983
58
503
937
656
10
882
530
381
703
290
630
688
317
939
744
249
923
388
779
679
527
904
930
466
64
409
524
596
396
991
104
430
918
85
561
142
539
84
599
93
778
97
786
583
478
90
515
812
905
135
792
139
126
875
76
846
451
113
513
745
769
803
363
884
146
357
298
320
190
888
763
318
866
651
940
107
934
988
754
8
16
204
857
533
258
41
423
789
29
301
157
445
961
811
595
423
890
265
647
35
696
289
914
372
371
986
143
384
905
900
313
66
926
809
599
402
343
878
391
211
819
137
589
69
470
372
829
929
747
703
189
442
669
900
832
803
834
740
32
979
549
135
67
277
374
985
169
484
472
855
927
388
711
273
683
148
948
218
869
263
559
658
966
625
808
781
88
527
898
100
506
335
612
937
966
151
780
655
632
153
218
568
597
580
543
689
398
134
937
392
352
37
300
110
369
541
422
166
840
859
766
141
113
256
570
900
117
210
677
593
658
396
553
460
60
278
734
813
999
575
735
267
384
766
333
750
999
665
730
454
443
324
604
853
2
995
941
695
275
955
843
170
930
162
760
752
807
847
152
777
852
644
786
406
921
464
870
40
510
561
537
767
532
934
720
542
816
675
535
708
317
302
548
6
957
142
444
767
812
731
769
81
169
784
384
933
561
365
403
143
722
969
279
557
113
541
396
510
288
564
724
407
816
998
914
521
446
972
417
246
445
109
838
154
73
767
531
510
291
506
568
199
350
998
496
141
164
492
805
64
461
610
57
869
710
464
507
622
298
280
218
984
888
771
985
22
448
349
239
403
547
970
802
532
206
595
31
731
906
825
920
432
332
250
642
834
268
256
98
891
292
335
388
290
159
375
704
178
227
39
337
632
228
339
19
434
343
476
601
234
583
166
856
906
528
183
179
353
142
658
483
715
96
299
203
7
359
638
702
442
869
96
781
746
260
919
793
237
92
278
145
663
663
656
217
121
165
181
535
839
176
898
3
162
843
499
978
284
164
316
295
595
746
549
167
76
981
659
199
961
49
459
140
253
982
282
111
851
632
104
955
295
789
787
588
212
688
416
78
389
418
52
15
839
143
664
226
627
972
715
753
362
11
193
750
896
288
810
334
595
900
653
643
653
43
339
92
317
868
872
83
325
276
211
202
332
920
847
819
978
653
883
483
740
909
300
995
934
153
138
411
501
469
31
978
591
349
156
862
969
330
638
180
792
208
853
277
4
959
118
318
454
428
390
386
147
644
870
942
960
341
311
152
197
896
995
573
334
622
450
766
708
454
598
310
707
729
174
883
396
762
479
486
323
493
313
608
171
451
125
323
533
7
589
243
487
433
51
383
585
196
187
168
379
165
93
420
954
162
146
303
433
469
224
104
20
4
480
427
304
799
125
936
54
485
71
119
903
714
509
237
497
241
441
536
232
610
878
292
48
729
916
679
854
491
12
975
870
93
575
246
998
243
712
647
858
65
666
928
585
265
268
307
485
642
58
115
816
402
621
416
849
248
58
622
998
168
295
792
420
300
561
445
193
163
148
244
355
960
554
602
609
698
461
293
895
99
295
171
823
368
126
740
610
44
798
577
543
977
630
87
458
556
956
140
886
924
492
301
437
855
587
489
755
208
947
958
283
384
295
422
777
104
574
581
239
537
412
802
235
633
348
520
517
179
642
607
983
801
916
412
765
152
353
802
203
399
786
435
86
589
421
511
459
855
120
527
195
203
474
639
584
877
749
70
1
171
256
803
737
390
417
158
430
408
543
847
782
532
734
655
531
822
828
426
95
136
528
438
955
222
962
986
545
152
653
918
393
777
577
11
704
728
158
550
861
291
323
630
142
802
659
775
783
303
561
731
770
984
979
565
346
438
121
881
569
430
841
115
906
754
603
178
801
595
271
793
566
948
183
330
840
454
630
23
198
684
464
567
657
242
963
529
565
359
883
935
894
524
484
706
983
128
696
326
886
585
528
714
412
849
687
687
584
459
330
371
699
288
380
576
222
291
542
709
711
765
444
705
891
301
410
583
413
792
293
163
573
905
118
735
636
565
225
746
499
549
628
206
971
929
819
956
742
406
504
198
949
115
591
793
956
814
896
845
648
582
630
899
376
684
756
506
793
955
943
373
499
241
807
956
713
881
495
262
606
447
419
520
835
807
593
829
165
258
401
785
675
22
670
443
557
376
494
863
847
313
878
550
629
786
911
883
177
85
805
210
216
50
365
94
731
283
950
7
226
437
481
895
338
19
115
624
966
912
753
972
739
129
786
447
974
653
624
357
601
322
472
124
338
981
890
638
284
293
890
493
974
596
644
330
674
987
791
253
809
345
272
427
497
120
815
854
120
877
966
15
674
90
254
728
391
393
476
657
976
55
25
458
335
626
735
400
46
393
999
517
520
550
823
792
828
114
656
798
497
406
358
452
619
578
153
995
482
260
481
70
859
462
566
682
824
476
149
26
835
144
478
215
225
172
434
912
905
364
523
180
667
669
315
681
885
38
822
111
97
1
100
559
850
654
406
961
757
749
690
367
685
757
570
660
238
758
598
191
219
791
378
290
444
261
458
2
815
434
473
786
222
37
753
984
713
627
773
500
410
633
667
105
655
653
165
385
445
9
710
649
151
298
106
470
662
731
798
2
218
961
382
207
319
27
725
311
499
49
87
630
179
245
51
68
174
346
388
163
961
807
774
57
497
480
526
706
775
74
339
846
733
433
848
930
303
256
939
934
325
219
335
458
749
188
750
654
949
545
827
276
78
15
523
148
244
109
51
76
753
975
69
746
930
644
508
648
442
943
567
530
122
999
779
438
794
827
944
217
384
718
85
66
143
42
632
733
588
28
598
15
810
812
40
201
253
440
582
547
787
532
606
766
447
416
693
29
863
533
14
257
253
101
240
960
722
598
449
826
326
163
617
951
21
952
769
480
363
575
994
536
760
892
338
775
783
241
90
116
384
535
347
827
461
474
22
538
746
103
130
852
541
644
256
897
341
76
147
627
416
871
76
652
268
970
473
377
550
655
125
221
145
612
499
307
543
488
796
381
75
920
400
226
670
589
121
159
248
414
195
357
639
754
623
106
147
658
463
231
258
823
428
886
903
112
307
109
884
357
966
355
33
189
662
6
861
808
974
775
585
642
915
963
140
317
56
150
801
225
550
390
653
907
521
489
572
688
165
524
867
556
583
874
776
843
200
917
765
58
692
540
980
675
937
384
420
892
987
116
794
195
132
73
19
352
761
828
85
591
79
21
614
960
924
109
340
277
675
810
811
631
47
873
525
213
72
714
227
251
964
625
234
555
476
438
585
546
127
194
182
745
837
684
537
814
377
7
281
319
594
482
74
779
851
989
319
101
437
738
484
213
846
503
53
653
291
327
610
157
529
207
332
83
993
636
441
947
594
679
587
502
193
641
222
834
523
425
928
678
419
455
492
640
302
100
79
885
188
72
643
149
793
448
769
432
409
370
881
945
547
278
590
517
996
3
357
160
76
354
107
597
38
859
494
183
528
899
4
848
515
463
752
117
692
599
371
301
705
409
438
229
367
505
630
89
672
579
976
392
578
549
628
36
154
395
703
661
904
360
608
154
28
461
36
307
598
226
940
693
323
471
20
899
219
717
647
973
976
165
550
328
161
301
895
922
124
291
210
312
706
991
711
414
227
265
947
649
115
636
850
173
237
422
950
71
11
236
653
430
640
23
41
634
380
285
600
297
951
366
188
842
809
828
493
552
237
533
354
133
454
153
223
72
650
162
88
44
307
580
540
359
940
867
909
916
361
563
355
53
295
193
792
880
266
444
78
732
997
70
357
897
28
829
177
130
710
880
567
88
151
584
880
76
729
54
15
656
642
355
180
410
104
855
243
62
649
121
599
279
0
88
199
602
785
436
10
984
686
876
79
334
258
613
78
346
978
963
474
755
164
287
319
213
327
469
16
216
322
561
226
677
985
102
581
413
409
674
48
549
501
537
427
177
417
37
904
996
843
279
51
353
898
605
561
402
487
711
508
2
648
47
572
617
643
173
122
588
136
124
838
438
271
757
760
679
200
613
811
198
481
582
629
190
674
327
68
227
932
345
163
480
904
439
113
663
61
128
115
412
153
5
943
622
312
553
233
634
403
890
923
685
311
667
925
310
294
651
885
183
467
462
720
782
943
333
926
316
272
724
483
24
377
977
97
537
149
564
523
535
517
991
733
221
457
347
687
949
499
540
600
319
783
370
167
880
446
806
205
859
26
85
495
870
628
268
647
972
641
848
673
666
395
896
491
8
284
514
78
655
629
854
922
393
740
195
445
937
700
156
99
736
790
7
810
473
902
378
957
970
760
786
832
511
465
337
531
469
274
331
143
167
15
669
581
937
798
179
870
927
651
997
861
768
665
853
337
533
378
351
510
888
783
197
507
282
507
6
575
133
657
211
565
715
79
430
926
857
778
647
717
68
264
988
365
6
301
836
535
53
541
144
376
337
537
182
655
479
684
212
813
374
557
693
564
605
375
163
306
728
699
314
343
477
447
973
121
615
80
647
713
902
851
799
798
577
122
241
864
386
418
901
887
140
296
631
218
811
364
250
899
487
429
961
943
455
452
4
419
150
69
195
882
533
640
18
316
277
462
777
977
598
231
895
483
281
344
107
80
87
649
126
766
188
117
456
18
164
147
765
329
104
521
28
551
540
280
644
126
816
906
867
206
377
848
965
771
836
240
773
124
382
236
779
216
915
190
194
955
473
871
53
54
664
983
229
372
792
502
785
984
807
545
707
812
253
912
995
733
246
573
626
794
484
607
477
331
574
972
76
839
258
757
726
149
274
651
819
540
285
527
558
630
733
527
100
511
832
69
525
299
189
585
974
262
901
527
753
413
332
35
10
913
90
337
590
332
763
393
34
236
383
343
757
700
270
201
851
434
716
905
24
3
45
298
533
394
93
440
209
744
910
760
951
622
631
966
40
494
30
846
237
463
562
498
860
638
391
250
844
889
278
849
358
688
968
684
378
501
880
870
235
346
482
222
712
65
404
426
528
734
543
109
529
97
466
747
654
80
19
550
858
26
498
801
533
205
205
113
490
505
90
660
834
334
428
753
473
567
36
95
554
530
339
290
282
223
242
456
790
254
527
777
2
54
644
197
216
864
405
735
265
418
254
159
826
95
735
478
597
123
661
714
531
805
702
705
76
917
304
555
267
429
22
32
248
27
80
864
811
988
486
841
450
597
82
947
111
427
863
112
97
850
353
847
765
787
474
39
450
246
718
312
342
559
420
566
103
469
562
367
394
821
900
924
458
773
624
452
541
597
601
387
625
664
973
97
854
119
813
343
816
439
618
549
868
41
774
175
852
559
254
438
897
951
330
74
692
688
333
629
617
792
552
259
536
16
638
30
473
519
979
53
891
787
942
772
410
367
568
696
891
230
343
193
677
598
860
777
421
847
350
659
845
130
280
165
299
215
758
968
410
166
991
550
823
663
199
707
290
773
788
923
207
702
619
139
104
438
271
44
201
72
845
355
759
526
662
524
270
688
842
836
645
104
253
381
952
510
969
92
802
256
504
470
365
97
756
617
600
754
46
776
139
687
727
158
58
776
301
52
404
183
734
597
727
433
578
974
209
821
552
467
917
170
568
101
817
334
456
736
800
352
565
688
529
735
160
691
706
612
522
337
210
433
93
793
490
581
881
366
207
864
880
398
808
849
119
114
662
199
881
89
756
699
417
352
500
381
204
772
508
318
648
320
411
178
133
842
892
760
631
231
206
266
277
159
293
855
33
155
257
296
636
811
864
408
373
748
107
316
862
271
282
97
508
996
557
61
889
869
552
462
447
359
177
535
554
627
433
609
651
548
213
886
653
976
937
761
654
801
184
73
436
854
818
579
521
194
97
999
228
462
690
659
493
538
397
84
181
334
177
540
912
687
432
701
728
878
945
299
855
850
472
399
209
677
478
719
307
684
470
955
140
840
958
803
686
642
134
709
545
668
504
362
69
850
747
320
841
190
614
506
645
923
630
707
976
34
236
913
287
384
422
190
11
481
72
843
101
381
567
53
601
184
682
889
44
240
741
267
140
399
331
722
643
889
159
304
502
359
63
901
40
169
806
731
6
275
285
189
367
126
341
936
546
471
315
259
300
917
32
91
932
668
204
991
717
110
807
275
392
833
987
896
771
76
969
503
193
147
7
958
735
626
867
724
225
589
207
702
303
782
217
516
935
544
141
837
56
928
49
87
200
932
621
964
531
300
965
622
8
428
684
682
841
43
94
682
744
726
611
717
137
806
995
985
824
520
778
441
303
347
242
33
651
348
239
694
380
341
299
627
471
116
943
645
146
767
138
312
940
710
49
547
662
785
107
519
506
88
672
109
934
657
494
621
165
380
391
242
419
59
98
250
682
349
572
932
878
418
27
906
345
384
767
614
291
451
293
129
178
44
98
134
994
288
24
278
306
865
520
644
515
354
972
528
941
772
15
153
783
454
548
907
595
321
864
529
596
233
653
324
916
471
59
537
255
571
781
120
838
535
134
824
144
407
542
321
276
653
285
242
739
41
26
432
509
565
240
704
715
894
606
283
349
750
553
912
143
679
953
680
996
434
917
91
871
174
19
600
594
756
448
865
390
918
88
476
205
712
43
798
135
710
437
531
455
285
799
617
969
959
31
290
426
934
385
735
292
457
736
497
117
452
238
259
11
713
715
524
62
261
869
689
889
878
733
463
559
736
618
126
982
255
772
889
571
470
319
489
82
942
441
881
559
346
882
741
870
23
687
308
299
657
59
980
623
105
227
132
392
915
236
268
796
387
4
377
546
47
497
310
749
24
889
100
301
898
352
521
628
339
848
263
242
360
208
459
21
195
11
942
648
649
723
672
47
392
794
744
4
573
325
312
81
731
206
381
715
224
892
669
304
873
585
489
949
494
367
970
254
408
672
80
714
143
666
805
353
32
355
495
534
444
534
445
115
148
73
809
422
343
850
611
694
102
14
999
833
231
54
877
398
109
639
270
81
233
828
582
585
778
602
405
698
71
536
439
39
925
569
419
112
621
607
137
875
684
677
172
234
158
169
536
809
597
556
485
403
915
239
681
952
639
269
555
317
251
671
203
560
60
712
648
486
412
101
586
930
330
456
262
852
216
498
359
172
876
162
641
514
416
719
712
636
237
853
280
331
124
176
830
82
293
954
475
811
256
642
649
528
513
548
934
211
137
542
942
915
959
262
69
347
765
838
49
313
615
593
61
552
198
917
243
178
179
797
401
117
575
537
252
368
143
948
682
147
693
978
433
185
993
732
29
331
30
562
567
81
985
155
441
167
629
796
741
163
82
691
413
79
19
542
982
423
654
397
158
736
391
385
316
602
798
671
238
804
815
965
333
187
576
704
110
614
788
800
130
785
598
312
124
300
106
781
122
920
957
547
429
261
796
911
379
867
650
708
844
387
372
565
865
192
814
100
24
848
792
893
980
609
731
122
802
50
726
243
422
599
253
713
220
664
129
312
802
791
290
335
954
716
376
741
198
246
153
58
524
560
685
503
57
158
614
163
90
219
827
338
517
953
140
836
606
155
951
520
781
298
289
395
485
18
208
825
488
801
933
151
766
868
975
434
540
109
34
519
848
500
679
392
795
369
525
800
400
260
789
827
865
33
659
605
392
115
712
510
355
180
533
470
921
54
250
731
985
241
44
531
529
250
540
192
44
388
44
256
157
245
69
230
936
287
693
577
576
610
348
46
163
83
29
316
929
139
441
484
379
791
726
611
65
935
143
174
580
156
430
385
594
107
757
52
799
57
153
634
576
210
175
471
763
107
321
717
315
95
745
667
176
561
510
579
235
144
300
670
823
928
542
527
498
706
958
841
523
194
421
965
237
129
583
267
993
143
469
213
667
646
262
19
179
382
823
78
324
880
839
621
465
714
832
29
994
46
871
657
918
743
453
270
867
313
142
112
448
499
558
175
124
716
459
16
760
671
350
625
887
549
315
925
142
558
936
744
245
875
347
928
245
187
211
264
900
167
24
762
676
380
7
743
179
237
950
430
411
763
982
848
288
450
590
204
938
728
699
852
328
613
853
178
941
250
525
48
823
104
971
555
633
717
525
891
835
293
737
490
848
331
19
782
293
203
402
973
209
189
916
684
319
192
58
196
976
297
399
553
406
710
633
176
388
843
394
157
785
752
241
406
451
5
769
176
999
571
587
564
663
921
271
765
69
799
398
72
948
355
43
96
221
326
120
622
735
513
516
162
888
473
570
968
624
772
877
849
21
383
55
589
632
223
585
18
494
720
621
516
571
444
495
713
641
235
970
127
231
476
966
845
373
582
143
259
531
45
738
711
184
908
512
444
896
587
253
376
143
21
426
851
595
401
526
952
574
691
219
305
616
391
829
723
227
145
101
219
584
115
12
827
815
988
83
230
995
482
55
907
332
804
914
289
838
374
676
688
815
73
249
943
62
646
732
224
887
679
9
92
491
843
279
100
316
324
436
133
741
999
451
751
616
943
297
74
706
981
286
806
489
232
126
958
109
174
359
799
244
300
100
474
40
456
904
692
923
48
151
455
515
246
246
927
664
283
603
715
529
149
943
845
215
974
327
896
298
810
74
357
951
349
589
842
979
750
930
176
689
684
655
223
335
532
91
784
631
84
995
142
145
247
987
330
662
493
64
282
447
302
762
470
860
532
287
679
56
50
833
971
113
980
586
617
438
12
302
133
234
566
959
681
485
913
726
897
65
587
469
769
265
975
481
309
590
670
693
676
843
271
178
442
64
436
770
577
981
299
924
84
916
709
113
223
992
414
413
454
949
354
849
704
549
577
934
951
49
310
924
295
609
930
552
457
642
39
100
516
822
996
160
982
66
909
766
804
40
211
523
548
53
319
561
859
597
134
610
408
970
762
824
508
212
366
111
140
274
883
803
972
862
99
478
282
791
313
97
628
240
955
908
415
54
694
321
942
686
813
587
731
45
773
84
325
105
967
275
550
389
635
773
263
218
421
250
106
928
183
24
548
460
627
789
885
363
171
61
69
645
255
244
253
597
498
845
567
653
442
753
91
278
594
588
184
244
765
585
35
960
337
285
398
792
926
25
608
609
450
225
37
596
282
905
674
982
359
304
935
722
258
884
145
649
957
893
3
514
904
246
704
228
517
325
384
520
633
636
853
731
535
88
144
753
538
535
861
582
478
854
800
725
372
16
706
244
960
171
452
822
993
805
806
344
125
508
261
744
38
378
567
686
341
927
508
670
81
705
35
926
124
78
6
987
419
34
563
504
880
172
359
854
157
122
609
951
590
438
737
299
292
200
467
950
146
378
236
201
230
731
959
13
325
723
445
318
363
29
999
892
319
730
745
636
327
890
44
285
868
598
800
687
404
825
581
870
512
773
612
133
42
561
687
452
373
640
585
460
89
181
91
25
649
354
684
894
899
136
93
79
803
393
726
647
988
625
168
746
709
667
496
597
411
0
493
402
784
794
126
487
504
966
67
990
36
392
750
247
646
865
493
969
983
635
72
687
136
789
209
479
435
569
917
815
389
35
365
793
274
981
961
677
701
925
906
172
315
312
570
250
91
119
107
654
44
8
176
260
955
848
508
169
23
875
341
942
282
278
444
877
839
788
556
448
459
685
877
930
162
29
260
285
734
128
545
394
638
163
412
352
617
966
716
467
317
581
86
213
65
382
310
539
19
453
293
654
566
154
440
826
300
180
976
43
316
575
915
19
89
849
591
856
526
699
270
586
137
499
811
658
771
918
223
750
393
194
335
2
483
841
734
288
279
553
339
400
945
657
319
322
248
318
525
224
224
588
710
521
831
80
632
920
214
10
98
963
431
616
46
767
118
805
12
265
653
168
327
999
839
97
567
869
25
766
634
436
904
684
95
301
299
321
601
427
406
710
956
942
455
586
239
403
649
754
78
281
795
941
642
870
533
875
951
832
830
813
411
200
476
79
862
785
809
810
522
727
686
903
752
658
79
70
316
377
762
348
783
267
685
979
703
936
220
43
293
102
52
494
282
337
63
442
423
970
932
95
656
632
634
416
403
315
993
142
603
204
981
240
180
907
807
295
242
137
850
198
35
276
319
702
333
929
934
607
613
139
34
771
405
65
743
957
289
214
874
367
327
826
357
321
616
758
213
93
407
981
786
22
453
150
267
953
775
957
100
348
533
689
61
20
375
776
576
555
670
39
54
893
268
6
262
355
121
120
267
993
235
648
913
562
489
719
156
435
868
754
469
325
66
39
707
564
745
344
337
580
229
745
305
724
878
300
237
874
745
796
261
310
96
934
778
859
225
59
638
680
648
642
78
620
370
106
462
840
679
461
927
814
698
985
687
951
953
120
589
51
308
199
431
385
684
803
714
847
937
175
77
739
103
346
987
223
574
30
283
531
221
563
997
853
147
498
452
459
833
942
458
889
159
396
772
910
170
315
700
193
254
838
373
57
862
583
86
626
461
814
670
611
336
919
720
259
810
617
883
700
267
794
409
745
630
744
90
361
406
274
556
989
532
117
521
310
159
123
574
367
753
54
595
42
746
123
275
302
364
385
562
182
578
592
710
405
509
926
307
22
668
492
231
864
231
824
903
405
248
932
556
812
215
987
846
213
609
108
515
26
964
623
435
789
962
756
195
555
447
819
253
520
144
533
304
117
266
186
841
116
212
348
750
516
243
89
515
455
224
614
107
537
23
830
724
52
87
26
783
150
257
170
706
604
135
314
756
96
362
144
541
853
223
417
959
307
256
67
661
998
411
541
983
649
585
867
999
552
469
910
955
587
270
584
439
318
67
941
838
541
26
869
701
261
782
373
980
830
955
334
66
172
150
453
140
901
309
177
25
141
152
572
141
853
403
896
128
642
450
707
507
409
176
909
694
248
59
686
544
208
655
757
396
182
69
795
221
881
888
549
366
126
517
408
544
48
876
503
1
11
527
856
773
127
326
502
700
57
396
31
560
133
545
76
745
888
605
553
918
578
294
307
402
225
686
470
33
888
581
97
486
654
870
785
507
923
712
265
827
798
11
99
799
409
445
937
243
854
657
100
156
547
530
390
113
992
713
467
187
761
921
97
891
919
379
440
150
698
235
12
247
529
646
824
305
921
894
597
567
3
564
17
331
424
681
570
271
264
473
313
587
824
837
971
251
362
571
618
244
94
555
939
316
511
528
193
827
128
562
135
225
949
284
202
94
533
167
908
752
373
874
965
20
1
412
492
44
715
864
996
273
581
179
690
413
251
622
18
152
562
162
209
917
814
476
804
377
191
887
936
903
722
833
339
930
190
555
48
824
429
216
224
848
843
609
227
528
11
850
407
877
740
701
671
87
490
905
308
240
881
926
81
90
197
672
440
434
637
614
834
29
45
454
4
277
251
158
213
279
273
545
243
373
833
277
446
603
391
693
84
32
943
144
340
179
872
365
590
927
489
176
399
109
839
494
162
173
816
785
370
208
506
984
260
244
941
919
249
277
279
134
178
429
134
88
204
616
968
362
802
502
982
990
66
13
239
316
824
739
929
68
598
261
594
386
413
815
236
222
173
49
543
222
832
193
49
571
61
491
937
677
433
122
961
828
472
465
873
636
584
451
399
716
302
379
20
947
962
329
707
719
870
122
659
875
548
819
660
789
909
385
310
441
269
791
524
821
868
181
680
171
664
714
816
580
294
983
502
911
207
127
717
406
247
470
335
688
65
124
419
345
957
670
628
307
836
890
197
982
891
997
65
891
771
963
391
321
617
203
594
98
112
12
926
942
356
231
494
618
690
738
883
820
20
526
663
197
144
503
704
195
560
821
816
690
756
691
520
751
651
131
581
177
401
524
803
772
906
130
758
555
797
113
791
241
196
69
651
380
775
912
192
855
816
89
896
275
57
565
192
233
81
757
395
558
782
236
535
508
797
787
945
585
717
676
75
805
633
951
244
653
572
331
953
279
918
973
415
178
149
286
402
484
903
100
519
815
643
304
198
585
856
455
779
614
861
855
620
740
776
959
229
547
386
260
535
943
159
516
575
347
379
721
362
652
832
964
278
831
692
450
380
184
80
592
970
208
667
478
5
234
500
739
971
482
903
22
406
898
198
988
749
91
409
74
181
444
809
72
644
234
198
560
638
773
776
810
840
330
394
582
298
42
738
734
26
222
29
229
123
189
768
751
13
12
490
206
629
185
309
62
837
988
875
830
127
211
269
771
338
400
934
523
367
809
286
323
958
588
626
590
121
276
833
706
26
300
890
816
864
455
49
80
557
138
544
399
475
535
42
38
484
503
771
568
873
586
451
591
146
750
785
660
941
402
580
9
26
358
621
781
570
529
32
835
135
358
617
191
591
892
668
943
306
257
764
553
555
898
773
695
852
378
94
571
609
436
221
192
751
382
903
112
421
292
455
380
488
902
3
771
653
216
654
353
272
844
919
131
793
5
105
509
990
10
636
944
699
654
570
675
782
280
227
661
495
244
657
973
524
349
600
926
931
45
21
154
41
450
383
913
800
767
651
470
852
580
737
366
174
531
660
678
922
705
567
801
883
148
523
571
815
215
157
748
5
735
724
924
530
409
784
615
747
115
718
694
316
163
88
818
279
352
377
821
937
851
478
903
958
849
224
929
612
960
423
554
349
411
640
628
183
108
854
154
286
254
783
513
993
44
973
903
329
600
957
828
981
892
404
388
603
655
117
501
185
37
952
300
569
525
693
726
611
0
813
277
173
987
857
898
630
785
876
546
248
281
843
158
443
415
118
219
166
425
446
594
496
320
509
780
509
937
542
14
796
383
25
909
61
367
633
583
808
24
833
214
304
485
480
209
775
496
414
376
67
524
974
916
206
655
291
384
603
954
583
352
300
823
895
381
97
470
170
474
122
675
112
183
238
200
399
383
676
835
241
776
550
587
129
86
662
188
220
220
761
709
749
416
696
802
329
266
565
547
657
137
258
160
101
922
941
759
301
30
384
172
491
462
444
44
653
478
806
821
366
555
426
677
100
746
300
14
316
911
405
491
177
30
826
930
116
50
233
950
429
304
309
64
168
839
120
561
883
894
640
206
764
577
986
352
847
466
931
70
492
464
182
490
143
335
871
182
417
995
726
121
772
490
264
585
572
342
167
190
89
299
689
41
321
819
310
183
2
131
818
422
637
250
747
643
382
958
437
518
736
354
361
523
190
712
260
213
804
743
204
328
715
201
781
923
595
548
105
849
515
827
286
835
812
96
832
419
539
480
376
575
885
707
101
849
494
638
487
407
338
487
299
651
612
436
519
769
756
825
743
784
323
276
232
767
67
606
98
14
242
153
995
526
61
489
118
806
48
928
803
595
35
65
160
587
25
200
733
990
914
581
332
521
552
147
991
720
743
329
404
199
118
557
244
246
466
560
785
663
953
490
765
45
883
74
999
819
669
241
609
285
32
252
605
519
382
189
141
137
453
277
186
651
691
184
69
323
505
940
393
424
173
903
281
82
215
421
821
904
917
835
400
837
314
195
165
95
945
388
592
214
647
989
521
430
70
325
626
121
590
130
202
956
191
525
274
468
137
286
309
933
724
738
221
775
75
357
792
381
715
669
858
323
650
245
771
163
51
426
425
516
406
710
344
304
891
294
446
209
735
754
916
719
367
401
534
448
321
271
515
85
707
836
535
580
907
137
390
327
701
850
780
689
787
762
224
640
446
280
39
812
355
309
548
546
753
742
789
853
327
652
625
394
323
69
45
550
580
862
598
118
321
408
688
290
226
989
13
992
668
981
298
953
35
721
627
569
415
355
223
984
169
840
574
976
423
75
326
219
555
448
861
347
50
713
529
317
528
584
587
147
648
906
691
676
881
268
572
194
21
469
632
935
315
272
702
309
420
668
919
577
362
385
609
355
909
122
371
5
735
161
727
93
935
19
949
233
947
394
12
150
158
89
715
205
401
903
366
323
565
475
476
403
751
608
389
298
965
669
513
78
269
84
996
988
404
700
269
501
299
350
590
740
46
481
814
646
775
722
25
862
455
371
769
309
365
718
966
915
807
191
225
836
980
252
182
66
484
689
936
698
231
524
622
590
114
322
971
31
281
396
787
924
318
865
481
459
639
457
862
27
734
788
181
780
122
597
769
99
498
430
567
150
426
801
704
168
614
0
279
898
107
529
729
295
93
146
34
370
699
533
435
933
791
64
337
368
233
156
26
837
179
863
905
700
855
368
393
520
341
998
661
789
169
182
94
332
665
24
358
92
412
981
449
767
93
174
803
430
127
652
476
818
650
743
752
56
988
741
852
48
100
554
827
882
263
814
438
134
405
600
298
887
853
189
938
338
125
948
957
705
958
561
115
470
876
636
162
14
836
237
797
525
270
799
307
895
105
494
301
858
629
118
145
630
580
505
4
645
738
997
701
981
748
96
292
695
413
320
425
979
739
180
760
554
119
360
538
623
435
361
768
835
31
950
488
541
12
214
114
866
529
828
820
422
524
596
218
207
960
169
417
585
508
36
666
148
813
563
748
39
658
340
906
959
300
12
860
520
865
280
633
502
102
727
25
320
913
858
977
354
641
401
584
622
309
996
174
815
977
82
813
145
656
65
799
448
435
11
103
931
103
218
43
340
468
688
447
672
233
389
797
358
733
493
976
477
489
933
57
758
562
34
696
571
682
287
108
418
597
185
765
867
641
144
270
634
335
236
865
600
95
193
947
836
752
873
750
218
852
245
285
646
137
800
322
791
124
183
515
779
297
105
228
42
757
191
582
513
884
887
644
958
327
835
598
467
189
121
550
681
770
591
840
27
365
54
439
219
51
288
410
444
9
622
670
582
62
634
181
672
319
677
852
941
765
735
370
221
945
513
404
431
15
856
781
424
496
593
635
682
281
251
101
420
353
757
536
434
776
429
257
817
19
266
981
361
188
279
491
383
759
789
563
302
151
203
617
730
870
421
273
416
883
934
614
493
590
499
318
210
919
125
253
913
117
994
146
342
58
745
230
445
819
953
40
652
758
461
694
812
676
277
527
506
550
212
91
908
499
546
243
938
207
182
189
675
672
401
56
729
114
809
350
946
723
832
607
892
216
545
666
644
405
23
271
74
396
458
240
541
581
543
693
255
644
2
726
316
161
923
755
156
0
514
488
267
424
856
380
82
617
619
737
883
238
222
134
334
643
163
959
515
808
974
166
675
747
335
459
488
435
827
559
541
992
112
606
235
785
755
515
402
293
888
333
872
107
173
295
33
717
164
806
915
175
11
107
364
998
201
664
418
531
143
751
583
694
376
966
688
103
191
247
552
472
476
972
837
983
906
904
55
832
248
88
528
214
729
560
869
938
539
90
63
540
769
9
278
654
597
411
27
193
838
285
400
495
585
617
271
31
207
595
828
854
307
913
503
307
462
272
650
187
385
507
43
259
638
527
262
428
116
394
555
961
45
953
431
452
805
217
650
742
209
757
68
373
634
830
980
303
741
761
391
397
416
353
129
915
946
286
996
380
72
262
626
307
120
631
144
260
396
566
193
640
292
530
555
632
296
458
171
600
857
453
344
845
963
312
742
545
786
17
890
579
741
115
805
644
723
354
327
875
848
294
153
563
852
269
726
250
881
953
991
466
664
681
106
541
511
578
590
801
72
254
574
19
96
333
735
431
242
544
320
518
304
749
493
856
261
859
56
297
746
943
325
984
212
584
183
154
550
885
796
534
185
839
395
297
948
249
541
577
977
763
111
223
181
965
266
566
395
953
909
128
95
873
432
975
762
736
181
576
31
980
157
684
480
409
821
369
726
745
819
262
251
903
352
107
317
228
452
366
242
184
769
466
563
706
861
162
278
731
647
764
404
500
13
592
811
40
320
295
665
636
453
217
390
826
448
15
20
597
959
359
374
375
400
677
170
686
336
854
164
870
313
168
265
832
543
446
213
679
544
128
393
203
558
895
268
814
858
765
813
156
846
499
962
761
982
612
408
810
260
407
616
733
168
794
58
852
904
673
193
764
233
894
395
468
10
867
675
857
938
251
324
918
246
422
12
209
528
243
362
113
438
127
622
491
862
196
500
580
860
414
709
601
832
150
234
490
215
745
61
853
828
19
806
518
802
597
910
60
217
646
724
503
410
797
690
301
545
756
235
301
422
824
627
771
232
797
939
57
527
407
935
942
284
763
926
624
271
587
126
414
68
697
713
464
116
275
943
192
899
892
562
897
635
684
120
645
301
813
33
694
735
790
997
522
966
645
768
601
993
237
758
170
295
360
317
473
119
837
579
381
330
850
117
951
903
261
120
277
467
852
320
643
10
524
435
859
207
831
401
604
299
303
179
686
414
983
845
357
47
896
576
99
225
832
312
808
685
352
831
109
438
100
429
471
581
901
741
622
993
147
837
621
314
724
697
828
203
594
148
536
114
688
604
69
661
356
264
770
570
760
305
354
642
355
811
987
804
381
743
543
730
63
726
312
450
696
548
297
891
445
862
503
34
400
809
310
480
897
17
376
713
658
890
80
788
603
39
93
898
262
621
586
157
686
690
610
662
960
448
584
443
260
208
125
787
85
692
499
520
754
70
86
416
553
38
538
847
42
852
704
324
15
322
178
918
483
381
173
275
904
752
367
518
195
917
654
427
786
993
640
447
381
907
249
9
98
113
390
526
675
782
536
286
586
964
316
361
972
938
976
269
699
658
424
608
926
722
742
964
507
292
0
507
645
660
699
232
896
838
462
336
457
546
625
115
723
93
604
451
884
69
836
376
310
657
992
845
265
746
866
826
510
809
713
935
134
479
226
162
632
283
815
950
194
531
56
488
55
179
54
206
839
227
455
527
124
792
403
561
960
201
573
523
628
916
693
463
988
957
90
499
846
426
285
893
233
998
424
817
754
608
877
72
849
759
748
38
754
116
636
128
207
948
915
689
739
609
945
200
602
236
278
591
733
81
147
337
9
318
158
233
255
321
687
588
846
454
847
683
219
706
89
887
51
175
169
288
839
523
872
412
198
623
2
57
593
226
742
623
520
96
332
341
802
842
742
694
169
467
885
87
244
4
676
297
310
348
737
845
156
24
160
465
331
699
282
77
711
162
922
322
881
751
880
152
48
55
143
562
80
586
553
841
936
303
674
305
525
417
937
180
44
538
195
769
621
835
234
113
67
77
515
302
744
911
349
312
533
380
829
429
46
176
447
51
988
735
727
461
133
858
725
881
270
615
638
2
536
787
927
583
240
263
21
167
633
749
56
743
332
581
526
825
295
864
427
890
740
48
350
537
880
802
543
927
252
761
717
111
688
408
52
740
147
620
99
641
23
420
788
177
954
86
196
52
439
855
522
74
987
62
661
599
843
661
229
587
402
765
20
645
833
598
166
499
263
400
458
609
976
80
661
867
330
882
628
49
770
392
791
270
189
36
134
484
443
704
275
393
189
911
14
446
623
799
95
409
89
830
238
761
639
318
951
121
353
223
698
972
629
439
846
963
479
184
53
181
874
198
499
812
585
155
768
984
934
905
101
282
636
444
275
71
248
330
655
135
338
423
1
889
34
161
460
781
13
36
472
445
22
27
379
465
129
605
750
565
131
296
667
961
917
524
733
926
927
214
560
888
906
191
463
460
446
377
348
335
122
14
434
848
841
524
246
683
545
721
308
595
256
583
806
995
159
260
447
274
0
256
806
577
676
924
182
385
845
468
634
822
922
440
246
2
281
197
440
207
918
595
861
845
514
306
769
964
615
774
398
247
32
732
197
981
437
824
627
557
419
493
786
133
258
759
553
399
969
769
110
689
308
118
607
935
29
814
736
304
97
399
246
977
209
589
650
609
368
584
994
907
796
464
697
81
454
368
438
708
732
188
947
221
390
344
764
366
245
910
263
914
103
587
587
301
864
119
264
369
202
0
742
15
69
298
714
838
513
717
755
51
240
778
403
726
889
99
81
924
143
983
539
894
88
358
328
62
41
503
251
425
623
980
356
429
768
750
337
136
312
851
482
266
528
400
546
673
216
908
249
535
909
788
383
362
902
92
378
543
736
176
656
340
770
63
632
729
930
737
699
922
646
621
776
492
591
290
45
1
368
744
874
74
76
177
423
760
381
801
269
446
649
943
578
887
223
111
894
839
704
694
819
185
328
817
289
629
923
330
735
427
28
393
870
441
649
187
719
588
874
97
277
454
497
447
133
845
683
615
626
620
972
321
997
584
321
730
937
425
943
47
836
555
521
124
418
896
214
549
492
572
385
343
182
996
650
36
381
987
946
178
735
747
892
959
869
660
390
987
475
653
951
802
937
660
618
781
122
947
881
27
961
369
181
801
579
538
225
859
823
181
519
158
290
776
202
700
360
273
731
882
173
747
862
665
569
395
12
303
241
151
956
882
458
602
963
953
73
318
147
423
566
30
127
749
887
719
564
890
241
787
818
793
217
129
706
112
16
460
475
440
485
166
213
398
300
9
438
477
836
883
362
501
526
395
613
308
434
860
852
615
292
949
538
166
291
210
422
705
418
138
146
179
112
134
614
890
634
275
515
503
232
492
444
552
132
152
790
767
862
563
0
919
365
531
173
747
945
210
198
843
940
858
749
427
599
138
797
130
992
636
197
356
808
688
523
84
579
960
109
914
73
785
162
5
161
187
735
805
533
829
390
767
937
968
289
358
613
750
532
602
818
799
801
696
169
584
724
886
15
736
855
489
637
576
8
181
739
471
805
480
845
911
106
539
357
424
82
350
368
718
313
823
53
761
226
135
751
353
636
193
92
540
751
552
903
942
741
780
96
564
707
240
762
21
614
795
973
157
451
361
114
326
919
437
988
62
493
501
478
712
758
378
263
407
386
667
338
870
908
581
402
621
788
345
499
417
750
938
492
651
984
313
16
195
737
839
587
457
573
390
82
775
805
628
347
542
755
413
740
700
523
396
919
471
557
303
331
833
630
940
670
144
526
491
870
808
493
817
375
623
471
197
894
980
695
444
644
565
919
716
735
36
669
102
850
534
697
277
29
408
843
166
839
438
897
899
663
889
726
312
843
627
614
552
655
666
566
772
743
767
481
626
576
811
957
167
816
845
53
713
614
610
927
747
84
585
996
509
169
394
384
63
555
786
607
930
737
373
248
611
463
17
238
261
451
243
825
642
748
601
604
221
562
539
519
799
944
646
988
941
910
999
335
858
643
120
294
854
848
970
464
410
424
727
482
967
731
434
84
3
794
102
130
79
700
48
431
783
951
257
756
918
851
964
62
134
0
825
886
41
391
211
370
728
174
524
232
645
629
131
202
30
550
271
797
761
138
243
155
942
566
110
793
326
588
85
339
414
749
120
51
480
660
6
241
382
406
173
940
707
494
962
7
552
877
633
959
328
582
626
840
705
71
576
230
167
796
487
601
751
174
170
307
749
977
814
195
26
379
14
196
541
271
435
247
861
394
288
596
776
117
88
448
755
280
316
784
943
112
629
428
172
816
82
831
629
731
823
595
463
25
538
953
855
799
923
686
415
745
623
617
773
539
305
40
65
957
86
787
520
452
619
544
609
133
221
533
892
5
893
957
562
372
598
697
581
73
4
816
981
654
619
489
955
147
697
237
302
528
233
890
71
468
445
697
891
987
63
889
142
453
404
133
142
593
341
792
715
584
388
937
808
342
720
41
70
98
668
505
494
391
394
969
673
148
695
339
974
982
251
270
838
765
984
47
752
963
669
225
252
641
246
205
86
252
225
237
569
452
583
818
366
982
876
885
688
383
366
370
716
624
606
569
498
274
494
7
194
263
752
953
470
104
886
456
251
804
675
824
810
837
148
650
393
255
837
386
97
906
44
978
419
351
36
141
412
968
17
161
931
735
386
523
299
104
24
702
745
739
569
366
404
273
649
295
67
824
254
35
735
785
535
8
847
775
473
399
618
282
741
49
765
617
224
356
456
998
744
587
463
132
136
980
602
683
697
699
585
556
294
524
592
528
562
958
603
682
400
834
30
197
622
131
884
448
190
599
794
559
874
331
222
131
508
214
465
737
200
900
151
239
815
66
663
155
209
569
347
22
589
579
518
925
992
171
820
953
480
105
571
844
179
171
524
940
521
631
894
725
131
460
887
134
974
57
752
877
792
741
828
878
966
158
988
438
63
541
706
535
281
406
304
796
782
397
861
708
922
244
91
715
804
745
832
516
214
228
110
507
523
334
937
838
549
310
749
292
208
733
170
750
726
977
773
746
55
190
188
70
980
240
765
393
737
774
179
405
109
832
334
193
735
249
287
59
766
415
125
346
893
495
566
858
842
910
254
225
626
642
549
190
778
208
128
521
588
150
206
765
236
144
325
866
526
848
217
904
847
102
936
782
692
119
981
832
106
650
670
358
259
742
972
161
690
471
96
152
979
815
852
705
858
57
853
500
750
496
859
745
226
230
50
898
648
354
504
794
402
305
563
533
966
28
870
601
349
698
808
346
929
924
274
148
33
46
379
129
770
310
746
986
795
229
278
970
69
874
917
495
341
614
88
897
824
618
303
621
402
900
718
99
338
609
59
506
830
172
883
390
430
500
769
488
352
748
218
244
919
972
256
520
584
253
368
24
724
658
394
918
43
74
165
22
571
217
172
64
628
454
649
7
167
344
684
678
995
617
913
866
395
805
651
