279
497
946
881
179
821
841
461
92
248
62
695
9
790
241
968
212
409
556
582
728
120
440
669
846
875
444
677
708
380
775
663
291
119
566
370
75
962
318
522
181
687
376
16
628
622
468
524
345
223
339
390
818
782
141
437
783
167
875
351
265
633
523
207
662
151
14
556
269
241
367
518
714
593
66
955
39
258
230
40
296
395
504
539
993
184
398
173
726
225
221
765
135
588
344
391
477
246
941
60
125
727
301
771
705
764
944
613
837
29
187
590
133
302
151
504
136
923
63
817
664
309
166
116
809
513
354
869
116
48
41
934
376
825
790
839
627
962
760
594
978
37
576
276
587
423
829
592
387
852
325
53
105
646
610
24
982
285
350
836
471
232
181
413
592
313
182
893
415
471
645
190
154
517
448
614
750
400
780
904
62
957
283
270
180
217
236
244
479
850
88
377
457
770
356
359
371
765
592
489
783
384
418
596
570
857
624
398
980
381
401
131
197
292
574
519
590
313
242
326
977
733
442
134
886
852
619
166
796
383
360
400
368
888
333
1
980
917
267
754
423
667
287
911
397
659
953
453
635
810
134
568
369
387
611
713
748
135
175
311
671
165
155
701
861
108
136
169
78
588
709
821
220
989
884
438
896
56
240
482
366
937
582
55
666
526
780
646
733
313
930
254
272
17
500
52
179
943
465
840
915
884
475
220
918
328
275
45
820
333
320
932
124
922
92
806
688
852
83
623
582
134
849
678
275
17
711
698
574
646
258
978
119
744
272
561
746
656
447
96
524
152
220
582
729
192
277
299
399
567
428
874
26
361
832
612
445
271
273
842
314
621
208
778
110
964
409
682
620
48
518
787
908
507
65
261
872
528
877
456
675
228
202
930
734
975
915
661
664
513
661
264
882
735
767
285
516
532
121
923
711
4
386
970
984
604
698
11
702
749
496
250
368
448
25
300
374
419
534
522
562
58
88
608
226
24
707
63
406
692
564
126
936
209
632
416
653
542
771
366
718
836
394
941
211
462
205
178
917
442
165
570
774
381
397
39
880
502
776
716
902
288
479
337
299
963
197
682
141
460
433
954
453
233
807
165
903
665
948
770
360
464
379
879
80
880
769
200
886
706
313
687
322
484
813
679
83
405
427
540
598
92
495
449
519
399
970
845
151
311
671
536
851
464
222
207
956
486
95
967
488
10
500
630
693
357
723
412
677
708
727
769
995
769
74
753
384
730
153
586
433
522
620
862
9
286
760
660
591
650
459
672
740
314
84
923
555
325
828
933
837
651
925
463
592
895
5
789
515
431
670
72
873
120
750
554
63
703
439
482
835
578
418
360
108
253
276
651
624
641
197
5
622
983
832
40
305
818
620
713
365
865
39
187
673
412
90
95
993
654
885
127
622
137
663
866
356
688
481
193
553
477
880
416
381
347
470
889
394
813
172
930
553
45
166
958
78
554
83
841
970
600
943
733
499
779
727
930
186
758
600
163
848
13
884
443
870
164
298
493
240
230
801
443
356
247
736
167
293
357
461
469
215
697
921
305
686
956
197
133
976
276
699
899
835
942
34
273
884
261
111
410
253
688
797
904
338
338
170
72
113
187
453
110
443
28
415
999
715
912
309
622
754
869
727
478
589
690
641
774
804
755
723
914
823
383
822
942
879
307
998
213
334
655
55
152
548
126
293
179
367
955
884
89
214
222
536
815
690
342
178
910
225
665
528
850
41
559
768
240
70
909
185
924
56
773
341
264
940
322
959
624
60
289
173
818
62
475
890
44
118
815
395
462
929
684
507
262
111
676
870
954
284
573
86
375
467
297
661
841
295
613
832
932
80
918
685
166
846
551
193
927
21
319
335
913
398
256
648
762
597
98
708
768
220
718
707
764
395
951
699
623
722
650
646
65
606
982
343
408
339
758
960
141
996
660
259
403
732
512
268
385
760
477
327
639
219
684
371
253
413
195
826
382
753
429
364
267
42
237
679
836
689
21
381
818
222
480
818
216
704
56
345
592
450
601
74
346
757
725
857
54
708
689
918
891
224
924
973
904
928
191
826
407
316
512
899
26
702
681
497
261
94
661
107
643
729
459
209
453
669
899
715
397
436
21
276
496
386
1
438
882
260
328
963
396
799
194
885
976
546
617
827
733
690
107
280
822
632
893
457
596
984
386
107
148
561
171
895
444
444
48
580
190
507
228
143
551
695
951
704
929
813
654
812
604
919
397
691
444
787
476
750
236
594
519
359
272
639
903
436
632
673
366
873
312
567
184
105
308
640
164
849
953
756
538
369
111
866
951
375
603
166
196
970
160
942
653
329
589
146
413
414
938
78
190
418
276
670
62
765
448
901
205
114
196
513
147
845
9
958
583
450
45
165
785
707
325
497
225
134
127
583
497
273
917
815
909
771
821
787
667
864
814
51
397
920
902
314
812
684
182
56
150
534
903
469
920
781
93
127
998
402
905
584
679
90
365
560
23
408
33
170
884
765
586
85
713
543
402
129
424
283
723
84
890
185
500
705
227
891
110
131
793
465
832
755
859
692
23
996
351
644
722
703
835
529
801
536
636
547
501
964
365
638
546
653
591
581
842
364
591
801
459
714
998
143
88
267
866
580
430
192
465
837
813
191
69
135
126
696
891
311
963
934
910
832
297
529
273
631
403
684
81
828
977
408
80
111
989
364
286
205
110
207
594
94
957
644
111
515
589
817
265
113
24
52
111
373
844
193
474
515
252
492
171
863
498
752
420
975
619
691
444
995
835
422
286
970
136
916
627
610
970
606
891
4
487
152
859
553
133
740
49
53
657
89
131
167
92
111
733
345
181
282
713
795
106
153
896
510
376
626
727
416
274
939
397
651
845
807
368
177
514
732
504
273
781
965
219
583
43
561
687
443
416
623
319
992
542
507
484
791
938
842
277
111
32
502
146
867
446
934
889
257
470
982
907
931
925
614
233
579
113
41
296
815
496
364
83
175
123
897
592
991
545
56
131
829
336
953
646
449
222
368
906
964
950
893
991
454
94
303
975
304
564
748
849
706
929
407
354
659
822
255
69
83
971
336
131
446
591
249
118
703
817
785
639
718
868
774
463
968
754
403
611
225
447
198
336
249
830
515
926
360
378
72
386
751
962
815
195
885
159
841
157
698
682
125
652
364
966
125
576
259
37
745
55
139
655
546
753
470
429
717
349
75
635
865
152
647
227
775
597
222
270
806
504
790
166
120
717
945
376
77
494
365
725
994
897
889
191
157
488
902
472
943
785
511
261
574
254
919
522
430
447
302
872
780
851
519
625
567
910
569
244
571
212
448
372
531
4
735
11
482
951
117
811
271
336
729
973
146
662
202
275
111
772
376
335
654
809
545
471
517
187
113
424
35
855
1
111
409
955
266
567
23
45
270
116
639
732
332
550
890
556
182
369
926
567
736
281
489
215
488
243
805
784
716
919
448
594
340
762
982
516
605
383
301
52
55
421
469
139
308
356
882
261
430
41
351
38
667
81
537
536
975
731
93
745
119
285
503
649
477
208
40
746
925
336
627
480
123
443
460
976
734
948
213
764
349
191
231
980
557
540
17
137
428
945
296
626
549
847
500
730
360
31
250
521
549
93
571
334
621
674
936
494
829
240
872
534
104
735
600
469
568
957
174
477
161
609
939
624
282
680
858
382
825
161
216
621
713
3
418
570
739
662
134
435
62
63
351
511
764
429
144
581
475
664
324
817
524
745
840
637
867
76
142
900
156
331
631
817
214
396
555
743
711
59
624
82
660
506
829
378
259
508
954
359
991
593
126
376
943
875
612
998
372
760
52
781
132
768
201
771
8
158
668
81
358
92
868
639
932
535
607
27
210
913
626
801
442
317
73
479
879
869
716
135
183
527
743
640
615
166
380
38
457
173
518
269
860
990
236
821
529
633
537
63
141
88
420
398
112
583
273
857
464
865
803
365
594
5
300
887
911
191
346
886
535
515
0
727
709
941
534
362
927
188
926
666
688
196
589
866
867
451
209
699
158
19
677
42
233
990
998
934
921
440
961
815
910
582
12
418
885
820
454
729
555
956
627
511
199
675
639
377
401
93
558
448
741
153
950
771
983
215
906
50
714
525
213
885
393
665
15
267
872
825
934
54
672
926
595
331
789
903
304
31
870
378
868
349
321
101
147
861
752
395
684
670
988
306
40
860
572
816
652
173
954
686
235
389
306
781
156
65
976
749
35
536
445
877
646
742
734
732
726
722
969
582
480
551
972
34
543
48
860
48
48
101
574
904
82
58
646
61
160
710
170
697
724
960
730
770
369
454
439
962
389
744
629
220
505
657
38
682
87
13
612
580
287
526
50
987
518
41
488
107
963
997
457
439
599
804
738
246
841
945
34
323
243
585
240
322
524
311
326
958
562
224
128
128
564
845
401
578
834
102
730
386
2
883
527
106
768
198
25
964
769
196
201
698
532
355
95
939
668
253
512
394
662
91
21
425
948
381
702
243
692
413
578
214
777
811
841
207
572
315
329
664
862
755
465
260
300
912
142
163
999
441
103
457
774
483
351
889
443
635
94
264
592
50
604
28
140
434
356
962
117
607
840
838
267
361
255
813
967
998
0
959
966
268
177
49
551
164
296
590
844
850
845
974
776
393
51
862
638
867
122
991
513
14
850
899
293
899
301
689
713
136
409
394
216
484
472
652
787
746
486
540
900
991
999
800
617
214
707
50
220
883
456
697
563
781
89
890
880
516
648
108
495
713
933
184
823
709
858
999
103
234
269
333
727
630
616
620
416
93
369
108
881
214
625
61
935
518
164
383
888
73
924
681
796
951
689
638
984
626
337
93
288
782
528
183
896
594
892
348
456
987
168
22
490
919
755
15
793
302
900
639
488
517
533
901
844
877
329
134
846
800
74
508
553
275
259
886
820
231
631
485
237
178
901
678
739
330
65
395
366
834
799
948
133
13
630
492
563
894
455
726
382
626
369
278
638
190
227
588
583
322
541
435
19
623
347
199
31
4
750
13
216
924
161
117
218
628
781
858
749
120
650
90
700
965
242
480
939
793
83
495
716
775
474
649
670
270
574
558
851
545
16
8
453
642
957
307
380
607
173
562
278
254
699
596
268
501
81
590
428
874
384
146
536
153
713
325
347
996
419
269
547
196
97
321
752
654
623
972
375
849
977
681
539
164
368
978
593
724
138
99
246
747
437
25
15
748
632
385
124
51
77
891
931
898
383
444
797
949
356
259
646
439
271
243
190
62
317
631
39
817
329
45
491
314
566
113
676
726
209
426
407
664
209
361
662
814
876
349
0
220
327
260
647
509
745
652
149
152
740
640
508
742
570
790
41
225
616
468
804
624
865
131
287
80
338
92
208
325
701
287
637
790
292
755
211
78
684
32
307
294
684
143
266
719
616
947
339
806
406
281
83
417
452
650
32
637
4
257
647
786
766
712
857
926
936
429
209
62
620
18
124
364
550
594
926
545
425
975
197
491
781
369
420
442
374
497
878
533
84
523
629
458
891
882
158
106
847
173
539
498
661
415
197
574
864
189
515
232
663
624
699
262
904
618
684
82
643
941
598
730
693
583
894
200
376
890
746
532
579
399
110
214
907
947
808
728
358
834
934
567
519
864
762
242
259
807
806
658
583
114
370
146
316
183
952
633
216
963
0
626
410
960
757
493
426
282
699
902
307
463
267
218
941
500
372
514
899
892
192
249
766
51
80
800
572
897
5
768
1
835
116
695
64
907
141
243
318
39
577
300
419
415
69
167
6
384
447
772
875
350
803
145
188
998
267
71
42
153
289
458
974
852
682
815
536
676
402
213
746
887
141
590
635
110
217
863
68
599
998
403
440
543
78
390
380
765
911
221
600
297
306
555
74
155
199
77
542
408
863
951
708
806
798
360
462
17
195
960
803
199
917
411
429
510
515
565
468
989
704
292
757
815
330
998
330
668
349
327
471
873
73
868
358
144
933
110
56
683
662
694
217
962
440
607
599
892
927
346
454
626
914
354
34
742
301
263
395
490
626
152
846
710
132
105
190
361
591
365
134
120
631
20
593
413
563
509
904
223
589
256
104
991
146
474
821
474
641
275
727
938
73
492
592
960
651
33
6
172
601
559
443
69
977
703
583
804
971
744
495
426
587
603
812
97
930
144
210
128
960
494
515
281
718
839
384
348
59
265
747
422
909
161
900
37
154
915
606
706
618
756
125
833
410
312
311
828
864
87
412
995
830
467
299
640
957
885
170
791
832
117
633
243
209
919
156
36
180
730
316
516
534
781
48
480
401
715
13
116
279
109
295
791
208
502
683
966
627
946
299
580
773
703
820
479
232
174
960
502
891
195
851
974
402
583
380
692
498
463
594
661
811
29
312
409
266
44
103
742
378
226
814
584
815
606
656
918
926
112
3
688
228
168
920
652
754
718
180
408
130
345
866
778
209
67
250
108
528
985
162
171
744
817
192
750
681
108
393
619
712
739
25
53
259
557
727
938
906
358
660
617
116
220
240
720
571
443
858
268
413
384
658
362
912
651
820
162
961
709
683
219
560
81
591
777
412
871
908
99
23
67
273
841
5
157
778
11
535
705
458
765
382
310
945
431
22
300
398
400
929
918
753
218
396
463
120
976
978
858
427
900
219
377
406
366
17
279
715
199
759
697
89
76
134
86
53
437
342
616
491
749
709
963
849
188
303
666
352
279
234
577
776
889
740
300
663
163
587
391
206
736
673
719
513
595
931
477
896
369
556
275
942
763
74
615
461
188
957
149
68
513
183
392
431
534
989
713
921
333
464
144
273
513
448
679
222
929
742
167
15
704
525
49
260
97
412
862
123
231
498
867
480
994
159
100
724
495
466
378
984
119
940
279
70
175
232
621
612
615
286
878
694
28
27
447
992
808
967
878
933
305
922
802
526
95
859
89
914
223
967
844
646
381
99
407
66
958
94
61
32
955
885
737
82
945
812
783
830
750
726
888
760
854
154
780
68
243
82
874
215
571
40
499
954
699
552
93
81
26
388
643
230
736
512
26
748
269
571
46
523
438
470
290
824
521
340
199
54
258
942
668
237
911
354
276
397
766
839
901
103
502
784
12
448
242
66
133
251
802
444
120
882
292
210
312
489
888
534
206
287
881
900
970
577
318
968
865
717
225
150
34
688
999
5
778
685
982
833
191
74
397
283
394
120
68
991
85
551
821
891
76
451
114
815
953
176
974
813
695
405
504
927
280
768
25
639
634
54
399
710
716
333
786
797
262
280
195
657
398
438
637
903
999
991
283
156
812
572
809
895
11
754
871
446
860
171
816
666
800
337
25
328
15
215
980
212
834
350
116
388
671
145
707
910
754
822
88
591
856
474
596
937
767
495
411
704
986
956
120
586
209
618
952
505
876
14
913
654
176
655
188
219
738
790
989
532
97
309
483
83
672
278
115
288
873
393
759
609
493
761
924
84
783
931
873
910
208
356
235
854
765
391
581
723
846
543
885
438
208
87
858
430
921
308
465
142
707
539
55
317
426
68
321
938
103
363
495
938
959
439
655
576
662
792
573
95
573
946
88
31
858
840
976
777
967
839
460
25
171
193
712
759
580
323
723
362
110
907
878
434
692
881
137
560
757
688
416
348
507
81
570
418
573
757
626
699
429
13
270
715
67
512
805
188
463
376
326
991
894
969
147
226
444
807
340
642
48
35
184
542
245
297
566
117
156
473
34
358
167
121
284
546
833
987
170
800
569
536
997
709
941
737
713
965
882
437
221
451
458
596
43
784
95
790
642
164
43
329
230
766
58
374
329
17
671
479
67
134
595
135
989
720
693
133
932
264
43
367
224
405
966
495
412
143
868
564
40
129
542
592
986
729
978
273
459
741
907
791
125
387
748
105
314
44
516
4
736
655
538
433
225
110
770
969
735
271
952
127
597
137
433
291
536
985
282
175
156
872
280
7
571
314
38
426
888
318
148
223
770
85
412
542
828
753
41
989
153
588
432
747
221
377
216
124
54
154
14
626
881
40
217
908
561
697
845
526
747
481
795
452
261
887
989
628
60
674
294
679
69
233
768
500
707
188
664
634
431
658
91
959
262
535
700
849
556
930
246
848
678
953
651
831
917
337
367
509
775
629
79
68
495
466
59
582
884
366
371
38
815
195
565
778
215
3
340
131
863
457
244
302
982
698
530
59
687
630
97
47
279
239
87
224
771
949
814
60
148
859
206
686
683
201
919
167
655
855
573
717
398
939
772
482
183
832
459
548
541
507
717
684
600
538
586
374
302
468
228
428
511
679
629
342
566
218
742
498
955
183
194
908
373
948
354
354
277
767
785
551
886
996
959
802
872
532
867
466
299
843
42
112
97
502
332
153
116
936
541
958
711
232
769
842
625
584
961
704
987
548
666
231
635
636
468
587
529
32
480
656
375
464
907
437
669
133
864
219
194
343
361
809
295
180
437
478
685
210
757
353
743
481
185
896
274
936
400
180
560
850
956
533
676
981
556
79
976
359
683
361
643
364
469
230
494
137
186
281
901
631
979
730
883
500
970
175
766
363
22
745
49
982
787
493
96
470
960
378
590
376
570
854
371
891
678
656
825
385
228
457
430
162
351
253
364
168
553
407
611
515
547
942
176
145
953
922
22
584
292
90
27
844
97
238
966
608
440
372
860
898
79
538
34
72
284
551
749
177
705
37
813
762
258
438
160
301
178
243
235
855
339
571
731
567
693
686
713
502
686
815
115
455
855
151
576
341
615
555
220
787
984
700
361
428
743
527
310
840
202
569
977
359
258
65
377
805
8
738
679
690
220
891
602
861
680
508
81
548
235
303
531
699
137
185
546
262
256
76
126
389
781
178
710
291
133
536
706
859
288
764
92
704
727
437
588
342
326
366
211
490
741
558
327
219
128
271
148
212
358
584
636
96
351
834
222
368
335
123
490
635
391
227
548
203
923
505
375
232
301
168
120
163
384
83
827
273
377
202
588
962
448
465
956
381
308
619
163
618
524
216
140
843
171
824
564
504
619
83
332
181
57
494
255
826
209
852
333
944
560
335
53
771
520
353
729
800
529
396
147
700
449
257
118
406
390
441
495
122
691
294
962
715
887
749
241
85
563
787
103
268
33
361
355
724
626
717
976
958
632
350
601
27
610
932
74
616
54
169
209
542
792
792
396
853
49
505
716
453
555
798
886
449
0
525
947
928
987
961
101
953
190
767
666
114
146
211
461
453
37
701
535
592
838
164
733
944
180
844
547
241
644
751
750
139
121
950
15
364
566
233
380
583
87
411
200
159
646
243
987
994
17
872
588
804
184
237
178
694
748
197
690
155
419
387
747
383
217
608
501
316
232
745
16
835
416
957
705
475
585
216
295
281
53
95
100
269
59
513
839
228
214
165
206
39
860
414
176
976
186
568
841
172
509
541
735
81
931
449
17
701
632
78
327
48
820
181
108
944
258
26
496
879
52
722
330
283
82
948
91
489
657
713
813
159
376
905
587
917
581
155
194
391
990
513
69
434
796
462
454
280
338
341
976
170
539
175
282
593
329
841
46
656
626
391
639
618
253
809
296
996
763
337
18
310
736
13
118
259
200
895
248
474
70
678
500
17
288
609
370
317
742
240
445
937
585
407
474
40
385
760
412
856
183
932
436
301
769
205
501
463
484
755
782
338
339
929
576
880
245
155
423
261
965
151
782
222
347
125
691
758
168
100
105
103
158
994
916
793
350
575
904
467
411
543
754
323
412
50
272
947
744
514
980
395
585
520
763
428
186
212
77
696
301
231
317
580
573
446
455
350
842
198
97
329
667
550
74
282
894
173
688
527
123
881
406
643
767
273
41
96
963
552
652
713
164
710
66
187
566
237
728
800
746
461
533
551
943
44
441
435
756
134
155
566
236
68
759
282
122
276
532
5
579
853
516
774
203
214
940
752
127
466
307
58
234
393
680
248
683
878
508
962
107
792
934
566
693
160
293
764
550
550
336
95
276
16
257
651
531
713
161
431
522
665
429
529
901
550
333
560
235
655
453
858
223
417
933
154
940
48
707
733
137
60
432
626
988
197
504
747
907
644
467
685
693
647
953
256
575
937
322
915
547
268
98
7
131
379
684
222
307
577
622
832
772
208
442
770
949
687
460
979
620
355
527
316
315
744
43
244
325
652
665
509
623
48
303
279
347
100
990
966
656
214
512
634
614
695
216
555
989
730
162
143
109
881
337
34
231
486
983
937
171
700
55
419
227
991
550
188
981
654
776
895
998
203
271
487
433
245
735
186
158
971
308
914
320
428
677
242
671
215
770
810
828
748
327
391
179
542
357
122
522
630
254
387
56
485
527
890
393
341
130
713
558
317
704
281
961
823
798
184
254
423
23
68
676
346
791
751
771
393
791
599
248
760
460
760
348
631
826
552
427
77
126
494
448
900
850
200
213
549
97
192
7
897
194
27
649
217
177
150
127
658
888
317
291
392
590
49
69
14
342
100
330
472
144
236
87
805
156
738
95
292
498
711
120
321
983
266
44
588
930
192
756
607
293
656
390
218
55
354
279
397
86
699
163
145
986
887
497
427
244
92
172
350
765
887
588
788
51
694
916
489
118
865
212
172
145
918
318
474
860
215
413
241
942
153
722
462
376
708
609
11
157
202
208
976
101
998
711
285
289
731
26
482
977
238
476
308
136
704
854
340
417
996
685
540
675
378
202
137
784
293
562
872
843
311
398
935
104
975
189
521
445
828
493
556
542
793
696
491
575
349
507
883
554
318
50
381
288
841
47
799
204
136
634
447
963
760
314
165
816
878
602
723
604
446
534
860
618
624
980
6
801
535
656
541
962
959
992
613
601
299
342
476
305
208
364
506
720
497
425
543
26
303
546
999
553
437
612
404
497
782
741
832
74
555
386
324
319
165
243
714
811
627
571
740
867
65
260
128
318
285
271
985
129
367
857
746
232
644
377
745
407
671
789
565
406
469
980
158
715
603
135
952
689
598
385
963
6
863
998
770
626
281
159
886
123
992
787
783
957
616
305
983
895
247
986
530
978
8
515
53
354
653
536
842
119
328
797
693
749
430
421
591
631
193
742
372
514
536
676
891
373
477
849
553
831
778
638
738
329
753
523
766
506
775
474
916
89
740
154
86
453
178
55
680
49
328
887
230
475
474
56
497
531
910
804
581
209
597
454
690
895
739
639
829
829
910
937
907
908
167
5
457
162
440
287
3
780
59
895
191
42
666
771
101
347
656
479
558
706
354
839
853
320
116
619
174
849
420
953
930
819
205
265
892
216
867
657
627
997
229
545
957
722
92
473
332
298
822
798
511
909
87
259
560
817
230
564
485
856
719
70
213
954
226
235
26
746
255
577
469
654
443
954
970
449
348
134
681
675
598
908
390
776
79
440
118
541
285
526
326
958
210
949
361
981
273
438
126
422
856
395
796
526
369
261
179
641
375
526
337
434
297
302
765
581
126
680
523
73
854
900
813
265
193
944
738
89
318
831
405
782
394
836
669
894
739
663
900
391
111
181
343
771
942
807
681
633
657
57
780
911
125
851
709
99
920
84
978
369
775
793
571
823
161
246
955
996
884
387
369
94
402
912
799
11
223
203
414
240
250
46
484
725
950
702
308
465
723
813
568
426
678
417
132
764
650
222
578
547
521
14
398
332
995
457
390
205
169
824
208
789
663
970
368
318
628
122
788
839
535
72
893
86
463
523
12
827
839
632
991
183
813
980
255
843
198
101
303
117
623
551
147
622
954
635
35
943
139
386
122
801
126
127
423
155
896
914
679
190
206
608
285
285
165
184
224
216
111
305
535
328
591
383
595
773
713
724
377
442
169
155
939
162
206
703
9
804
939
474
753
146
738
514
121
656
589
486
869
855
35
711
585
129
634
569
604
919
495
737
183
573
224
904
41
471
122
29
848
894
188
632
846
307
79
659
942
292
672
139
625
884
932
228
666
540
199
564
578
375
544
45
464
732
437
222
649
956
830
347
87
211
489
944
106
596
570
37
64
709
548
923
266
346
944
429
172
5
632
826
920
3
545
726
177
633
979
480
15
717
303
14
387
418
164
469
880
131
821
581
52
304
922
105
226
622
786
204
430
857
130
911
348
573
596
623
829
162
399
355
686
894
127
579
15
260
785
84
86
866
190
976
965
272
57
626
158
324
198
23
417
35
680
72
944
634
815
892
704
170
869
906
796
674
84
556
303
662
206
176
102
262
727
440
192
617
563
585
347
760
504
568
179
999
983
192
529
598
973
905
935
94
112
802
476
446
800
559
992
269
12
574
317
954
790
619
800
664
740
251
403
989
292
93
144
306
427
588
12
804
594
450
413
872
429
511
409
678
201
47
637
508
122
729
199
76
718
139
233
656
386
3
419
929
263
392
139
726
816
144
51
682
906
995
199
334
920
988
329
294
34
23
387
464
330
150
664
654
764
741
472
269
839
110
455
566
955
199
376
977
433
199
931
826
841
488
768
292
44
925
14
537
840
245
45
788
1
72
676
125
18
206
480
155
856
959
426
1
294
253
652
159
634
237
56
713
836
573
348
636
326
199
406
812
533
891
39
196
123
452
551
869
309
609
286
935
312
531
738
173
603
85
50
226
945
383
934
498
845
750
448
500
506
878
35
123
247
935
734
300
739
365
973
153
562
841
477
204
196
45
554
8
846
429
103
936
864
417
80
43
994
431
935
583
779
77
178
954
840
436
589
600
750
728
474
919
476
532
385
710
615
834
573
780
227
40
918
989
643
174
892
22
550
868
790
730
430
137
663
117
446
14
73
997
959
904
737
209
559
340
855
954
151
518
393
14
183
554
467
67
368
875
956
320
421
457
168
263
311
773
46
263
500
64
365
758
211
506
848
684
999
879
235
714
334
108
720
306
324
943
435
136
297
499
982
341
387
562
194
444
769
126
515
13
566
208
110
416
830
82
121
596
665
616
783
837
896
584
823
267
664
874
465
447
682
723
460
529
965
940
950
924
849
615
737
635
369
961
126
765
372
827
586
140
463
275
585
812
427
63
131
342
606
745
137
692
329
790
188
231
725
401
907
268
515
397
790
805
839
399
948
499
752
593
933
513
367
331
229
749
569
69
286
671
514
839
992
756
328
945
336
940
473
894
186
175
386
739
804
102
726
398
481
126
855
33
879
215
611
430
598
251
94
637
21
490
752
104
466
130
299
207
381
764
524
471
441
473
443
422
569
108
48
514
92
744
348
575
348
426
41
711
528
386
111
115
299
691
485
536
689
634
104
837
119
979
378
81
644
166
58
633
439
769
875
143
158
943
444
534
600
910
388
58
112
510
848
260
390
493
355
219
148
520
649
423
650
276
311
726
590
139
178
481
203
18
298
913
53
902
331
523
943
878
809
203
345
68
277
268
801
238
744
341
604
457
578
488
41
757
952
860
787
971
544
594
202
418
82
4
244
433
452
121
148
680
778
398
999
119
497
454
328
808
439
810
663
896
352
724
18
656
719
13
776
114
815
687
566
63
397
572
520
653
261
717
933
94
117
351
135
787
537
167
486
287
68
182
881
449
615
744
328
650
418
31
464
532
621
36
900
35
993
117
284
405
239
498
493
972
260
434
21
325
689
810
353
617
875
317
44
929
843
216
430
486
523
4
376
294
219
398
79
883
448
235
29
77
49
261
623
264
717
987
451
856
372
988
83
112
552
531
303
819
631
167
218
10
384
866
267
571
736
889
605
122
104
850
933
890
109
481
433
140
827
358
592
736
183
760
841
466
895
757
515
523
80
801
406
456
765
163
357
816
62
368
201
766
948
775
67
854
431
683
229
269
483
983
285
890
61
723
759
664
277
381
454
749
650
115
199
85
188
125
635
471
330
24
303
457
600
324
697
392
61
998
112
559
375
962
816
168
459
145
953
449
109
800
524
910
760
209
145
85
906
978
424
510
295
276
458
336
17
222
627
617
1
95
446
494
852
563
28
576
925
93
275
928
251
650
736
65
31
342
449
331
388
560
152
784
347
416
727
287
401
193
405
750
808
818
923
901
487
222
134
518
166
395
121
80
707
696
150
770
506
799
64
548
133
810
776
218
775
162
163
378
318
194
964
268
909
378
155
425
715
583
401
780
108
648
863
830
137
508
107
694
758
87
533
973
584
163
124
518
26
515
952
444
123
347
316
863
997
371
674
486
540
571
770
320
312
576
209
950
897
635
962
855
495
411
371
583
388
409
191
362
150
730
627
699
300
154
791
161
611
754
404
592
198
964
644
837
697
566
610
123
488
138
871
508
585
254
846
785
906
735
285
410
536
872
176
185
5
401
579
72
109
11
780
435
237
895
611
504
73
206
176
67
585
739
951
582
287
53
73
542
439
537
842
904
659
900
755
18
162
421
212
239
805
857
344
986
318
553
860
540
517
813
109
472
888
996
541
315
549
683
610
425
888
67
963
570
644
984
712
420
640
979
405
714
447
897
554
786
371
452
186
829
624
663
710
47
89
951
622
774
217
573
787
63
743
545
860
979
199
696
27
121
809
741
978
446
401
182
96
175
834
325
34
847
535
935
663
451
712
346
909
171
949
95
954
852
786
222
968
808
119
745
543
30
131
385
352
982
269
541
572
477
830
873
607
110
14
586
365
978
481
903
287
542
702
116
865
363
740
984
787
27
649
919
914
511
641
282
10
990
527
865
691
607
187
74
309
455
776
579
466
758
97
636
326
140
623
592
37
17
633
714
569
986
985
525
614
272
647
59
133
994
948
815
785
394
701
366
777
485
874
399
770
732
946
932
89
800
157
24
378
971
894
608
848
313
762
855
745
332
737
322
420
927
384
722
578
490
529
487
71
629
200
809
683
848
874
730
9
543
860
784
540
875
725
846
809
818
393
34
197
617
995
17
915
192
231
263
770
67
937
843
865
401
173
542
544
950
588
116
125
555
127
771
719
245
404
801
994
819
906
834
239
313
770
374
967
601
716
497
389
569
723
660
101
295
550
514
405
265
716
237
30
890
99
350
838
535
557
363
62
511
704
986
539
336
113
188
356
823
868
101
606
599
42
592
631
579
935
279
621
638
558
824
882
63
436
388
815
699
774
809
586
3
592
759
605
508
364
511
852
348
194
782
211
698
962
2
434
295
947
188
254
641
839
619
908
199
365
97
93
398
82
727
225
569
830
732
593
407
759
674
781
215
804
537
950
886
263
637
722
953
687
531
802
630
97
521
297
540
379
219
555
172
758
889
967
455
989
78
195
662
830
787
587
465
771
386
533
871
533
159
796
60
319
872
454
369
434
110
428
157
850
355
62
248
820
483
641
80
194
744
63
733
181
917
585
144
230
4
498
321
993
531
531
868
598
80
150
893
189
190
722
547
53
120
419
88
690
882
378
185
217
255
72
832
760
508
427
791
775
75
746
375
317
620
227
94
465
703
327
719
790
645
294
259
409
796
316
150
938
528
871
341
901
542
900
171
692
836
397
874
947
653
530
942
599
888
313
309
988
824
67
923
17
23
636
114
834
443
838
455
554
714
651
512
147
562
253
217
476
233
69
149
493
475
212
754
786
2
296
309
610
728
230
989
195
839
233
860
435
410
517
367
597
125
795
150
167
534
417
167
692
759
900
349
298
59
141
206
242
654
925
747
808
394
158
640
798
203
608
659
713
820
245
1
311
155
890
764
412
319
42
17
552
50
792
53
150
985
232
736
859
416
355
442
401
634
478
441
640
159
422
13
768
398
570
786
797
113
556
781
15
120
661
370
532
446
172
114
653
952
667
666
234
572
359
310
570
990
194
732
468
589
830
341
67
452
311
887
321
900
102
293
491
214
742
736
93
815
445
670
906
501
353
961
81
454
412
915
879
391
749
277
494
770
60
111
391
433
618
665
897
454
435
40
533
117
113
149
69
137
678
383
865
979
797
265
382
810
654
750
300
236
444
544
986
258
437
40
112
825
878
775
552
389
999
515
841
424
282
806
674
952
356
704
64
399
453
789
468
564
82
674
652
446
588
160
84
777
380
314
225
609
422
579
698
147
967
417
747
36
477
911
943
456
441
326
529
316
59
842
63
664
371
139
988
724
463
242
496
611
94
652
143
237
551
19
827
182
455
287
694
52
637
475
552
518
140
540
897
303
869
909
43
618
525
277
391
544
402
250
195
364
46
487
997
592
534
937
671
64
401
967
343
868
904
503
601
284
559
70
75
316
869
607
909
766
213
717
75
694
305
420
808
209
672
833
520
223
629
201
858
135
180
415
881
425
984
904
78
119
902
0
268
429
72
615
215
408
519
910
537
155
856
315
67
388
225
917
508
93
793
457
625
694
585
930
73
7
611
63
516
131
141
455
384
881
434
760
591
796
382
652
728
218
75
308
432
42
604
63
733
662
758
555
727
360
598
677
51
657
707
227
29
565
49
502
746
474
207
837
192
39
622
596
210
360
270
236
531
456
574
779
326
784
32
916
112
331
599
146
307
796
573
942
31
895
766
865
415
996
683
139
38
275
75
769
740
241
380
980
184
88
610
86
612
684
682
920
680
930
462
39
964
227
261
774
845
846
726
452
995
244
537
406
69
5
426
31
793
160
779
531
132
695
837
275
226
657
746
691
211
817
762
200
954
275
727
621
587
999
127
860
401
870
343
785
745
449
911
482
446
994
997
851
698
458
705
335
461
889
547
392
437
252
140
911
235
608
415
655
246
668
453
228
62
317
31
793
886
652
900
327
375
234
208
153
622
547
893
268
713
56
272
381
819
550
202
658
145
317
729
866
320
379
427
424
893
694
991
947
409
912
360
57
687
212
150
113
604
240
106
784
153
539
294
756
520
653
464
188
105
318
585
216
183
662
437
989
948
492
465
208
189
778
700
724
747
22
756
839
128
523
295
359
43
621
338
881
199
940
280
986
270
432
739
174
589
803
144
886
133
316
362
519
526
959
638
661
255
673
54
895
814
306
229
131
432
499
206
306
78
287
433
918
413
542
954
688
688
332
687
239
364
681
535
971
848
329
802
399
783
308
992
964
67
63
786
586
103
385
7
833
152
2
36
718
650
789
652
994
459
215
895
172
326
64
818
935
143
734
211
742
678
288
374
331
881
736
897
599
482
954
177
107
698
481
999
342
432
193
635
519
947
447
443
466
831
428
192
616
151
768
581
110
552
884
828
184
78
472
903
974
318
298
760
108
94
336
86
88
996
197
4
805
458
399
144
372
731
946
885
722
877
765
317
20
195
409
534
198
805
506
575
996
462
575
728
344
346
819
892
266
482
54
852
854
965
453
168
470
261
733
172
504
156
944
974
779
825
198
872
355
818
652
190
876
815
450
669
195
993
198
893
783
141
887
437
758
473
444
122
109
514
706
251
216
951
228
300
39
70
213
997
105
217
625
511
106
141
305
106
992
703
77
814
284
178
428
444
35
585
160
159
884
581
692
565
748
596
639
28
605
472
602
931
701
775
165
454
522
987
768
189
860
328
893
898
451
141
787
421
879
393
468
365
871
68
848
669
705
631
715
553
224
280
362
516
355
662
755
328
809
14
466
416
107
400
720
261
26
113
701
411
968
861
918
8
730
88
794
161
346
714
558
240
932
973
121
949
670
828
137
216
658
242
764
921
544
851
131
852
820
827
73
196
992
177
377
219
26
232
757
587
205
490
619
20
605
761
978
530
908
308
474
698
2
410
657
306
673
6
658
786
206
799
864
595
683
658
369
738
306
654
437
848
644
988
518
689
432
761
873
631
111
594
850
195
915
91
358
224
720
316
898
532
491
680
505
971
983
619
58
194
158
487
656
876
428
971
722
372
464
921
123
184
124
50
421
519
947
729
334
919
250
496
981
989
991
467
198
154
582
447
912
390
323
142
351
27
825
899
437
681
441
252
372
793
414
513
119
825
453
23
798
803
51
168
280
250
822
203
675
794
613
588
551
538
371
56
552
529
199
472
762
986
527
711
895
958
547
697
84
997
318
186
242
704
110
416
184
661
277
726
677
312
528
485
627
683
613
201
695
50
657
726
61
573
783
902
9
627
109
256
56
615
736
765
365
794
168
106
807
629
903
733
407
520
306
735
536
532
98
925
319
322
780
842
250
238
436
964
845
211
473
9
607
356
609
62
163
189
709
171
18
900
888
591
126
718
561
436
514
482
152
855
245
996
164
430
237
192
466
230
344
172
531
104
925
144
181
631
409
876
769
536
158
54
612
230
422
102
375
34
269
584
817
4
812
982
525
776
450
711
62
583
77
232
558
593
326
102
878
676
531
669
592
780
661
423
560
727
154
12
873
315
589
875
476
711
321
587
435
795
349
720
739
884
9
997
296
824
134
946
810
66
884
538
861
603
381
564
471
206
430
252
43
477
246
886
506
141
183
326
673
3
730
22
853
169
663
309
915
121
290
544
220
813
944
512
150
521
625
161
838
894
776
658
232
995
5
165
641
786
795
892
932
316
421
454
313
898
116
605
444
817
212
29
785
657
964
12
629
938
668
128
823
860
161
89
494
449
612
741
420
705
417
249
824
746
714
387
681
274
155
9
894
163
209
541
275
169
12
912
182
211
804
799
120
11
175
95
599
972
912
833
815
183
956
665
664
578
485
465
483
334
745
885
31
523
973
243
64
610
587
713
319
806
451
418
748
664
574
926
720
830
701
157
367
64
816
744
322
790
107
29
955
497
178
669
601
165
677
899
996
655
46
67
298
89
567
548
328
431
209
932
668
397
464
646
951
799
874
930
432
668
750
418
939
256
825
101
801
445
971
906
689
285
416
650
468
975
3
905
942
379
933
963
393
252
331
888
131
49
477
67
791
711
723
685
993
87
466
552
611
55
772
587
621
672
374
873
297
268
923
750
236
290
285
736
905
319
499
445
16
418
855
135
763
619
550
817
56
257
386
108
11
384
541
706
43
100
147
334
21
36
58
406
398
869
622
671
241
378
997
844
48
909
785
226
47
173
140
314
669
692
229
163
956
867
160
20
863
828
452
764
339
740
838
230
966
491
99
700
373
833
19
782
433
999
329
567
985
407
639
757
531
545
382
763
459
580
723
564
70
933
541
478
729
510
594
409
698
886
857
75
392
337
859
721
367
4
171
620
515
983
140
893
254
135
770
230
612
47
984
335
819
146
169
330
857
944
882
27
381
531
228
143
591
612
455
232
140
247
370
331
154
920
608
127
386
760
116
185
307
120
837
944
418
912
12
970
743
933
514
441
228
413
623
718
279
416
653
536
54
821
731
57
906
157
653
302
235
456
321
488
715
667
620
612
624
611
75
691
897
9
366
622
457
769
446
171
81
120
855
452
904
665
169
290
726
725
57
998
302
477
420
527
170
613
227
597
368
534
193
41
193
784
714
871
50
275
502
9
748
136
203
425
223
609
161
218
515
617
318
532
990
753
786
250
930
856
452
970
430
86
51
832
564
846
106
495
915
22
907
589
507
668
92
370
149
62
22
517
773
158
546
651
984
793
670
5
463
66
901
701
910
679
237
884
894
159
242
803
590
951
608
364
553
656
917
4
408
807
845
847
80
905
543
456
366
96
101
956
375
478
913
858
405
557
938
257
779
160
854
469
353
658
761
96
691
457
812
473
804
726
985
764
888
380
531
790
70
467
546
659
677
88
972
69
798
315
255
531
918
116
482
404
927
66
364
78
285
82
956
992
931
856
23
448
488
821
304
265
348
846
858
917
524
500
969
435
477
53
151
797
301
423
770
505
61
68
978
666
882
806
825
362
355
105
331
86
701
935
788
686
274
276
761
800
833
295
654
471
446
521
855
645
610
869
842
866
709
732
777
0
984
339
70
453
999
860
0
188
219
22
322
656
54
394
433
694
63
387
990
982
46
481
954
389
962
650
790
459
325
181
789
916
1
429
633
973
411
454
378
84
838
223
341
220
115
923
993
948
348
926
589
723
864
481
349
579
384
19
115
319
272
396
993
521
898
310
837
541
484
866
430
772
585
716
443
389
821
61
491
366
562
699
815
107
368
311
547
761
514
610
515
162
67
164
922
373
670
723
478
305
693
693
184
54
146
995
543
720
697
682
148
104
558
430
959
825
675
629
761
748
34
461
283
313
729
179
628
723
619
585
24
910
906
651
467
335
531
791
829
760
490
198
231
438
748
363
739
977
740
639
402
32
685
127
48
247
678
819
985
254
51
227
567
63
712
935
435
107
824
892
585
545
396
70
520
156
216
663
398
120
927
106
619
105
478
900
468
800
262
488
368
595
427
69
351
640
90
879
517
622
807
390
974
632
956
374
772
822
813
340
60
761
56
354
343
523
555
0
932
401
774
639
115
319
287
139
532
910
884
812
21
796
891
521
402
568
629
674
471
792
377
592
521
73
236
147
731
634
62
935
205
558
41
180
966
364
83
561
274
828
562
61
806
112
359
457
720
29
283
949
876
29
462
422
937
923
766
312
299
586
436
246
537
73
563
147
942
63
218
244
429
399
201
68
805
56
664
171
12
692
362
292
712
563
72
322
9
195
418
302
506
110
481
879
806
872
280
999
775
124
457
478
385
978
740
134
717
839
801
250
338
641
23
379
150
980
37
480
115
894
605
793
852
588
721
136
982
199
773
773
660
511
948
557
778
530
999
934
611
8
576
601
294
638
597
285
971
382
839
916
780
943
866
404
902
718
87
596
575
961
741
264
153
747
503
428
204
770
558
57
530
761
39
999
828
345
264
671
650
611
747
978
904
899
837
36
228
458
288
319
51
82
141
718
867
470
141
183
387
614
510
731
175
20
75
453
392
398
516
604
344
56
749
359
675
581
650
564
225
578
808
733
288
71
967
192
534
291
652
586
164
979
722
103
182
926
32
544
774
840
422
809
857
913
321
102
81
745
702
986
314
307
235
683
184
947
569
197
813
205
710
25
569
68
919
714
418
91
850
989
435
899
737
202
376
18
466
203
623
844
20
903
602
945
925
276
233
963
198
591
413
130
312
857
631
717
271
632
287
967
124
582
465
636
57
442
209
367
350
202
751
121
480
890
470
800
697
187
974
346
443
291
361
572
877
172
379
283
568
20
754
686
724
145
53
174
283
943
457
980
511
239
142
981
31
541
193
212
756
62
571
708
194
172
126
136
795
424
903
178
541
19
615
788
988
361
275
510
954
778
444
156
770
582
361
915
172
925
376
489
50
424
275
478
553
311
759
402
804
192
120
356
955
169
545
645
944
98
279
255
362
594
917
781
82
732
930
592
627
445
14
578
615
221
548
587
916
720
73
694
581
32
163
400
317
737
988
828
830
216
966
437
295
393
360
73
493
884
391
95
736
970
72
765
726
810
881
184
293
771
487
280
474
525
650
839
111
240
637
895
904
376
242
869
870
452
242
982
149
970
650
140
984
784
153
284
724
49
926
656
874
171
318
52
126
769
651
839
21
218
288
280
811
684
184
754
330
358
95
262
247
690
897
388
894
115
222
725
125
376
159
31
758
980
90
638
87
714
112
180
659
554
640
725
67
770
829
457
231
804
106
774
150
968
230
674
766
766
771
698
349
970
72
226
342
660
286
402
655
114
95
312
174
109
178
584
372
213
347
973
74
226
192
594
736
32
375
394
485
438
682
240
256
435
141
132
116
85
606
115
123
679
66
2
193
374
289
782
641
457
672
98
134
899
708
454
559
383
238
809
53
166
250
131
777
407
617
554
174
428
239
223
734
252
351
331
225
611
578
355
288
858
206
469
391
868
