547
6
155
343
113
909
837
213
810
273
765
308
651
69
117
387
53
741
256
528
290
896
929
984
845
42
446
130
390
533
608
601
119
583
546
352
543
782
900
992
864
120
707
444
158
384
518
478
6
418
0
970
432
304
141
240
851
397
594
439
700
6
726
573
58
545
647
539
938
213
114
173
202
849
131
111
659
449
613
931
496
130
766
656
741
527
682
876
142
452
851
905
670
368
690
798
17
927
356
468
94
621
380
985
716
263
657
986
623
860
828
976
255
721
496
917
286
201
541
377
956
627
995
213
481
221
136
896
430
735
23
7
232
818
285
623
498
48
65
151
357
437
759
569
751
682
208
503
134
906
498
90
239
302
600
677
720
275
14
32
277
3
731
129
683
881
938
316
215
486
695
75
650
432
795
889
724
410
508
81
809
823
725
36
260
808
165
294
967
597
510
226
212
872
300
572
803
749
911
924
769
69
543
835
41
234
204
701
170
493
599
278
588
155
889
866
999
334
398
837
147
208
228
625
846
730
6
829
821
690
840
586
755
507
358
945
719
430
621
456
932
983
454
252
586
906
643
137
21
436
463
468
303
142
30
785
407
476
957
232
557
436
968
851
320
546
79
162
270
721
172
799
40
643
971
918
928
833
854
28
423
574
132
353
199
133
302
319
202
156
598
10
430
352
276
962
717
624
166
411
5
837
578
870
944
182
108
232
633
931
391
968
36
144
202
190
640
521
600
791
157
4
811
669
932
161
919
867
783
790
143
678
13
664
558
304
210
868
291
726
65
804
242
224
631
181
51
689
966
740
666
92
42
977
210
14
203
708
126
147
96
763
566
929
212
605
146
329
456
425
102
276
693
384
18
529
28
786
693
668
972
676
917
363
358
878
966
418
553
627
701
606
845
602
855
687
238
25
179
966
751
849
0
462
928
956
76
191
926
699
387
397
894
292
512
631
573
81
475
315
191
404
223
727
666
102
663
99
150
415
188
674
203
487
149
584
815
291
612
717
627
780
561
910
632
201
693
813
235
140
269
199
323
282
321
315
763
932
640
859
640
691
450
755
704
352
810
918
965
313
149
983
717
736
947
565
575
325
649
320
204
948
873
704
224
321
527
70
724
480
504
953
273
217
561
378
874
512
361
36
62
835
284
786
521
364
261
925
367
966
200
733
420
893
329
916
603
902
668
218
80
278
738
683
356
662
404
189
917
587
656
126
191
692
413
954
996
500
620
529
35
680
621
191
423
203
843
342
727
724
325
382
973
953
762
44
902
877
464
0
453
228
593
560
28
360
603
10
32
948
923
943
895
781
317
867
1
481
794
753
944
551
990
84
798
462
276
600
217
906
249
718
726
337
378
758
335
99
507
455
434
896
845
850
280
907
795
141
125
596
346
827
323
860
530
200
902
385
661
794
588
129
282
244
899
964
54
876
310
338
177
428
22
123
392
854
97
197
549
208
833
112
303
166
627
582
766
759
26
854
71
920
641
71
560
61
562
434
258
214
597
48
216
102
39
586
296
846
934
240
660
56
39
497
37
720
765
937
294
621
495
712
480
469
396
103
55
758
317
854
64
857
263
433
373
160
3
313
847
784
924
934
303
802
653
506
537
692
220
473
69
917
335
733
467
141
649
462
202
930
697
310
998
87
264
186
580
895
133
212
410
807
150
821
680
746
749
881
653
30
717
547
648
611
319
527
548
644
149
102
382
550
810
332
782
685
589
589
432
94
872
374
70
527
649
921
380
675
324
104
287
761
50
658
370
468
467
219
959
982
348
629
567
901
196
53
550
887
409
136
174
306
474
629
310
884
416
796
766
297
646
699
714
667
914
818
481
364
231
404
33
55
944
654
240
964
827
396
905
42
912
271
601
78
837
419
182
538
247
780
75
105
479
776
794
95
535
831
911
726
679
872
916
635
64
878
558
438
723
135
683
576
31
956
287
983
6
412
154
237
699
716
15
591
963
105
83
113
717
14
56
431
526
665
350
302
165
711
301
976
896
744
217
495
257
189
426
321
33
478
94
481
176
808
846
782
422
860
178
637
824
362
737
290
818
500
322
868
997
919
952
54
318
884
109
465
59
446
190
903
922
107
583
106
24
509
947
371
363
235
849
935
741
512
870
364
525
933
540
705
820
634
924
699
328
807
349
507
32
257
112
813
869
321
767
516
929
990
234
89
760
858
62
123
663
610
899
848
189
823
728
153
836
610
612
211
140
797
340
682
189
76
380
952
822
610
548
75
551
711
177
989
39
311
4
389
51
870
531
915
196
960
90
592
84
157
598
91
948
1
918
544
149
730
998
908
225
826
137
260
53
981
714
954
782
132
775
433
100
327
67
832
863
514
710
946
285
486
324
903
606
480
991
435
356
591
673
612
306
647
226
969
807
202
73
301
239
958
499
411
447
42
606
500
211
770
841
36
813
202
162
346
564
998
811
70
367
560
922
917
620
683
251
895
706
764
436
554
559
129
445
151
335
450
441
338
18
683
406
584
208
563
181
377
11
87
110
4
937
0
28
10
365
579
80
290
409
319
901
180
482
369
863
985
240
211
920
575
153
307
337
555
913
127
73
423
815
151
37
771
943
843
388
807
183
939
558
15
609
757
249
631
148
65
839
686
495
857
551
663
363
748
550
497
868
458
250
649
956
193
251
590
860
997
414
426
40
407
895
408
821
116
411
48
209
846
264
424
71
177
577
37
694
699
497
383
614
494
395
314
230
882
652
624
260
755
358
980
346
466
737
258
489
287
624
379
869
756
766
244
309
509
795
989
365
92
22
231
306
657
185
295
625
294
84
127
980
840
455
172
690
97
367
946
434
251
404
107
876
855
709
446
508
428
136
308
627
83
554
694
484
366
703
643
488
641
727
110
839
824
877
843
340
96
53
866
443
227
498
636
385
939
201
539
464
327
901
566
494
755
416
777
513
761
602
491
793
918
945
497
554
592
822
624
828
67
608
904
913
827
551
43
130
331
286
693
278
644
702
214
216
97
196
50
124
431
86
162
710
410
343
692
792
635
52
5
70
558
602
958
502
591
318
540
105
332
217
585
345
742
54
457
567
921
162
823
818
987
286
333
933
593
811
978
605
877
412
630
565
684
209
986
801
988
725
842
28
906
485
628
806
537
34
762
405
479
622
394
238
185
928
232
896
247
195
505
470
738
905
136
431
434
63
150
988
108
470
954
85
617
174
584
272
514
230
838
287
134
924
561
940
878
381
998
100
432
890
636
462
487
856
959
215
572
34
376
339
54
997
911
329
396
16
579
267
291
757
672
937
380
217
671
729
933
844
379
333
559
60
423
634
71
469
230
248
574
901
362
490
827
143
590
956
377
879
543
764
51
684
389
943
611
143
111
257
986
719
644
104
681
254
782
653
126
171
937
968
643
645
2
839
937
848
770
58
498
199
58
838
579
647
632
205
192
484
407
78
329
178
717
510
170
818
157
275
41
415
637
233
928
292
667
643
971
124
912
303
715
253
926
958
49
281
950
182
278
603
802
975
111
299
289
974
78
718
704
673
435
205
726
320
521
967
136
732
637
342
947
455
858
316
385
447
360
15
466
784
987
136
395
21
431
116
860
459
424
205
204
74
880
784
559
393
138
315
807
741
372
707
432
469
265
15
213
933
748
749
849
590
265
263
768
630
749
626
644
961
222
595
899
539
204
701
429
872
399
11
779
475
2
750
603
711
837
220
832
677
889
766
862
347
813
909
156
453
541
408
690
83
722
548
122
527
740
32
499
113
787
299
984
985
742
197
847
760
866
175
21
715
988
423
30
876
58
244
467
679
508
67
756
767
808
692
621
955
339
276
894
688
747
135
841
419
289
257
544
211
460
818
311
753
584
68
661
246
70
178
848
119
141
311
982
327
206
103
248
393
685
230
337
88
275
779
844
166
745
945
451
661
271
890
132
773
586
144
150
283
283
722
41
170
436
127
83
832
478
298
591
520
487
306
649
159
535
404
244
133
449
167
620
683
702
796
215
27
908
824
349
784
870
248
97
915
318
784
992
790
366
264
911
241
907
995
553
176
786
21
741
141
277
488
46
983
886
83
740
502
972
768
639
705
867
256
660
918
262
222
249
934
576
652
426
779
175
726
230
542
170
441
387
801
161
671
317
262
563
683
758
26
117
171
640
922
238
86
134
936
816
196
377
906
600
68
557
775
487
862
827
318
97
966
898
102
122
945
935
548
952
824
763
540
100
886
923
863
754
511
411
892
192
775
884
46
764
164
517
11
325
801
181
349
836
735
718
182
707
938
629
524
531
702
350
711
508
829
493
243
109
846
559
255
587
458
135
784
350
238
500
202
895
40
87
405
14
121
547
760
113
742
357
452
574
826
859
719
793
515
249
548
601
887
110
676
332
467
85
123
667
887
584
641
857
690
374
763
21
486
973
965
414
352
531
671
830
358
166
217
391
421
700
964
890
69
788
551
719
611
763
627
783
156
219
683
821
609
286
723
899
268
216
500
552
828
554
344
551
600
859
681
939
990
545
433
846
935
77
973
657
265
557
723
14
88
83
317
617
98
722
801
973
85
624
366
2
480
911
789
708
59
46
177
632
299
493
133
991
390
750
361
813
615
726
985
155
487
578
634
200
41
623
104
502
47
338
385
849
230
78
448
403
771
67
528
258
128
667
677
402
463
121
488
959
146
947
375
395
781
582
734
334
17
24
198
644
325
296
8
24
491
281
455
566
284
134
879
981
689
360
573
259
911
267
181
731
870
375
994
210
574
657
534
272
687
793
390
441
683
767
784
467
738
87
668
618
818
763
620
670
353
24
266
790
17
728
68
238
838
926
974
236
471
697
893
609
142
207
507
842
518
331
828
158
184
882
524
658
682
599
874
88
741
14
37
279
729
61
594
859
887
598
871
477
586
793
815
29
123
390
155
971
144
569
665
142
337
726
195
852
158
972
814
999
272
462
493
353
915
932
298
526
180
240
969
136
573
236
857
632
202
297
752
480
471
147
2
998
640
864
965
458
356
207
611
768
151
197
493
393
787
418
849
972
578
674
968
194
739
936
255
95
998
325
351
340
342
598
227
898
370
948
326
409
63
252
318
702
334
311
777
923
501
380
930
512
45
16
344
903
272
720
372
117
492
237
996
660
433
863
969
110
779
573
65
181
843
519
570
189
336
367
748
122
222
964
458
262
753
638
389
971
320
112
164
406
16
54
803
220
60
872
783
87
790
767
652
153
565
589
219
98
339
441
372
508
417
615
539
74
57
286
866
73
471
939
851
191
326
276
880
104
947
126
74
944
184
255
146
266
223
584
606
855
576
322
507
955
857
914
4
201
578
951
869
350
682
359
718
267
609
178
727
756
146
30
917
637
204
913
758
277
551
949
350
34
750
838
895
428
316
31
782
846
95
123
8
878
772
63
825
742
149
612
716
299
974
738
876
475
432
464
589
492
975
305
24
79
719
880
874
50
854
964
864
333
957
158
976
885
145
15
735
148
632
543
755
762
802
712
428
269
894
497
420
275
253
406
103
536
439
781
569
235
913
323
43
867
600
37
906
831
653
963
804
194
172
366
87
917
162
483
616
879
738
239
677
512
156
370
448
731
852
160
584
153
490
314
893
202
819
276
464
583
812
775
5
515
326
206
222
840
298
14
781
157
737
247
941
301
297
519
469
939
936
942
683
969
278
268
641
264
731
886
567
866
922
847
845
731
897
995
234
974
494
335
646
412
519
148
848
911
486
683
309
892
719
138
982
63
936
900
212
81
908
23
883
452
947
503
360
615
834
824
720
860
146
929
407
383
760
355
474
610
585
928
217
771
231
745
604
255
60
648
121
199
609
852
599
513
428
411
187
82
277
434
420
831
147
119
717
146
215
831
710
161
700
876
247
483
274
814
723
484
558
19
181
776
303
41
521
476
320
471
425
720
285
436
266
608
588
679
499
418
121
829
178
738
765
618
627
8
500
286
5
435
906
560
579
607
58
473
892
98
219
295
103
789
127
746
86
582
552
836
294
138
618
569
73
903
111
861
776
327
731
941
336
616
869
901
303
73
94
537
195
631
49
695
912
686
839
978
268
979
341
42
673
750
245
814
366
421
182
979
26
539
849
518
462
383
449
517
478
321
150
36
276
447
542
468
656
710
400
333
912
716
431
548
368
578
871
408
479
24
783
871
854
664
778
957
45
124
900
460
971
771
310
735
601
334
534
240
492
833
887
298
870
149
864
40
936
139
635
876
542
651
980
548
703
834
444
695
855
274
369
518
450
747
588
949
271
671
238
744
79
52
127
754
922
794
381
481
836
140
678
94
416
115
323
832
377
390
161
896
505
310
844
983
8
950
777
699
691
39
17
784
918
569
686
732
559
7
275
555
289
473
828
449
721
772
175
302
25
183
141
683
87
164
497
795
937
647
372
852
279
522
43
405
244
862
166
874
482
631
389
786
546
7
128
481
677
730
123
882
578
449
469
548
749
560
732
110
776
834
279
661
496
164
32
809
534
95
675
704
464
495
439
842
52
904
680
180
480
657
934
512
65
56
797
577
662
237
2
892
513
99
359
809
554
233
916
538
679
486
314
451
291
395
237
815
201
690
669
587
446
364
737
971
689
433
145
139
448
632
310
649
296
287
176
853
32
100
963
282
643
961
231
126
896
110
771
557
104
713
198
716
675
976
769
217
7
703
308
240
878
261
371
937
354
513
453
5
112
874
226
126
863
228
590
758
379
966
597
360
530
536
165
827
75
185
939
797
166
559
203
964
739
336
999
784
835
389
747
124
189
423
451
963
422
841
218
823
936
125
144
212
926
434
303
771
497
555
346
259
890
339
505
699
981
661
366
66
742
544
582
54
642
79
140
627
604
222
112
348
147
616
863
397
309
62
399
241
347
434
225
991
880
849
948
703
310
647
378
251
495
165
41
648
565
677
472
676
350
318
915
401
928
963
758
319
69
789
482
81
427
225
198
221
843
28
670
143
483
499
584
295
642
152
177
470
232
926
747
176
680
93
313
900
27
433
705
559
465
349
196
909
190
493
405
169
463
121
227
773
992
445
485
186
84
685
929
555
184
54
385
733
892
424
395
206
295
543
36
319
374
393
784
404
760
482
16
640
945
235
304
261
441
265
892
529
153
585
862
260
697
785
919
286
273
946
240
757
394
881
491
348
279
741
507
0
654
652
565
596
29
750
81
460
674
274
473
774
372
623
244
924
455
410
135
382
920
15
514
365
326
187
267
602
561
806
185
493
34
334
534
178
694
230
713
13
647
197
456
310
145
203
167
512
894
79
791
987
791
83
238
953
464
753
22
734
495
223
5
8
552
405
305
462
40
480
358
861
532
902
925
566
885
122
250
883
114
770
658
56
458
75
927
566
349
726
914
914
325
12
516
29
838
781
289
604
391
934
9
432
437
785
404
304
531
806
386
114
871
600
676
945
835
234
538
271
623
144
10
948
512
537
642
687
863
338
306
377
448
367
945
785
301
794
498
657
695
286
10
80
249
164
721
641
281
564
203
577
395
697
194
254
51
755
362
762
255
432
392
439
383
684
216
980
354
916
578
518
846
523
119
570
651
452
310
478
189
798
358
391
549
693
47
197
619
445
177
347
193
954
552
59
855
763
211
215
390
604
7
721
283
763
629
659
827
554
213
315
485
11
310
902
609
810
915
342
787
492
995
222
251
509
756
810
972
247
397
771
726
14
471
664
635
257
256
136
211
483
828
852
557
951
311
538
314
274
964
643
655
258
747
430
111
789
722
766
706
28
707
38
327
126
894
877
257
817
147
909
249
955
638
525
967
774
607
422
566
730
412
162
76
493
910
384
642
294
341
628
70
583
937
100
971
144
110
502
154
455
386
277
143
517
247
418
434
549
392
334
96
110
161
582
773
976
679
519
736
251
185
105
284
98
138
688
343
607
484
493
336
440
11
300
938
535
691
55
463
111
750
223
731
426
30
138
463
976
940
608
261
713
314
215
463
460
139
599
231
488
813
728
282
791
320
159
102
795
670
728
372
224
503
685
36
49
959
948
573
759
238
142
485
20
621
988
539
614
240
340
54
519
988
418
250
488
982
18
423
102
877
833
501
317
621
179
488
249
473
206
203
139
500
22
444
440
12
3
165
854
92
132
154
927
597
494
108
640
912
640
649
492
834
910
269
761
964
213
81
340
990
382
94
368
152
612
598
713
133
919
440
423
164
435
110
110
228
770
484
730
947
990
567
488
667
523
672
320
994
433
716
686
460
927
833
360
639
690
375
826
979
38
864
93
332
532
469
582
709
417
959
698
459
47
463
983
899
604
267
606
577
504
477
541
782
445
369
273
645
943
706
752
402
66
634
124
295
699
453
292
461
703
472
397
891
663
900
509
534
101
705
592
997
264
520
211
664
211
761
406
405
877
45
415
454
105
753
673
938
669
528
324
318
975
108
229
56
820
473
78
760
458
702
537
244
69
25
126
918
263
941
219
732
632
130
211
267
838
82
751
457
85
795
961
638
847
814
112
886
975
891
118
878
976
207
269
608
698
403
39
372
428
362
509
773
277
831
703
534
404
552
931
727
256
411
793
112
698
795
210
112
231
839
272
314
241
943
233
861
468
52
509
447
982
299
159
133
640
30
153
113
17
135
543
145
434
354
174
400
12
470
269
235
413
407
1
106
794
971
239
281
543
934
675
769
897
749
701
136
868
164
883
890
256
164
329
411
558
293
381
458
329
235
103
883
200
552
397
113
863
214
525
469
805
247
476
680
65
219
44
690
342
469
2
516
869
347
340
672
825
144
881
106
213
383
131
347
290
342
96
867
629
893
735
920
229
857
141
663
762
282
767
54
257
397
665
347
548
62
69
373
606
22
480
941
892
933
70
864
431
301
406
932
318
795
95
316
265
697
386
258
32
908
530
448
97
744
118
212
153
75
647
813
10
893
340
358
378
386
35
942
740
417
122
360
368
692
3
686
565
412
534
534
775
216
49
974
708
946
963
129
616
638
734
653
736
664
882
696
739
865
382
448
516
541
137
308
173
485
487
186
782
308
183
237
939
343
241
962
323
974
229
216
645
418
494
833
109
570
910
961
963
294
315
859
172
287
511
746
963
361
261
843
456
30
951
252
936
448
877
753
21
570
479
19
516
3
836
493
332
657
555
661
326
854
343
434
136
889
631
984
388
220
795
582
166
662
667
272
938
532
57
142
827
608
127
616
737
342
627
604
754
359
751
462
184
692
684
386
35
401
119
281
758
115
948
686
884
479
103
252
157
225
249
902
28
158
919
674
80
758
287
899
594
721
628
785
846
45
936
271
690
313
481
625
635
714
100
880
183
207
678
476
822
266
146
733
114
134
444
221
725
792
892
509
257
67
743
691
50
556
335
189
496
342
738
605
913
963
560
568
403
737
422
12
967
772
87
286
649
717
754
606
716
79
359
664
642
953
523
519
177
989
276
95
25
405
798
383
530
948
571
746
563
352
601
241
869
674
837
102
246
55
765
823
585
647
251
37
986
983
598
121
823
509
139
274
739
216
928
589
796
129
321
593
940
658
555
701
108
529
742
841
860
392
904
726
232
605
444
755
165
201
882
141
345
407
664
329
191
100
206
785
946
589
182
458
849
473
314
214
217
92
360
74
976
244
465
670
141
300
343
804
414
347
420
239
529
864
575
930
4
756
298
561
935
500
191
984
519
618
889
303
366
839
774
798
630
575
682
155
573
705
79
157
161
633
520
715
884
43
573
366
747
14
281
776
953
355
647
392
985
833
875
540
120
735
957
545
321
981
167
257
962
495
672
81
851
142
234
430
591
869
109
628
819
949
270
35
347
173
66
438
484
714
621
377
988
831
879
230
357
449
294
940
1
538
231
85
248
344
61
659
588
249
236
934
582
44
663
540
609
255
901
229
347
713
50
714
556
100
850
362
680
425
649
977
406
727
998
237
435
985
70
117
865
163
940
81
272
609
486
584
551
780
963
370
451
578
408
899
446
225
250
97
987
983
317
634
126
737
203
60
577
990
593
458
992
368
147
248
750
934
80
604
537
136
912
17
336
913
361
57
660
218
9
542
532
241
118
381
939
909
698
87
37
796
266
230
47
499
261
968
899
473
337
219
722
560
688
206
5
49
618
311
516
572
677
262
271
593
24
893
203
110
749
242
427
685
364
123
240
792
76
261
524
292
876
193
480
391
288
444
750
56
551
337
800
66
169
28
975
596
294
302
112
888
626
920
665
214
189
166
233
372
774
875
597
956
7
786
294
402
555
279
472
224
796
235
974
113
330
774
57
550
326
228
632
736
36
327
896
395
559
20
805
226
94
693
1
685
564
562
952
332
669
77
855
455
749
713
841
108
955
198
56
851
922
51
293
697
303
968
255
39
246
624
855
975
480
543
980
827
776
350
874
850
171
120
502
247
445
183
908
79
88
56
81
287
983
432
845
144
400
706
608
608
872
910
821
214
817
343
971
834
526
656
720
774
456
868
169
701
817
298
389
879
77
329
24
86
968
958
530
544
362
551
599
177
439
554
66
300
724
175
66
30
828
886
375
967
680
415
605
125
965
917
775
23
494
957
671
979
18
449
866
637
729
891
337
373
521
848
985
524
501
299
116
530
396
899
393
886
967
163
710
355
636
515
590
892
984
344
893
372
258
685
456
476
498
835
665
898
656
517
496
858
40
265
214
828
787
187
403
465
82
172
319
515
964
970
941
705
862
61
772
804
754
382
783
296
744
203
788
82
584
747
66
907
514
539
643
6
285
803
153
948
108
728
69
657
927
486
194
562
589
689
816
70
254
760
917
14
39
991
182
962
287
648
763
370
846
837
984
622
702
973
567
450
593
865
459
897
666
433
624
132
103
23
470
271
44
192
429
425
555
962
98
575
79
215
919
11
961
493
896
326
633
934
690
727
998
235
366
798
816
264
771
178
34
12
234
220
462
904
818
286
481
529
4
411
349
244
810
603
757
293
496
451
755
619
396
16
493
59
865
886
399
760
199
385
362
412
903
903
545
414
322
80
716
56
785
211
349
475
175
558
568
529
987
633
264
223
754
952
404
525
153
347
377
404
768
948
601
523
362
69
89
493
464
667
232
42
117
507
683
608
236
591
637
519
758
692
372
502
169
523
15
741
538
347
179
560
314
184
261
700
494
626
74
497
936
396
66
604
435
798
202
440
844
426
841
753
581
664
58
116
507
678
664
558
359
752
73
312
81
312
353
428
55
993
567
6
982
614
564
906
64
946
544
110
355
587
262
563
19
385
48
254
901
669
549
61
92
711
319
752
673
72
473
38
443
736
637
289
758
885
788
703
767
82
71
749
414
63
474
546
180
522
944
990
364
882
530
742
142
644
472
988
998
645
106
879
347
442
96
316
844
718
590
544
997
737
515
203
511
170
81
682
509
105
95
170
354
227
585
300
832
27
297
65
84
570
383
131
846
474
140
253
380
589
604
264
493
549
378
780
275
695
37
903
498
369
280
21
701
892
208
876
775
408
814
970
647
803
12
829
725
86
988
663
410
364
684
660
764
528
798
962
254
722
460
76
918
173
889
290
655
712
922
977
975
103
731
75
363
885
478
426
895
48
70
726
442
601
537
936
269
799
876
98
708
551
801
198
29
962
676
712
934
267
147
248
435
419
307
72
709
355
999
262
734
886
684
118
272
16
640
736
485
14
536
921
433
595
569
57
364
885
790
800
372
234
136
341
544
674
124
525
799
242
301
220
230
738
83
659
432
348
580
415
24
825
190
2
834
314
950
288
79
288
659
463
807
56
252
404
737
31
464
270
390
541
124
761
244
769
622
34
30
585
913
322
928
92
169
137
249
831
446
424
641
8
566
466
554
634
379
8
531
781
364
488
286
305
558
617
667
855
627
406
622
932
99
188
732
147
623
90
11
54
645
812
919
865
557
996
480
739
377
61
409
41
867
621
612
497
593
271
768
224
380
626
53
304
303
714
742
34
106
561
516
844
765
697
772
543
730
569
143
223
203
625
856
55
299
619
26
441
241
512
671
912
534
580
637
642
567
376
570
973
175
682
321
612
644
411
989
845
401
261
106
771
780
62
411
804
446
965
861
870
648
952
963
394
125
416
131
621
674
777
414
279
785
274
900
266
373
373
21
281
304
220
789
738
648
337
55
922
409
439
370
323
316
378
257
756
580
728
155
421
497
355
571
918
230
628
843
67
900
261
825
262
578
394
36
649
196
109
375
518
656
669
555
629
592
539
468
905
521
169
826
543
810
495
439
620
232
867
296
458
174
980
333
743
874
708
322
555
835
215
416
763
150
356
750
607
272
423
344
620
902
656
66
494
288
660
190
174
44
21
553
180
6
113
195
834
253
988
869
868
297
595
549
271
281
398
661
853
665
897
770
834
8
464
424
655
959
860
291
576
941
670
240
228
256
158
810
673
767
48
208
817
930
12
139
597
563
177
406
172
333
846
374
24
26
573
345
421
748
787
603
815
313
64
891
391
665
600
796
449
259
275
247
37
411
167
766
992
793
552
883
15
843
202
39
904
938
323
927
636
513
7
57
461
258
360
524
168
948
186
629
686
855
857
790
181
863
8
705
414
678
663
674
811
180
176
946
703
818
302
976
193
357
90
282
542
133
843
369
787
317
857
210
852
885
631
961
436
42
323
560
833
272
746
222
299
534
149
106
33
623
138
182
511
137
577
457
168
142
444
373
141
600
297
399
351
338
967
916
766
465
587
800
326
361
454
2
699
340
700
964
690
629
652
7
411
371
175
227
302
337
959
19
929
618
597
431
187
689
823
331
64
471
500
261
538
646
429
276
648
258
186
716
405
999
782
285
992
806
321
491
772
257
912
233
203
398
26
895
308
776
177
362
373
64
964
922
87
243
205
63
613
733
979
933
416
123
934
350
963
206
795
14
21
35
355
234
992
760
612
50
565
177
395
789
730
800
556
636
298
787
241
223
375
759
787
795
798
555
167
301
438
871
696
280
431
731
485
130
916
148
942
596
116
809
161
577
962
44
939
366
815
276
285
887
577
831
749
91
210
252
973
309
320
662
717
148
44
485
840
220
769
719
317
251
787
620
445
376
218
327
331
509
353
576
341
109
567
622
502
824
762
706
13
76
546
574
533
294
273
661
98
278
677
620
229
248
368
198
812
335
45
373
745
708
878
604
789
508
846
786
313
183
928
552
505
909
691
948
86
395
882
694
262
835
932
343
433
122
85
18
123
554
551
819
945
880
969
115
114
840
633
502
763
524
241
307
751
196
372
282
626
263
372
341
968
615
625
861
646
163
247
125
796
958
581
875
270
732
205
643
358
861
381
766
568
10
737
703
898
484
195
558
469
501
697
518
204
806
208
833
704
879
666
747
237
237
690
355
837
661
560
622
559
55
181
566
60
214
876
264
6
971
787
828
52
337
797
5
902
588
142
951
826
363
410
120
481
788
658
47
194
270
340
313
720
714
470
203
514
483
110
186
783
652
193
238
43
809
110
93
819
389
526
651
697
650
227
935
636
312
562
25
648
380
142
632
117
290
683
200
23
565
35
696
673
459
552
866
702
822
831
523
654
509
173
666
409
121
241
774
787
939
509
95
924
11
170
759
386
691
208
602
622
946
135
424
544
20
525
387
168
686
164
699
274
120
662
887
461
820
432
751
632
898
992
109
673
390
693
545
700
681
938
323
316
787
758
539
337
387
75
149
126
405
432
969
885
522
317
534
626
54
443
783
705
242
310
581
965
161
625
699
965
264
708
369
5
703
387
320
887
924
182
789
44
382
360
537
891
591
855
876
683
747
248
489
857
109
260
837
625
393
658
361
875
244
154
623
900
607
500
834
710
699
307
302
69
118
977
494
758
75
615
436
150
648
417
363
84
465
781
336
676
490
758
919
977
417
697
746
958
866
363
172
146
20
909
548
166
385
685
893
467
435
338
442
637
881
140
743
566
17
37
994
560
423
552
160
131
404
940
997
799
226
661
739
631
547
200
267
722
153
257
66
127
121
763
834
556
889
139
946
155
848
49
872
762
405
683
906
453
759
256
108
122
467
878
27
217
548
345
936
750
877
641
801
5
866
774
809
808
597
43
960
912
348
644
669
165
359
285
551
940
615
968
547
188
826
451
168
981
659
260
318
910
831
393
821
897
706
128
794
349
496
656
124
199
791
483
885
615
169
536
756
874
656
945
423
385
314
974
69
213
749
619
913
365
739
333
843
95
902
261
849
911
599
30
491
478
575
697
324
865
265
642
380
381
791
678
667
692
56
235
455
559
268
525
918
521
350
953
975
395
704
791
147
545
429
737
929
656
455
434
431
570
216
117
989
240
230
307
83
514
688
192
322
750
245
555
800
587
940
272
117
817
21
644
875
504
175
349
682
433
731
891
265
172
437
678
361
199
970
765
155
535
365
640
226
414
300
355
611
330
584
688
57
902
226
32
629
223
712
597
194
205
86
135
606
76
834
441
629
830
904
583
184
998
428
311
987
188
638
89
508
400
838
155
974
717
857
942
117
419
421
23
628
776
782
827
291
781
675
722
605
193
810
230
69
420
896
16
648
306
77
535
357
442
948
535
937
201
824
194
520
344
1
429
358
55
94
970
547
532
597
205
196
156
982
277
126
205
341
33
22
446
470
652
500
379
459
974
158
816
793
241
937
209
377
421
498
725
514
616
394
341
283
710
664
692
78
520
368
212
409
12
953
802
974
529
949
992
721
525
537
230
490
54
308
364
528
137
653
197
790
954
44
875
882
864
611
252
376
396
830
230
821
950
477
604
535
764
850
269
730
376
669
13
421
293
830
394
427
270
170
837
430
587
126
19
742
897
706
936
430
404
644
231
407
923
685
271
351
817
225
173
801
907
440
506
920
507
561
578
366
856
142
873
46
720
555
593
586
219
360
332
598
309
750
994
835
823
374
712
424
947
669
581
819
306
132
26
261
483
811
494
204
51
678
467
810
308
527
800
418
428
323
908
915
458
593
812
69
86
692
857
800
326
850
1
787
529
718
312
394
410
600
914
729
515
620
296
158
875
399
189
51
262
877
20
72
639
920
264
663
252
627
95
657
782
341
164
254
836
721
672
450
3
250
692
163
596
668
821
438
466
614
932
65
166
123
9
331
945
159
76
248
405
791
183
377
480
113
515
560
599
963
534
864
91
7
158
363
362
876
709
30
924
296
320
559
104
937
485
895
59
899
225
602
77
99
404
2
360
370
514
788
629
118
174
634
349
130
45
71
896
726
476
186
830
241
638
762
144
882
950
855
482
295
366
345
863
988
618
786
273
933
780
950
428
455
21
715
717
776
860
779
220
831
814
862
579
334
490
893
538
452
487
25
713
935
29
394
745
286
445
540
399
957
814
875
894
258
317
783
208
300
728
354
288
899
23
862
543
658
151
181
866
497
604
688
556
223
491
24
933
621
98
195
79
726
852
30
16
258
716
970
985
938
685
465
730
869
707
863
375
33
898
893
436
398
42
168
16
980
131
352
73
21
643
45
980
908
889
236
782
756
341
960
245
262
902
403
380
955
407
971
559
192
839
58
283
15
187
37
144
265
339
14
263
161
214
77
850
588
658
425
140
509
724
524
663
885
904
949
427
143
550
703
401
137
425
199
245
487
293
195
777
842
428
613
84
862
757
991
494
633
307
48
462
542
805
604
107
658
7
98
355
438
340
440
515
90
469
281
220
411
763
294
574
444
941
538
500
64
566
310
572
95
439
14
240
446
916
587
46
881
214
423
976
140
557
760
737
911
599
739
805
863
593
146
60
617
360
728
59
922
164
640
438
691
155
326
990
344
70
429
979
118
338
296
486
988
517
852
942
571
162
594
525
799
67
603
910
24
210
52
269
458
620
496
810
143
802
13
388
471
638
678
30
206
54
96
201
459
960
449
62
345
755
186
726
7
13
477
128
314
574
801
438
250
752
338
652
905
26
702
909
904
631
282
932
980
112
227
909
574
915
945
366
592
421
750
725
730
779
748
935
997
937
147
761
871
286
234
703
93
636
22
463
351
375
6
801
788
602
582
605
502
8
234
513
929
125
266
22
549
546
292
190
867
855
256
748
69
728
724
527
445
967
872
4
55
778
220
136
19
384
53
607
690
421
126
228
26
375
739
301
172
173
305
177
795
299
410
185
687
308
908
793
23
397
113
426
806
642
177
317
876
207
435
933
124
509
843
578
494
231
157
966
299
680
303
165
182
666
93
334
634
285
790
480
998
235
660
259
238
396
785
733
523
179
844
69
122
660
387
631
905
872
531
108
990
263
706
197
194
328
902
533
51
912
142
673
999
140
110
836
540
525
808
883
844
624
414
401
854
766
396
368
400
791
617
901
344
590
55
550
82
496
888
811
355
583
32
575
789
126
530
897
155
808
906
635
260
881
258
38
908
800
704
376
822
543
365
587
502
929
512
955
962
703
792
964
553
767
113
406
612
634
557
894
593
689
764
754
694
323
374
192
666
780
853
691
447
533
96
676
196
77
594
713
415
929
466
212
120
645
275
227
224
255
827
871
880
804
464
523
838
241
694
51
930
552
718
126
943
189
665
10
382
892
946
163
236
585
369
639
907
764
475
697
662
919
359
24
13
397
475
939
681
728
885
515
321
415
263
149
459
747
801
170
311
44
874
637
829
924
425
673
295
112
53
356
680
511
517
612
220
192
954
109
625
244
200
68
459
805
363
83
998
906
919
104
388
712
399
828
638
934
135
870
103
501
501
785
525
890
386
609
216
450
823
925
989
121
530
217
76
478
328
84
148
799
628
256
521
556
654
339
516
546
47
457
825
663
856
156
494
509
554
753
407
126
176
720
454
346
696
720
511
447
377
564
410
941
7
590
850
532
145
191
186
277
356
296
671
883
536
792
713
740
888
938
595
975
927
657
538
748
646
371
490
714
650
152
987
273
58
854
322
381
374
83
349
531
938
357
407
651
330
825
697
666
793
406
585
59
426
277
604
754
55
880
575
525
47
156
51
407
905
164
55
257
311
979
879
95
975
806
658
437
307
28
66
660
272
466
349
838
91
143
480
849
911
65
258
299
596
99
542
906
257
420
427
38
882
324
502
838
708
5
815
532
517
812
297
238
825
946
674
610
64
108
682
549
259
27
785
488
596
873
609
311
301
969
723
527
361
929
781
412
688
127
9
788
150
629
80
108
42
938
269
660
883
791
183
593
446
106
550
712
829
850
471
306
746
825
42
816
426
863
473
988
900
336
851
841
712
724
838
921
428
286
330
689
530
804
194
490
606
347
182
279
762
427
924
38
12
54
222
13
656
809
492
411
335
276
666
392
553
692
92
89
998
178
45
4
200
8
200
276
340
751
661
170
712
416
437
360
86
909
433
531
614
739
60
196
434
431
546
747
579
394
448
602
626
722
746
833
328
806
483
498
574
213
63
755
353
868
365
500
773
18
456
868
810
170
645
909
92
437
886
888
556
321
261
846
812
330
220
268
464
362
73
786
920
120
584
152
834
155
816
77
12
946
375
478
287
377
81
128
15
265
876
442
598
613
391
137
145
325
673
569
627
433
181
157
373
172
3
492
591
74
42
608
888
295
666
604
912
901
606
625
743
121
166
69
711
291
634
609
588
473
379
397
276
895
244
274
642
100
373
123
764
260
312
873
948
421
708
722
835
657
63
965
449
504
201
277
594
726
67
392
770
728
46
810
713
294
976
611
226
246
442
785
965
221
125
491
436
914
26
604
227
337
800
592
809
873
376
590
67
627
717
922
967
799
872
198
733
157
568
740
2
108
653
179
998
442
613
235
966
921
800
462
12
418
78
582
234
889
153
981
5
485
853
132
326
986
299
508
772
197
589
779
741
387
532
987
284
46
765
789
507
78
90
885
178
752
236
362
120
365
758
172
246
145
301
466
323
589
532
576
954
756
100
289
248
591
105
295
529
886
943
892
826
324
275
203
721
525
430
80
344
919
436
265
297
874
979
136
387
484
343
758
867
29
10
653
78
21
841
922
402
837
938
397
581
281
504
190
173
343
593
422
886
164
991
247
314
740
859
497
530
619
576
434
115
221
795
241
764
727
440
800
620
168
599
539
464
679
62
241
2
786
848
606
645
888
763
866
53
436
439
18
555
30
114
41
782
495
657
170
437
201
81
453
161
578
604
236
120
115
926
704
820
737
391
229
794
710
715
166
621
813
901
311
683
721
138
270
616
608
754
396
550
449
177
37
310
87
211
594
392
577
887
415
295
840
698
598
856
852
660
736
208
219
40
515
285
879
732
444
589
819
377
34
699
154
340
725
880
412
259
929
597
277
915
547
223
964
142
966
492
261
18
730
553
139
548
395
798
846
300
657
881
596
810
785
839
920
334
535
905
596
573
38
179
387
504
366
952
960
766
425
489
556
937
498
972
984
542
730
337
8
222
784
368
8
538
525
198
790
523
849
471
611
383
285
205
783
319
902
726
376
342
586
276
687
189
627
901
7
953
421
955
915
261
22
998
34
603
409
453
138
374
326
4
270
316
706
320
805
415
814
677
761
178
223
640
104
777
113
936
27
537
648
783
313
86
301
135
735
564
34
784
830
221
26
814
217
464
448
703
505
459
578
329
159
559
97
746
893
970
728
321
321
210
335
874
351
373
947
808
338
222
107
842
823
778
642
576
62
912
300
134
726
518
934
159
124
120
351
693
120
804
917
413
452
705
909
280
705
966
899
851
720
679
49
712
793
921
760
637
124
863
369
658
266
517
127
313
414
138
187
854
494
194
354
998
264
201
647
827
459
196
65
549
971
922
528
317
264
816
114
699
132
585
796
519
215
652
871
740
137
879
1
697
243
226
813
777
522
870
736
194
841
685
129
466
842
435
628
638
944
1
394
421
956
418
25
416
794
663
468
773
96
869
519
849
355
510
153
922
469
213
221
95
783
763
895
831
726
590
416
558
613
945
998
166
296
431
699
370
200
473
937
470
135
327
127
242
466
963
674
333
518
433
890
110
336
674
143
406
941
224
793
930
811
924
857
156
682
491
64
920
403
207
889
420
731
466
701
849
443
245
780
327
264
478
283
404
842
400
966
565
971
180
866
677
318
54
791
162
217
450
857
807
616
533
539
4
823
608
391
554
452
319
763
370
799
305
179
133
23
959
558
198
163
335
480
244
249
186
781
668
198
337
845
43
707
959
144
352
64
464
646
856
952
551
603
491
720
860
374
804
245
525
13
943
753
755
327
602
242
85
333
277
87
899
598
126
576
513
21
830
489
35
457
7
346
639
73
311
598
53
530
862
342
644
934
370
578
934
579
604
547
804
661
955
880
324
265
695
834
206
271
264
14
518
714
205
863
796
320
408
558
568
953
38
431
288
38
605
873
100
735
670
217
112
600
961
995
200
129
496
447
939
305
644
652
598
710
987
324
337
756
539
851
831
920
169
420
479
759
258
650
303
879
451
553
488
394
283
287
596
675
685
674
836
631
100
846
726
897
752
251
940
721
949
