704
621
588
174
254
64
762
475
732
714
962
112
492
153
59
395
81
481
953
762
885
61
288
45
17
754
332
605
251
544
23
224
978
246
12
914
165
313
65
440
145
232
306
236
225
847
551
617
664
967
519
42
890
142
598
275
64
768
578
323
746
841
243
261
447
269
553
161
576
47
56
356
435
970
358
369
860
439
925
162
493
308
531
367
13
917
774
257
199
10
294
604
481
613
395
935
21
438
765
345
741
813
283
922
271
515
531
115
480
741
63
291
573
45
241
423
580
727
493
292
561
118
957
900
381
696
610
267
592
869
517
886
439
599
94
911
665
414
844
438
403
315
531
871
708
55
124
732
130
999
358
896
963
998
498
416
128
599
188
661
731
749
525
250
674
682
662
774
876
752
839
991
320
135
773
892
933
540
90
732
419
674
77
216
192
543
603
42
151
782
30
689
483
476
673
450
842
553
710
741
572
181
654
752
467
229
640
276
292
353
13
490
323
251
71
737
429
685
634
688
854
303
419
738
468
325
885
675
347
665
866
573
478
82
78
679
951
440
591
163
206
890
345
307
342
174
559
727
805
109
892
229
314
88
983
277
192
555
964
600
281
957
831
821
374
713
707
479
642
292
169
143
295
387
700
537
600
712
673
213
429
416
964
389
813
853
246
558
454
235
339
485
848
385
407
23
767
903
593
340
327
854
375
481
218
311
265
481
925
412
346
704
977
29
888
300
28
297
357
600
520
74
886
302
20
162
648
704
158
727
835
731
82
57
855
776
436
748
675
144
1
295
796
140
916
463
514
230
684
424
999
432
234
450
840
703
825
476
918
27
734
79
662
614
207
369
220
190
688
581
239
577
488
732
757
884
354
282
983
696
391
71
56
721
609
160
199
668
275
865
827
997
660
466
918
331
74
627
466
520
635
965
561
872
510
711
929
653
704
674
755
964
443
41
236
89
393
120
613
530
406
839
869
210
147
867
335
836
895
867
598
146
328
250
812
905
575
789
58
427
26
50
394
200
714
139
392
737
717
670
551
252
126
962
440
389
304
248
340
367
586
259
339
47
972
886
406
560
991
721
494
705
243
791
559
279
114
176
487
544
481
541
881
510
583
253
558
755
694
699
339
703
479
50
645
580
850
198
17
226
234
136
288
396
631
678
863
597
381
580
165
928
2
75
606
196
117
764
109
656
450
130
894
376
962
353
417
92
151
326
10
65
813
293
493
583
939
745
766
31
953
556
247
182
564
859
267
18
845
692
704
271
799
175
498
255
151
958
953
820
238
730
564
987
266
364
175
503
611
421
744
351
897
915
768
821
474
504
605
60
585
736
955
805
610
583
354
422
586
820
259
864
172
630
389
75
70
970
868
880
458
30
609
795
544
461
188
507
25
200
589
15
550
517
315
990
535
782
468
363
215
432
443
684
637
950
7
197
382
642
792
118
141
632
228
381
380
271
608
873
308
453
962
445
249
774
379
669
873
496
26
457
867
13
315
955
324
846
575
725
36
561
917
76
223
823
806
35
808
301
334
342
584
908
782
948
332
327
111
455
500
601
273
596
824
152
385
961
37
34
809
840
277
498
937
127
853
39
83
568
920
354
628
244
912
1
951
583
12
581
179
760
293
860
733
464
667
452
48
924
493
461
552
536
798
626
535
850
74
948
463
241
751
322
38
56
225
744
927
90
238
619
156
955
80
255
865
233
328
869
285
342
288
77
218
331
913
883
971
770
947
105
877
760
707
729
206
61
70
997
530
897
268
661
997
149
440
948
483
516
60
632
34
388
169
644
993
556
292
396
802
379
59
756
634
98
119
772
682
288
92
756
886
857
364
56
810
386
34
849
893
547
25
32
837
73
477
191
978
703
169
670
23
88
791
783
890
340
271
679
901
133
239
153
797
365
280
928
424
741
665
640
396
924
693
394
266
778
223
619
553
768
414
735
646
175
971
567
161
809
671
789
948
999
298
951
916
320
878
416
890
155
930
631
27
50
794
785
43
3
4
938
617
235
893
651
700
817
450
640
755
469
619
250
121
163
161
756
47
304
72
516
324
680
768
960
488
121
661
737
126
903
607
673
247
413
228
829
11
909
496
487
651
604
839
26
170
781
529
882
186
112
716
272
794
815
320
512
317
893
963
767
174
883
325
132
687
761
85
153
66
365
162
606
542
178
703
282
811
752
286
479
48
508
469
865
249
149
501
523
71
450
54
311
464
475
793
303
165
218
846
76
642
670
988
962
784
68
55
670
838
913
147
605
743
57
486
531
436
549
236
853
634
997
12
291
766
418
424
565
229
230
474
513
233
643
105
102
637
28
795
697
473
140
260
673
169
505
565
65
399
549
56
769
770
761
0
921
94
309
997
564
962
304
924
253
481
73
142
664
232
480
415
647
183
964
262
439
267
490
693
879
247
334
598
509
738
570
133
21
228
744
973
174
426
789
114
275
513
404
230
731
591
731
71
637
444
974
877
707
640
975
353
754
567
879
281
476
983
724
681
738
402
974
907
169
567
127
959
879
226
935
941
394
732
721
831
110
741
318
548
993
973
476
407
789
283
842
830
89
773
763
999
916
486
116
164
399
413
516
847
430
130
247
961
875
819
391
755
582
445
583
336
381
399
77
906
996
455
36
513
402
840
659
562
272
259
758
564
773
738
262
606
203
196
912
107
24
178
87
688
770
528
542
12
507
728
710
78
556
56
776
797
529
99
721
88
385
477
399
270
824
592
27
71
794
548
245
506
798
747
838
640
669
915
215
717
734
580
748
175
952
913
964
854
443
131
215
932
867
209
548
374
362
188
878
504
448
823
995
864
522
172
17
296
964
17
205
166
700
769
393
321
421
462
361
594
876
149
651
42
163
730
985
834
248
18
932
84
129
712
366
377
950
159
107
348
682
502
893
716
695
537
795
112
630
372
886
186
696
90
128
245
340
212
273
819
134
486
639
127
271
939
329
618
239
640
384
193
404
894
11
979
885
113
13
496
431
734
741
660
283
897
458
867
587
212
217
351
967
539
420
269
577
900
569
230
713
333
940
681
789
518
722
350
360
693
483
181
733
608
987
268
433
796
133
199
459
948
604
882
177
942
56
74
832
144
177
610
239
264
156
418
769
865
735
329
101
752
857
435
444
950
995
693
318
897
934
653
945
795
616
807
967
659
902
610
74
682
463
858
239
462
34
110
61
955
917
513
760
608
692
710
886
949
2
332
454
778
383
953
408
442
926
691
236
230
218
393
779
566
621
601
468
219
692
523
692
176
593
321
589
767
806
194
753
168
420
932
540
867
270
63
572
982
237
9
22
555
544
60
853
705
519
499
81
611
485
835
442
709
695
103
432
898
677
227
9
619
836
250
70
410
294
267
274
132
919
718
447
613
612
53
143
54
994
805
364
73
696
492
412
597
355
268
861
813
20
549
977
994
367
601
230
497
19
169
437
848
73
413
364
409
955
281
434
529
258
419
847
770
740
864
38
828
776
158
544
715
463
284
309
66
273
950
689
117
841
605
505
436
886
299
337
683
975
492
796
814
411
704
743
2
338
813
642
527
475
233
996
706
722
869
858
598
293
373
435
322
428
419
763
230
236
228
370
607
494
786
601
426
936
985
712
477
631
245
551
561
687
104
399
956
666
730
243
130
121
872
33
412
473
503
223
937
572
603
387
304
107
216
876
728
430
505
294
679
968
982
102
94
89
784
779
86
545
896
917
867
830
926
285
646
395
54
919
553
885
708
344
540
426
800
457
500
960
772
437
155
208
971
805
19
501
68
685
915
173
539
979
900
451
153
723
917
285
386
442
11
129
84
501
341
783
463
61
515
587
128
577
550
475
751
448
330
679
713
986
121
137
744
841
777
954
941
801
541
749
432
737
442
125
199
622
31
111
386
451
312
995
823
814
852
421
328
65
569
18
58
452
210
385
321
180
703
863
847
202
178
463
868
210
362
884
168
742
368
988
387
879
575
116
85
48
793
474
641
39
316
827
20
232
699
201
148
903
136
287
835
802
352
797
443
225
823
571
195
347
562
220
968
86
116
201
807
210
704
302
334
859
861
917
234
938
16
69
83
295
786
198
348
324
266
220
695
64
710
894
229
687
523
818
139
403
868
479
400
994
582
134
531
747
362
709
49
789
308
465
988
879
129
392
223
126
461
241
597
598
666
368
858
343
573
922
41
475
666
329
925
786
959
420
964
995
334
119
428
319
516
778
449
811
135
328
135
858
61
831
162
988
799
238
621
280
796
480
631
81
394
972
257
863
223
598
644
85
630
790
352
667
405
139
16
640
178
539
185
5
326
618
208
224
498
580
955
956
214
160
928
282
328
972
897
214
210
823
649
856
940
167
537
716
560
584
899
481
381
805
960
259
331
334
45
638
374
398
847
8
357
671
95
960
193
140
449
785
131
283
150
653
950
726
946
840
412
221
608
195
669
881
201
584
713
271
419
537
431
383
902
560
70
664
138
42
656
777
572
69
183
135
95
130
312
62
159
761
692
910
273
345
36
308
831
528
485
33
328
533
897
371
635
639
317
750
963
697
242
439
550
534
786
421
544
35
860
532
54
509
971
431
556
863
336
697
295
703
264
257
150
390
745
224
475
227
142
103
472
340
385
746
501
376
208
563
301
395
360
412
576
486
222
149
132
722
285
582
612
33
585
145
771
458
58
528
641
167
228
702
660
604
147
237
786
302
60
235
963
422
895
425
891
857
113
587
405
85
165
501
387
298
610
327
305
562
848
951
378
302
444
280
803
247
531
452
723
878
236
819
444
256
677
848
155
66
495
316
26
525
334
354
240
725
224
62
406
716
720
955
474
126
26
671
600
368
350
301
788
362
178
14
685
687
559
109
475
837
278
350
65
421
547
938
373
952
647
530
949
523
980
798
428
1
706
697
345
620
103
522
168
408
370
361
778
524
904
947
504
422
136
493
445
369
441
393
145
789
659
824
929
172
194
724
444
956
351
152
161
798
698
975
580
602
570
758
679
773
332
383
341
48
18
251
274
886
706
483
598
122
240
962
928
114
942
274
999
404
847
682
268
827
483
730
907
518
364
131
697
173
952
525
703
545
375
709
556
7
436
307
649
793
505
262
429
921
19
828
9
203
724
466
206
662
231
733
162
606
70
666
634
409
871
720
825
347
541
552
87
481
387
918
701
679
19
487
524
310
732
982
685
934
555
85
139
107
968
300
84
895
137
921
455
932
253
437
40
684
590
807
623
671
465
479
502
752
514
593
897
157
104
859
991
401
927
901
527
439
173
284
430
237
828
75
973
859
542
231
199
606
295
38
456
646
156
387
377
792
505
664
711
792
400
440
621
231
886
863
766
829
215
833
292
60
634
292
110
424
103
940
955
30
452
849
982
624
799
934
810
811
334
384
780
69
986
529
904
990
714
528
548
154
948
367
417
320
798
769
303
514
43
534
240
441
169
356
957
260
454
467
996
997
83
701
875
408
505
961
910
401
368
315
653
433
711
73
377
548
165
460
661
394
438
313
9
785
825
803
225
35
750
799
100
425
701
732
672
132
857
821
643
899
68
468
941
302
236
508
849
158
363
683
74
231
868
186
834
499
769
795
486
740
482
334
181
717
704
504
895
565
143
360
779
706
425
543
832
990
400
364
405
896
908
393
220
210
410
157
0
18
557
487
0
56
846
459
364
979
191
645
740
232
582
631
40
112
733
472
98
748
926
692
512
448
403
394
437
929
995
678
615
12
689
691
163
693
423
68
252
993
984
799
91
408
290
710
577
642
602
100
87
197
866
945
766
240
309
170
275
911
171
136
410
916
904
419
779
110
31
266
658
33
181
394
832
130
552
449
920
780
597
125
388
884
344
470
980
157
750
53
728
569
583
744
558
966
256
619
853
248
804
940
42
232
26
306
431
849
890
59
1
570
570
985
907
997
597
233
726
884
354
904
386
354
738
97
694
461
331
535
75
854
370
796
967
170
69
132
789
9
286
169
289
432
396
195
985
997
924
227
159
375
668
941
916
167
128
768
31
62
438
500
242
645
603
838
805
819
105
746
652
159
784
526
739
202
120
871
346
695
585
179
468
611
962
626
625
971
950
993
196
854
220
572
790
992
605
920
625
719
473
658
777
518
58
359
220
740
330
9
11
608
17
227
488
659
950
338
847
946
694
96
162
71
955
149
540
923
723
844
159
986
898
239
936
475
970
144
48
58
702
406
342
163
766
544
0
837
669
329
745
89
46
120
380
670
149
362
502
355
506
830
714
720
216
917
614
145
19
733
698
663
184
632
593
365
734
405
951
68
810
547
467
939
538
141
175
23
711
559
378
43
221
68
518
244
54
377
621
676
602
369
574
481
235
837
750
424
853
671
786
803
499
788
145
221
268
325
102
102
421
928
690
952
840
512
952
284
697
589
386
25
649
640
250
338
468
120
714
851
942
834
869
976
754
537
702
850
866
530
230
735
434
34
36
509
71
702
564
138
606
95
994
659
534
504
575
271
175
677
242
391
836
882
771
381
524
669
512
558
847
257
722
54
868
311
250
462
543
659
269
276
766
57
951
199
357
835
507
748
776
816
864
307
510
154
728
928
109
195
802
534
936
85
527
70
285
181
114
144
514
91
152
796
0
329
414
280
440
982
746
174
802
797
466
568
53
535
833
963
209
521
320
85
135
507
313
741
506
247
86
462
983
794
224
847
855
586
620
946
157
324
903
143
987
785
355
260
247
692
41
691
363
795
638
448
282
199
27
693
670
985
284
709
887
307
954
857
46
121
51
322
127
74
23
36
53
383
470
258
511
838
749
36
552
771
232
898
477
740
481
668
215
55
966
504
488
411
345
942
434
56
945
867
691
308
277
768
501
282
201
831
273
185
761
522
412
70
330
840
106
831
728
508
623
918
842
795
957
286
194
906
63
924
528
154
939
885
886
121
150
440
983
854
778
384
8
489
443
889
240
140
695
492
756
810
867
200
771
403
138
103
784
121
920
962
118
282
133
322
286
226
974
364
507
780
717
368
311
508
184
215
966
21
159
462
216
882
791
835
581
211
172
283
464
814
411
653
430
815
493
887
984
742
95
283
659
516
486
245
1
769
88
500
784
204
606
290
937
656
478
2
931
608
229
941
774
775
306
625
395
950
93
183
776
379
318
831
522
930
378
170
827
195
359
724
755
199
769
324
410
616
102
321
163
165
171
538
285
407
58
810
67
314
251
199
667
803
527
510
596
635
395
220
72
717
193
323
9
786
979
927
360
918
921
372
912
846
426
478
809
425
886
125
857
592
826
11
484
67
669
10
252
210
543
535
309
452
818
917
919
168
904
64
990
638
412
999
526
712
861
557
447
978
580
708
216
131
142
190
384
847
445
17
696
931
18
814
717
789
509
327
577
205
461
699
17
451
842
703
657
374
104
954
283
222
422
981
62
728
532
813
587
308
156
230
51
491
478
30
37
98
535
668
324
902
557
563
972
499
457
406
781
413
95
890
48
730
73
74
470
338
551
635
336
484
787
158
65
150
209
307
624
824
540
975
586
454
476
501
644
384
851
370
62
912
86
64
786
720
393
505
340
77
931
166
460
531
449
75
942
695
6
552
955
363
800
743
248
185
94
716
900
544
325
478
384
772
930
649
950
461
810
93
276
334
869
791
858
959
376
866
790
90
26
610
289
391
919
909
907
228
624
6
73
917
723
910
487
195
54
345
624
732
223
715
914
576
383
973
759
203
6
680
85
619
288
461
559
800
396
950
133
683
413
484
655
580
473
950
215
604
487
763
755
939
973
597
281
679
256
26
438
355
29
704
215
255
732
460
881
673
636
775
387
744
697
469
441
977
650
235
108
552
159
876
292
453
824
857
663
544
457
435
708
234
330
166
336
170
874
404
50
280
883
714
234
385
520
387
523
872
187
319
274
950
316
608
734
661
12
521
143
119
312
180
924
389
