252
242
248
383
324
414
824
561
761
833
601
473
783
517
673
23
479
29
303
291
192
827
326
565
787
678
10
73
76
775
933
954
604
870
682
850
948
686
387
163
636
977
374
845
665
449
490
900
60
405
63
477
927
540
292
6
756
960
234
247
454
290
133
41
16
807
586
841
676
948
940
320
315
771
441
914
723
737
522
610
224
419
711
774
841
653
688
468
547
742
17
729
315
299
317
569
876
295
723
665
832
484
214
988
507
793
702
709
419
792
972
426
132
275
538
674
961
466
833
299
61
627
852
834
295
182
794
544
219
388
201
181
420
236
30
675
472
673
209
34
693
140
716
931
943
505
236
972
307
200
225
23
53
243
656
183
798
591
623
64
474
521
136
273
861
766
839
889
78
166
917
331
995
351
663
48
628
378
33
224
244
659
660
884
465
42
599
59
21
841
281
806
877
810
420
682
726
551
469
58
744
13
112
951
763
45
641
133
198
952
381
994
390
831
343
70
323
845
62
562
975
97
284
758
791
259
841
835
268
338
638
154
227
688
933
631
96
75
45
101
282
369
836
327
831
231
733
17
328
838
122
249
280
355
315
317
406
409
123
521
481
996
827
141
995
749
336
465
878
941
720
310
988
192
842
771
587
888
267
688
68
379
101
211
364
754
258
284
980
766
966
503
667
857
659
126
556
310
397
544
994
95
133
66
935
505
596
569
268
790
941
825
675
654
421
812
968
211
382
770
358
328
190
906
174
772
199
987
25
769
288
489
95
308
137
951
520
545
628
349
168
956
990
278
944
925
340
289
407
153
427
26
496
66
456
669
692
259
62
46
536
65
285
439
465
337
135
823
404
674
359
147
418
863
971
612
304
556
168
174
661
449
660
440
197
376
566
772
683
239
570
172
291
483
648
151
324
57
484
527
61
474
961
352
935
322
471
440
63
453
67
637
999
327
317
991
274
30
645
292
646
807
287
41
575
345
518
796
341
841
780
339
431
355
118
264
377
347
798
20
169
301
699
324
480
431
772
325
451
440
177
576
337
5
210
410
831
840
329
162
583
645
250
111
520
939
523
350
414
595
654
357
882
369
795
255
404
740
26
540
100
483
583
140
961
277
614
793
513
149
726
558
623
505
738
159
442
365
322
526
129
809
88
447
197
180
454
177
991
403
350
458
73
873
529
981
881
517
216
434
351
403
161
283
23
632
809
495
130
718
120
541
791
343
843
318
479
337
210
750
486
599
177
265
13
160
428
183
677
311
100
347
46
838
582
934
501
919
131
506
668
216
298
862
875
410
96
94
548
455
90
291
956
149
154
230
414
323
205
420
1
679
197
215
322
482
570
274
652
857
867
630
211
689
218
597
633
997
654
274
272
415
338
531
278
673
850
893
94
230
62
707
666
475
775
962
46
499
447
515
705
939
533
357
21
867
181
695
973
381
247
208
966
374
614
755
350
382
512
170
1
350
469
549
827
268
112
71
240
494
842
534
838
993
382
517
372
332
24
231
292
262
103
74
411
577
777
134
442
73
886
161
453
133
844
536
48
201
241
444
922
637
280
366
937
350
194
960
45
911
517
386
449
716
915
302
507
498
801
792
581
510
24
333
804
489
353
448
278
316
248
187
961
462
275
824
558
839
892
227
44
376
250
155
160
490
142
958
138
31
41
590
724
248
227
780
731
980
510
327
592
858
449
57
704
660
352
207
455
312
273
786
372
964
122
287
590
581
181
167
364
475
213
411
153
613
659
721
422
228
489
492
738
759
295
666
77
307
916
79
18
996
852
25
210
229
616
473
837
912
516
909
244
682
561
580
826
998
347
79
377
516
348
256
432
678
583
506
290
391
41
381
978
144
882
284
442
857
394
301
443
480
382
324
175
249
193
484
538
34
447
844
879
9
557
729
527
644
676
981
372
469
589
716
492
336
134
991
528
155
842
520
676
601
823
328
545
210
553
624
742
179
172
258
318
285
623
139
578
893
443
959
239
31
66
921
90
895
797
838
136
262
414
413
946
438
92
565
326
603
301
626
425
69
406
854
992
318
701
520
453
604
152
332
486
371
462
215
58
202
898
189
61
177
625
376
307
820
257
615
337
6
497
761
455
950
984
796
601
526
629
999
637
542
317
96
7
196
348
522
679
117
82
455
317
413
79
126
75
391
505
465
616
601
137
398
468
552
239
640
279
867
154
553
461
238
385
734
28
574
191
191
558
59
969
706
689
23
803
939
420
402
785
257
877
431
586
863
93
63
518
886
356
464
832
660
793
433
542
124
162
461
181
306
810
441
218
960
640
196
19
873
964
490
124
161
604
661
6
768
957
952
953
242
918
513
122
604
301
59
16
852
877
949
17
973
919
811
769
646
965
263
866
846
518
91
7
535
123
685
266
548
864
767
334
664
550
379
206
548
174
776
380
244
440
411
918
502
689
236
547
688
979
347
564
518
182
80
485
389
700
701
562
727
91
792
631
363
67
312
239
912
63
755
54
854
176
529
490
737
581
625
580
402
343
423
181
84
57
982
571
600
285
71
923
254
273
734
392
817
480
422
145
637
188
665
281
431
193
117
264
393
662
414
991
616
645
780
833
292
26
769
324
380
568
801
895
580
470
974
566
500
352
911
976
990
314
253
418
531
239
42
580
906
592
838
1
62
273
895
492
491
141
692
205
893
89
454
595
981
878
84
356
697
0
457
680
487
828
484
172
246
510
12
426
225
760
798
909
232
46
893
578
180
910
172
658
727
558
882
756
438
958
611
159
205
716
23
269
357
806
162
211
516
289
935
686
465
616
490
327
210
193
992
863
724
482
381
606
750
265
402
724
715
209
784
586
698
191
406
507
835
772
274
133
625
598
840
700
566
758
221
693
375
382
374
695
974
196
274
589
454
831
480
464
334
883
590
642
869
375
160
350
230
91
713
91
984
726
849
159
941
854
108
192
861
97
914
350
350
568
40
996
50
172
58
509
350
120
907
619
538
118
963
738
873
166
363
684
567
672
352
685
106
314
10
807
454
774
448
944
537
107
346
159
112
612
547
965
892
429
521
736
813
849
113
955
81
457
324
361
104
751
648
905
431
168
476
819
792
816
389
825
986
800
582
433
834
162
463
422
870
645
148
390
818
908
712
398
185
8
447
225
457
870
141
752
179
788
502
499
701
540
739
285
630
27
669
678
270
595
514
203
911
772
881
200
708
90
275
685
797
312
8
166
44
450
827
724
463
240
132
489
186
294
56
177
512
776
822
595
942
91
952
335
44
527
556
426
481
801
726
701
146
700
397
388
926
663
863
370
745
610
873
721
803
746
46
775
756
948
387
404
783
566
509
56
216
833
680
73
731
635
590
274
827
648
528
760
763
193
427
974
252
109
66
856
548
403
635
844
735
722
633
972
749
96
654
672
16
190
635
9
544
644
797
81
332
201
629
117
591
483
429
108
981
581
658
313
153
7
90
76
53
182
755
696
164
740
542
485
119
994
838
293
458
258
993
540
402
602
922
232
494
410
800
856
927
207
990
1
878
800
544
604
80
485
343
419
280
39
713
602
641
210
840
538
678
768
213
232
505
159
681
493
148
130
872
199
543
6
818
396
894
914
407
830
718
394
710
218
973
501
3
403
979
977
371
163
896
361
5
66
619
741
774
895
893
591
105
899
424
782
569
333
55
99
181
984
187
193
583
168
766
706
256
363
440
292
212
109
820
354
925
964
727
190
639
282
988
165
303
537
630
923
432
785
587
909
916
988
26
838
404
218
417
865
676
880
309
85
894
796
614
390
529
84
726
448
390
180
215
999
958
709
182
642
211
643
136
374
666
407
255
78
346
563
992
775
796
341
869
26
398
706
282
491
686
828
582
239
359
942
8
434
603
244
75
366
886
911
600
287
994
62
631
460
244
960
161
800
251
550
452
310
984
54
484
643
326
634
83
685
711
558
885
546
289
936
402
219
772
891
616
39
8
955
285
252
119
949
974
840
428
511
391
694
295
418
424
19
391
792
823
976
370
584
160
699
964
783
174
118
793
248
188
897
569
284
405
10
847
69
452
867
965
44
753
292
208
522
337
31
988
508
625
307
84
911
790
576
976
899
787
82
115
141
904
584
367
164
892
763
656
172
423
260
650
689
927
438
471
691
645
995
153
232
58
283
856
320
27
926
289
938
358
387
660
867
8
617
720
974
461
674
13
895
811
304
5
810
932
247
903
625
646
299
234
346
352
538
755
622
731
673
771
78
163
117
456
521
56
336
343
720
317
492
394
410
68
595
27
507
748
300
517
23
641
234
763
301
519
878
145
294
906
853
675
221
908
501
925
336
76
937
191
229
679
11
501
40
926
497
505
80
260
272
493
66
242
557
65
460
209
875
645
828
540
214
764
513
39
926
637
927
71
255
767
144
176
437
352
678
477
45
658
485
456
623
946
445
758
488
887
277
333
331
460
147
260
343
577
616
928
404
852
104
807
847
816
815
443
53
423
783
221
588
826
862
466
573
737
68
471
790
881
643
804
28
137
575
408
349
232
116
522
532
992
159
158
877
463
789
236
680
312
591
257
2
253
831
696
799
422
37
177
757
755
170
60
457
289
277
219
828
469
811
401
712
51
569
746
301
609
334
48
369
253
132
927
179
87
85
494
712
708
105
194
807
161
517
113
599
264
952
424
88
178
656
585
246
561
506
909
42
865
917
346
252
706
111
409
963
364
634
263
500
832
535
101
753
127
890
846
448
906
837
204
845
884
823
696
202
832
885
132
338
722
936
559
797
93
487
68
357
617
707
471
712
494
256
14
918
705
580
23
10
26
832
427
694
56
835
215
854
618
350
923
607
299
122
682
569
112
606
996
718
761
244
43
63
993
75
0
684
868
623
777
264
317
116
18
240
553
698
572
744
667
18
214
254
549
663
39
930
399
512
118
218
311
450
998
901
182
2
505
125
139
319
215
895
510
358
779
407
779
455
802
708
160
285
625
938
189
763
259
775
768
290
28
869
121
295
236
430
193
273
435
838
786
992
453
826
906
297
235
350
562
614
734
44
909
266
120
665
312
690
697
321
485
919
802
483
203
320
346
183
333
925
555
507
381
134
472
797
869
273
629
259
330
19
163
678
918
134
655
565
352
432
597
406
546
60
542
63
479
146
835
419
183
737
77
896
568
85
987
524
858
484
407
864
720
106
902
269
182
492
865
443
643
785
828
841
468
461
883
430
698
519
516
830
250
514
77
48
976
929
203
252
375
587
572
266
886
663
706
429
666
1
508
495
724
105
114
206
239
645
133
572
497
189
16
188
83
436
351
744
559
206
987
352
733
581
399
285
546
102
835
315
221
576
290
956
239
732
138
362
143
352
191
693
623
198
556
578
574
450
983
92
683
208
112
204
219
19
382
476
959
347
734
250
461
414
457
984
593
135
256
559
815
131
94
60
848
416
739
571
607
328
281
152
575
724
29
533
603
380
411
268
753
754
750
150
443
14
595
589
780
20
913
996
508
682
527
774
688
133
905
411
785
579
905
47
631
140
302
557
393
194
844
578
340
255
679
795
318
845
365
976
446
576
720
890
770
888
772
983
91
899
667
775
433
503
10
519
687
997
280
122
507
729
675
559
820
814
942
606
960
246
451
284
1
327
761
543
868
306
522
611
302
364
188
18
802
271
50
314
787
827
774
528
667
206
21
882
70
107
879
746
382
86
81
863
323
654
521
918
207
803
589
477
43
478
297
296
961
40
475
669
328
755
628
577
469
444
470
557
189
994
788
252
323
841
307
467
679
95
371
259
374
487
713
507
808
636
269
101
482
733
154
163
640
959
295
259
287
400
850
54
908
87
92
726
781
538
725
637
546
615
572
531
774
196
570
399
832
474
348
334
569
971
44
834
601
436
891
713
75
894
997
671
769
647
656
710
661
533
138
297
342
891
71
184
707
916
636
390
639
619
331
14
337
21
459
252
86
791
778
704
781
57
346
268
71
332
990
431
914
167
368
827
889
317
280
864
217
827
547
515
329
845
365
178
71
672
68
566
99
802
467
507
603
494
695
411
315
171
266
6
302
292
761
710
429
394
652
31
499
222
314
460
971
475
111
948
446
943
131
804
989
674
31
118
487
992
262
62
639
737
614
133
838
863
331
823
784
367
62
55
429
984
391
539
791
377
284
258
563
239
348
137
446
396
316
933
541
411
165
274
345
408
73
2
381
941
816
962
365
998
515
278
133
118
532
565
939
843
392
687
466
300
418
467
244
626
254
468
931
420
822
371
60
213
276
225
24
273
149
995
376
717
654
440
893
315
214
790
114
69
264
952
710
113
155
500
993
34
199
184
843
943
903
365
691
221
917
628
995
232
958
437
710
614
724
351
642
740
554
785
288
747
119
271
660
90
954
617
107
159
910
941
425
383
258
852
677
618
896
193
569
685
287
246
545
687
208
833
199
389
370
644
593
441
730
810
704
980
874
637
429
796
420
93
906
985
340
43
363
122
584
491
631
757
668
960
591
691
862
537
681
369
811
929
1
243
420
628
733
99
376
38
548
839
159
630
978
785
665
799
874
943
433
159
537
339
985
488
730
197
723
203
12
756
769
781
60
749
969
538
840
114
609
758
706
579
187
763
365
937
165
668
799
623
455
927
794
140
802
241
792
955
914
228
307
484
855
940
775
259
486
415
685
277
463
698
636
3
147
928
414
344
419
293
316
420
936
505
287
131
498
433
893
744
319
479
67
634
115
753
765
817
350
639
487
618
183
286
175
669
995
521
594
704
481
888
967
36
13
793
964
773
743
962
659
311
759
424
776
772
816
921
234
363
774
766
171
338
925
957
726
620
255
227
404
757
746
535
267
426
260
1
532
101
67
1
807
270
494
748
661
494
401
464
90
725
561
737
893
419
333
301
285
420
700
433
266
68
305
151
796
1
368
927
44
240
428
338
302
536
414
741
87
955
932
74
817
75
116
19
480
425
715
168
128
936
686
296
173
880
476
275
359
519
590
606
712
666
276
768
739
617
566
777
474
216
555
155
204
873
833
936
89
455
882
227
243
998
136
75
740
574
845
113
38
815
529
234
851
414
856
432
441
221
111
852
665
912
131
782
469
276
39
581
828
530
592
57
651
633
774
45
945
602
681
867
791
821
333
712
762
872
956
606
430
160
519
560
529
504
169
56
546
86
63
613
356
189
352
40
891
293
5
461
89
263
988
30
285
76
759
267
681
574
756
494
974
238
9
259
486
795
391
429
462
820
55
180
46
285
69
210
510
422
688
788
823
962
554
334
572
874
763
535
315
569
20
68
491
547
106
192
547
622
674
313
173
555
563
654
709
806
772
780
482
80
915
56
664
246
535
991
600
546
19
129
973
863
272
555
99
99
749
508
61
573
134
72
907
589
806
264
55
611
338
866
42
783
35
180
824
200
327
132
429
200
381
715
346
20
484
385
856
402
975
946
728
875
838
349
548
767
300
485
598
424
9
936
443
751
267
228
59
155
326
186
63
968
853
531
55
883
43
128
8
356
395
302
911
964
768
317
293
278
818
665
542
626
94
873
791
500
328
893
764
291
920
101
43
630
206
349
496
361
179
84
814
645
949
732
631
869
471
668
824
276
235
720
100
709
101
130
28
714
645
378
271
190
592
561
876
694
4
931
689
785
366
683
486
433
754
368
611
866
670
173
283
455
884
583
92
124
346
127
988
757
471
847
634
286
332
402
133
444
844
707
597
688
193
815
476
556
573
183
81
526
387
398
753
153
624
665
506
499
760
36
141
650
289
865
367
503
910
963
429
444
425
57
577
281
561
933
181
850
499
108
499
461
432
513
374
992
291
722
41
303
653
292
170
203
287
3
203
494
171
937
349
418
952
335
464
281
928
137
36
735
327
108
277
164
994
267
143
231
938
551
742
412
892
421
527
269
606
369
465
718
135
616
994
346
68
811
87
564
603
671
268
232
366
449
188
63
725
280
222
1
672
451
540
181
872
9
537
628
945
7
918
820
871
523
697
248
249
816
954
277
190
467
171
991
586
689
412
41
85
267
353
732
585
154
720
535
967
757
466
508
468
346
758
436
69
448
100
872
68
738
941
784
909
984
604
705
98
152
753
455
726
594
770
275
466
56
238
389
459
844
40
98
308
628
92
776
389
673
201
663
984
526
227
10
131
803
612
715
367
360
70
500
892
159
463
985
63
562
890
852
257
684
86
168
309
452
789
223
621
387
803
815
714
751
105
263
846
568
917
327
415
839
472
613
803
727
51
804
835
787
759
407
93
975
216
508
426
819
461
523
552
106
102
725
885
577
274
218
929
386
476
2
166
936
666
445
55
13
298
639
850
616
513
171
147
386
586
816
127
823
999
57
954
217
406
877
509
360
307
31
399
415
726
769
543
592
425
113
763
679
545
750
56
931
206
947
511
73
448
593
872
971
712
468
278
598
504
124
151
209
416
851
430
305
422
150
414
313
913
965
205
783
474
788
978
794
696
724
133
639
375
956
818
491
715
136
874
291
279
292
502
583
812
866
96
301
472
215
944
745
829
28
719
386
99
79
916
680
284
602
897
290
681
499
601
860
110
539
504
965
286
299
767
742
300
103
418
382
288
654
608
667
899
274
54
76
895
370
865
186
77
455
366
660
468
868
767
729
227
742
741
671
211
235
637
347
996
767
904
58
499
465
378
604
396
268
567
416
522
361
517
386
512
810
594
786
155
834
867
374
902
144
717
847
577
257
836
849
223
805
382
203
587
826
291
439
263
573
212
252
624
464
700
958
145
613
127
975
98
840
830
175
764
226
340
263
820
506
257
980
2
350
632
422
358
767
814
472
902
250
562
58
213
283
660
601
171
925
27
593
589
596
550
337
417
323
574
756
193
416
607
88
305
165
658
527
918
731
488
3
510
759
37
967
910
270
646
688
51
157
488
154
936
832
511
935
177
452
71
426
562
177
819
330
904
263
352
890
377
689
308
189
962
7
977
78
341
269
16
806
805
57
475
799
392
58
908
597
295
644
499
445
341
760
336
245
634
695
317
786
875
807
31
425
359
455
281
445
232
124
861
767
340
766
664
796
288
293
177
416
848
205
886
392
421
504
738
485
67
402
919
92
30
480
740
579
833
138
667
102
58
120
386
623
525
320
931
348
835
333
418
899
815
363
123
368
182
743
190
391
320
588
840
380
799
744
815
63
827
549
177
606
743
947
874
851
404
594
208
381
79
293
4
786
658
859
952
649
100
344
519
717
197
800
574
366
731
763
221
626
362
43
737
489
275
154
753
78
100
89
995
809
568
203
659
977
546
609
823
639
947
926
178
397
62
298
827
350
757
276
193
39
458
809
253
403
547
305
732
740
978
928
480
901
824
762
666
565
502
616
878
125
424
831
722
971
582
15
692
119
736
73
952
690
558
938
635
535
929
84
958
930
82
588
906
181
76
38
381
257
256
660
223
609
438
110
636
529
722
803
493
142
354
829
813
776
579
187
837
122
19
816
788
763
423
824
663
420
601
203
449
441
245
586
143
453
816
383
323
797
198
793
98
111
303
380
508
804
69
135
344
824
524
871
281
459
14
457
617
247
26
445
153
585
624
254
906
645
668
493
683
75
477
414
559
350
761
546
130
290
63
203
400
605
152
734
842
70
42
3
118
530
83
808
529
334
710
259
796
87
525
254
857
853
892
741
456
702
926
795
170
119
278
10
305
12
811
122
698
329
793
568
944
913
784
192
318
643
739
150
449
245
80
229
776
409
111
154
273
876
592
403
481
797
293
537
295
723
105
997
341
199
244
951
516
256
341
889
211
853
107
466
61
581
815
254
604
714
257
811
645
604
917
918
386
674
962
924
133
596
327
941
528
492
642
234
870
266
103
855
461
206
985
796
307
633
416
405
394
268
391
49
418
330
344
360
361
642
215
182
161
716
24
524
998
188
981
293
426
108
400
222
967
660
897
615
617
933
181
534
797
604
988
339
330
714
61
21
275
671
800
307
365
870
135
280
515
172
354
269
172
554
302
914
486
379
601
480
25
695
812
181
770
469
541
26
162
367
920
705
675
319
418
912
247
552
114
83
572
671
733
718
512
576
572
599
557
573
995
834
273
745
960
830
444
275
990
813
919
574
182
977
862
765
617
353
945
988
132
19
61
761
441
195
897
370
238
762
312
736
156
522
539
760
445
245
696
467
387
86
3
19
482
87
543
582
665
209
640
327
290
122
904
223
883
873
349
467
128
461
948
455
807
675
68
336
72
318
713
967
447
737
195
794
215
208
218
868
69
445
145
221
430
550
772
516
846
179
407
744
254
381
428
30
985
490
320
61
443
773
779
549
111
323
971
398
851
864
372
637
258
904
358
265
366
218
634
108
415
174
506
757
461
158
556
26
14
491
235
722
100
495
411
465
214
519
511
684
953
796
760
804
243
503
44
305
484
329
816
571
570
597
843
213
327
885
113
158
377
977
505
572
414
358
428
165
761
218
810
960
838
430
139
78
869
981
454
887
286
969
890
270
522
765
774
54
338
412
991
638
735
312
14
967
509
743
363
823
308
568
186
390
940
195
512
454
692
943
106
528
191
933
2
632
909
561
592
738
249
665
113
686
892
989
398
119
181
142
635
50
242
244
66
738
464
32
987
960
556
48
995
127
740
921
703
254
68
854
779
142
128
862
115
611
19
292
196
984
306
96
64
11
177
243
285
871
391
687
689
472
152
605
484
250
599
80
658
698
662
951
812
238
188
400
977
352
73
440
294
333
137
983
319
28
346
624
376
314
820
622
686
851
109
609
227
147
966
392
465
258
485
609
30
157
639
236
728
185
58
813
358
947
84
384
123
403
12
535
840
743
619
455
732
612
286
185
938
759
531
276
888
577
734
767
943
745
47
740
380
59
945
825
402
822
801
352
457
908
865
710
335
938
760
800
49
383
432
713
431
402
140
872
409
292
948
558
66
252
406
838
992
625
739
813
988
738
747
953
92
249
141
902
338
439
368
155
361
673
399
580
148
671
364
952
515
253
516
746
250
59
906
485
928
255
843
888
433
66
998
321
192
160
798
381
717
433
285
486
223
532
182
750
678
148
7
616
55
402
802
606
29
1
174
428
984
753
279
955
837
476
838
210
842
748
926
655
236
925
173
692
191
535
298
604
809
667
585
636
571
406
481
422
853
20
559
89
837
404
736
717
460
466
648
346
29
994
642
488
515
671
66
392
926
643
559
522
41
633
847
920
403
654
318
71
167
950
895
942
363
475
61
183
874
376
38
403
518
636
917
322
974
338
170
88
911
46
720
107
234
601
396
512
178
309
925
981
152
452
307
321
37
834
640
288
275
948
358
723
640
208
476
68
584
12
649
223
206
530
531
971
231
313
171
952
612
479
833
475
58
434
736
605
687
838
742
74
514
872
963
236
328
34
635
568
551
231
873
496
368
526
241
160
158
179
330
524
686
632
735
494
626
852
553
294
309
738
355
33
125
898
97
900
416
740
965
674
853
8
151
969
625
683
745
75
42
36
276
736
371
237
739
697
276
301
666
711
605
138
914
858
991
699
948
398
783
260
495
783
720
971
264
5
275
479
709
754
166
888
798
409
143
353
960
241
843
802
303
646
280
842
408
265
195
938
608
53
102
989
380
715
202
667
295
528
477
893
577
641
399
379
58
513
991
336
147
993
333
967
172
270
948
343
384
953
222
674
210
423
203
267
818
73
792
222
695
654
472
921
683
59
138
144
878
565
614
495
863
126
677
600
174
347
972
644
615
862
572
742
908
927
930
947
427
709
790
926
926
283
690
224
221
133
41
244
740
9
713
617
2
979
286
200
80
665
501
781
257
101
546
715
860
865
950
464
227
20
304
464
104
123
103
325
747
403
681
995
274
674
467
154
854
821
838
732
949
108
618
439
553
226
794
229
581
585
75
942
31
346
114
439
927
433
337
524
258
943
982
841
515
458
217
54
511
119
143
761
91
712
919
389
501
840
817
559
947
626
638
322
483
554
0
1
433
331
406
9
718
592
164
257
995
38
869
770
66
358
678
736
941
601
209
491
294
140
394
199
690
370
562
350
107
617
509
232
856
868
650
921
875
392
479
993
151
803
158
913
251
182
240
360
136
203
972
221
851
705
963
31
183
604
196
896
762
186
319
361
730
545
424
967
892
75
970
931
481
675
494
327
230
802
383
499
318
458
962
944
646
548
631
172
308
596
542
52
405
402
681
664
34
964
764
399
254
766
563
644
399
244
153
568
366
14
584
71
973
546
281
879
92
928
265
450
919
902
311
36
904
404
798
368
44
442
203
134
965
845
357
863
404
536
355
41
256
311
702
237
455
663
101
350
768
186
95
380
251
214
489
782
158
725
435
607
68
463
153
231
724
203
179
754
132
157
137
597
735
713
407
460
882
317
41
489
247
469
379
80
52
888
608
838
276
32
197
423
639
863
384
278
512
661
234
695
83
717
175
848
393
935
438
679
385
265
145
165
237
590
75
784
78
32
536
6
461
514
278
829
295
30
542
671
572
662
303
515
277
926
527
423
111
926
518
881
576
781
42
13
685
480
793
545
358
755
30
84
494
502
723
100
770
889
935
559
734
890
444
938
294
563
95
805
232
905
125
863
564
406
575
101
836
312
586
294
710
675
502
91
35
737
376
346
3
138
877
273
663
462
142
831
75
983
403
118
518
900
197
725
175
80
157
698
78
626
82
269
388
173
26
711
759
687
873
905
78
166
151
185
758
446
769
559
567
696
982
215
150
253
396
503
903
808
590
503
446
585
205
616
843
805
161
413
432
635
681
446
287
794
62
996
781
493
137
655
190
465
196
690
43
909
316
944
647
712
729
856
329
961
431
660
278
791
516
536
751
993
886
341
539
872
680
93
617
856
441
128
924
541
498
93
674
987
954
605
363
917
192
410
659
767
331
293
852
968
329
300
27
622
667
50
636
661
505
400
181
275
983
697
493
74
347
4
527
825
650
370
439
356
807
551
471
375
767
22
62
530
899
541
494
726
467
248
920
342
588
889
262
432
870
221
597
643
692
417
806
715
704
659
103
327
282
517
546
300
197
613
625
986
967
16
349
460
971
260
186
909
869
637
944
694
865
183
353
620
520
186
178
662
640
820
967
172
894
496
64
403
459
268
2
677
553
376
427
709
360
290
22
432
257
895
423
55
965
444
891
657
83
226
967
813
494
376
956
693
407
122
692
455
547
0
292
389
195
121
893
628
668
958
720
801
147
707
758
135
543
384
537
350
26
782
731
37
173
236
665
48
304
913
803
196
923
356
843
119
307
872
39
710
540
819
957
566
927
21
906
571
865
22
774
439
240
992
688
170
475
164
754
31
789
792
544
576
877
334
931
520
165
800
332
262
28
119
991
425
754
682
150
151
408
363
326
960
978
630
242
887
410
916
883
184
490
260
561
996
550
832
504
674
771
13
169
649
24
244
748
512
480
989
759
758
968
940
974
213
691
492
191
120
376
991
568
54
244
895
568
359
938
111
126
435
252
227
746
762
612
638
302
166
907
491
689
60
565
171
648
162
480
196
73
394
799
882
877
52
583
615
465
387
733
383
210
29
985
631
466
198
532
307
955
366
441
566
511
190
779
756
690
947
859
700
85
185
276
569
567
344
934
448
417
452
154
403
151
62
752
372
118
256
267
421
62
494
598
260
446
336
894
461
959
108
899
215
206
832
779
880
889
917
541
228
708
351
319
257
120
657
917
198
754
757
415
634
748
153
189
128
210
325
881
816
754
233
913
193
593
308
760
211
838
279
265
409
974
23
599
379
43
697
547
2
281
272
42
732
431
323
554
927
670
602
306
570
962
542
995
311
353
776
919
925
540
209
397
378
506
537
165
942
468
932
294
346
184
582
905
295
885
223
2
668
23
10
955
647
984
839
581
572
420
529
924
835
311
561
709
708
989
833
231
198
973
397
379
604
643
787
601
809
48
915
928
107
73
26
450
962
905
345
314
764
508
10
795
529
153
930
758
801
786
490
415
462
419
759
221
188
965
642
164
68
78
442
921
416
919
629
169
697
514
414
710
980
285
104
887
187
47
24
235
119
942
624
458
651
83
408
936
516
659
719
367
989
210
880
544
824
678
440
973
422
125
859
486
191
813
270
542
724
614
199
817
321
565
848
524
585
392
979
537
954
633
216
702
120
801
465
921
493
738
86
74
94
512
972
317
945
541
593
34
130
809
43
651
60
867
726
441
180
86
924
715
18
626
102
469
849
125
441
945
318
342
76
460
381
278
262
447
950
996
676
729
351
516
480
917
507
107
405
69
536
89
167
611
902
475
167
552
611
467
228
467
4
935
181
119
22
100
19
25
243
716
804
405
39
411
162
804
586
377
858
476
504
637
800
516
340
791
103
298
204
560
606
284
837
313
398
871
230
300
65
511
947
714
245
675
720
258
253
260
125
995
720
242
729
990
810
931
719
107
481
273
94
719
571
751
804
591
771
480
954
939
858
179
154
306
466
759
164
109
629
511
121
675
964
291
647
345
371
483
883
859
722
687
725
220
23
488
973
278
959
949
883
462
659
867
156
159
903
389
729
953
470
475
273
894
705
186
14
161
286
552
549
483
709
946
287
779
902
12
477
625
910
988
792
928
593
867
446
606
289
737
953
841
492
820
929
47
900
789
746
618
55
183
400
926
991
996
62
976
916
214
687
214
221
543
203
565
646
838
11
578
476
527
232
353
699
861
654
555
472
22
230
968
507
627
40
345
627
538
303
968
182
715
167
982
248
787
338
961
856
448
511
808
467
394
884
781
424
874
906
990
330
466
359
367
340
65
90
975
30
705
982
661
174
6
353
144
130
485
391
464
554
326
695
356
114
152
743
929
53
888
883
811
629
245
625
363
831
139
80
950
452
947
655
421
169
987
898
22
640
143
550
95
799
867
230
178
559
707
566
705
935
298
341
999
646
796
344
809
208
360
200
175
592
325
21
531
291
367
21
461
757
382
941
384
285
820
352
709
571
57
37
738
914
445
354
294
417
337
183
427
483
738
374
457
134
722
246
243
937
973
766
472
662
622
542
897
479
892
170
266
516
764
504
430
915
828
880
163
689
112
635
751
956
477
356
846
587
928
804
233
157
986
690
973
806
323
854
29
72
911
966
348
102
161
210
507
932
635
250
955
474
687
624
176
231
645
408
771
347
938
908
346
884
801
435
53
162
969
721
728
782
658
330
800
749
148
608
588
186
39
709
666
785
769
762
274
441
967
333
395
289
179
809
688
411
742
631
343
677
251
123
958
396
416
634
890
803
657
166
85
978
787
940
371
746
978
205
578
92
191
96
459
601
201
569
721
484
702
266
253
484
815
199
563
638
438
224
245
615
716
200
3
110
987
339
315
704
845
692
730
773
96
803
351
608
686
814
992
997
461
495
908
146
143
355
988
112
479
674
990
507
177
610
408
612
836
222
382
128
872
188
240
481
374
620
66
706
232
557
865
416
509
521
71
660
545
761
804
413
895
387
457
667
44
639
642
318
762
722
575
869
237
113
62
42
389
695
177
658
153
649
712
163
980
911
347
958
151
901
983
491
107
728
450
180
817
540
955
218
696
785
107
195
737
175
194
334
218
958
208
765
54
56
817
136
302
730
732
699
606
501
920
653
142
691
308
969
731
149
649
546
58
458
861
728
136
977
927
831
921
407
427
502
963
356
969
77
790
16
678
975
658
139
726
231
917
42
3
647
72
182
63
348
924
94
635
85
758
748
466
195
981
845
765
866
804
122
59
540
376
716
140
599
959
676
498
245
467
569
685
866
322
386
993
787
907
83
751
849
887
436
77
60
794
349
378
300
213
766
962
651
625
826
394
303
953
236
705
19
972
338
660
221
446
6
796
274
275
204
397
934
423
925
678
752
565
65
336
385
97
372
836
709
772
783
470
226
676
703
888
797
861
963
180
421
896
270
970
295
967
861
98
816
106
267
415
441
897
271
481
532
302
239
876
389
573
750
938
260
52
257
938
663
169
975
315
245
213
22
81
157
19
883
738
988
516
33
742
453
554
59
777
18
903
820
127
745
657
923
858
739
44
237
243
814
277
322
211
769
351
138
564
624
124
136
833
797
304
388
966
142
509
687
998
615
607
663
471
36
500
27
716
624
250
992
687
132
252
401
560
143
138
733
111
883
893
954
762
576
484
280
755
978
509
977
425
206
491
396
786
938
737
824
762
698
752
702
994
654
275
375
344
920
868
452
886
452
370
245
786
913
482
1
882
956
935
436
89
3
544
423
570
895
324
64
40
186
772
650
576
560
909
976
885
547
424
955
597
654
136
836
724
987
256
458
45
512
174
60
344
987
136
955
797
831
513
903
764
615
520
546
246
886
158
649
131
745
434
78
713
93
474
563
69
330
576
985
346
249
639
406
819
578
8
517
534
597
973
407
736
114
497
512
911
469
75
61
543
521
957
896
756
645
261
462
465
19
671
392
948
797
892
277
598
251
828
265
786
263
60
838
168
234
51
833
191
15
799
720
965
253
663
111
692
498
732
777
380
866
281
916
870
959
588
93
172
330
672
707
107
360
488
951
434
337
82
793
74
593
798
958
993
105
74
741
684
768
971
241
217
634
234
112
87
291
992
523
506
709
616
254
142
212
976
135
40
963
546
435
380
64
541
612
790
642
307
31
56
643
815
409
493
144
326
938
152
253
31
849
588
869
951
159
528
223
389
329
62
429
863
772
729
222
71
477
585
827
286
664
813
215
348
270
859
623
369
484
918
689
378
438
797
433
683
762
420
949
165
369
801
922
125
152
558
129
609
461
430
865
799
710
61
952
644
370
560
372
710
547
654
867
959
803
634
874
718
419
798
75
68
651
77
767
503
483
637
259
518
456
176
960
570
947
462
338
757
347
960
194
995
499
835
495
441
373
390
599
862
614
226
171
676
35
214
552
163
913
756
786
131
203
772
155
283
740
466
209
115
844
558
382
266
695
992
833
653
41
238
945
93
526
612
122
276
774
311
0
19
365
86
384
403
393
885
558
270
348
527
313
401
370
207
467
257
836
587
133
478
387
318
495
0
952
849
572
357
271
501
892
949
533
63
115
370
598
624
999
743
913
504
862
443
840
223
582
962
454
936
639
81
357
482
363
796
512
915
389
637
459
140
79
307
779
771
533
437
847
697
303
857
453
801
309
46
226
161
530
570
873
865
395
369
789
445
441
187
730
272
505
464
469
391
957
786
387
79
932
223
207
724
956
98
21
535
408
421
428
322
468
693
833
667
485
210
846
244
870
946
993
195
717
369
920
747
684
638
483
813
995
373
594
988
602
660
925
132
916
565
955
974
352
287
825
539
913
873
612
746
325
348
922
920
27
844
635
827
493
179
645
267
45
738
181
470
756
509
217
782
870
585
825
8
345
60
671
260
267
937
588
524
315
647
841
563
728
261
647
172
951
13
382
868
712
578
506
893
663
207
28
384
144
973
581
261
827
864
285
770
544
191
577
670
700
598
842
609
785
722
666
778
931
56
466
292
15
674
63
350
526
351
340
926
951
238
568
25
827
983
687
817
418
518
71
379
443
668
657
932
656
284
943
457
368
887
69
447
798
805
880
773
422
665
595
604
320
255
336
703
109
644
371
373
662
730
786
833
141
711
825
114
483
705
643
532
968
536
706
434
768
848
167
853
883
697
693
606
101
204
600
828
924
653
387
67
545
24
639
897
821
145
559
918
836
628
216
47
215
941
743
727
123
942
82
347
383
771
128
864
668
226
668
980
421
260
908
861
669
731
577
554
463
592
423
540
297
42
980
624
290
628
294
804
946
571
84
531
225
706
902
191
487
733
89
26
67
679
98
681
559
712
796
718
864
734
837
488
356
542
290
937
156
279
691
932
193
956
818
688
131
740
300
310
332
128
106
603
731
536
457
522
516
674
925
82
612
280
213
766
923
860
439
255
682
411
460
587
44
172
646
215
945
44
622
457
477
607
635
563
128
508
292
748
494
781
479
241
422
786
210
395
376
553
574
837
632
892
979
613
23
176
246
180
640
21
176
820
72
70
864
85
223
711
497
987
683
374
582
600
403
296
865
346
353
193
507
448
281
22
237
134
174
907
614
19
364
388
53
123
552
578
502
38
755
397
450
860
101
32
830
859
31
846
6
998
953
126
842
732
793
461
398
323
485
945
720
335
616
734
235
178
224
399
704
481
201
930
692
249
122
160
252
333
236
7
76
69
859
94
288
292
149
253
218
270
848
599
50
724
