773
265
959
660
665
875
343
215
9
335
58
542
901
343
698
990
593
497
777
673
947
260
550
799
669
476
279
165
643
261
724
947
178
516
686
87
338
744
610
504
562
319
758
133
943
918
567
675
840
177
644
181
945
176
707
70
946
154
798
242
28
851
114
786
495
689
772
766
275
805
55
341
345
340
334
449
724
365
722
149
234
557
401
816
361
294
941
691
24
622
580
198
963
395
968
65
66
109
853
934
735
36
346
124
770
600
598
989
250
40
649
809
162
818
132
228
302
89
85
443
545
588
627
756
669
290
291
907
157
332
581
681
538
283
966
686
616
241
106
391
581
395
917
323
686
899
727
31
125
77
834
954
138
439
649
650
309
99
79
573
358
929
880
996
913
861
328
426
145
225
30
770
976
243
909
422
40
414
695
348
329
366
542
75
519
845
129
787
583
27
975
466
951
210
107
339
887
807
964
17
824
364
247
946
583
835
147
6
205
21
561
927
614
241
510
658
52
896
287
859
312
228
88
607
309
777
321
283
177
252
117
2
56
80
616
595
719
215
820
369
417
533
456
819
345
249
742
684
349
701
439
382
284
196
382
135
916
267
125
150
450
736
712
799
231
703
644
745
211
444
619
264
968
18
952
622
246
138
641
621
566
447
118
104
670
574
300
983
816
52
717
201
663
407
648
516
7
814
233
792
519
460
949
105
6
504
85
579
431
832
540
672
147
524
254
437
242
47
191
875
45
455
629
281
194
750
899
78
925
417
210
156
624
806
974
352
695
162
507
710
970
904
643
538
856
94
53
201
508
769
610
846
967
713
919
656
522
256
634
624
309
851
892
273
97
459
570
488
303
149
351
987
315
13
673
542
904
674
518
208
945
354
555
684
466
910
176
859
393
865
620
863
307
842
25
411
127
593
876
382
537
333
459
534
669
211
883
921
889
644
557
582
317
862
500
762
633
842
725
295
667
165
467
879
131
744
631
230
245
794
993
173
107
974
277
451
284
679
4
702
245
631
22
439
515
695
257
212
666
913
529
30
588
601
620
187
529
410
112
814
896
149
628
418
936
180
216
326
229
620
969
58
922
129
285
359
599
395
231
253
199
774
488
542
961
440
443
63
937
12
802
743
299
491
354
944
603
130
864
539
251
942
982
528
738
924
678
291
821
741
602
273
557
479
766
330
294
695
739
897
511
185
56
398
674
874
239
372
33
669
897
958
299
154
839
13
738
709
822
173
274
106
910
653
793
430
583
909
605
912
433
738
654
431
502
245
650
205
14
234
758
721
663
371
840
634
767
876
286
671
592
882
690
60
454
693
285
847
152
325
20
977
624
304
500
72
65
953
382
688
804
573
950
17
711
958
598
420
811
818
266
208
496
894
456
233
559
876
78
736
75
500
95
853
397
991
459
641
323
302
98
848
685
33
989
947
675
500
274
828
918
323
210
450
42
566
192
829
892
351
240
955
430
56
801
913
764
394
969
709
650
513
875
296
212
483
783
177
369
383
495
476
501
58
994
490
698
540
79
986
354
393
903
261
180
612
430
447
120
214
952
554
257
316
781
548
190
478
920
288
156
236
290
858
532
907
701
956
900
181
912
510
429
735
862
634
457
204
859
413
319
702
885
858
924
204
434
65
943
800
52
588
528
63
198
657
758
715
113
580
413
854
447
732
585
468
379
630
289
651
603
471
602
623
468
546
327
718
753
97
122
346
279
120
690
5
551
558
865
142
304
285
328
153
473
96
249
573
833
724
25
111
843
735
624
52
305
526
342
612
755
466
892
994
764
434
788
952
450
268
398
399
168
748
417
988
41
935
946
78
115
978
19
563
926
995
619
506
840
985
374
252
150
792
481
460
537
724
412
437
386
863
996
987
323
237
68
385
36
204
135
618
639
42
21
315
24
582
256
149
652
472
937
104
445
541
812
531
392
275
309
433
844
51
613
13
558
572
333
318
293
819
677
205
543
784
706
331
510
597
290
32
67
952
101
942
725
351
450
956
870
315
610
958
27
220
517
922
181
716
968
661
889
545
944
636
944
314
374
799
707
66
654
951
544
866
237
960
305
105
846
642
223
127
930
10
803
295
234
693
716
491
658
300
218
241
851
346
142
562
981
467
196
475
464
559
14
885
333
844
406
584
918
570
383
396
478
55
465
671
486
507
823
155
101
477
767
551
355
76
629
677
443
755
548
396
67
332
242
964
209
989
351
982
147
15
402
566
667
35
312
425
614
823
546
632
935
350
258
415
460
222
297
511
684
395
616
191
404
329
961
482
997
598
545
833
316
430
892
561
182
984
629
431
173
982
673
440
163
674
735
262
522
939
446
84
85
903
898
10
943
978
253
884
822
773
510
205
995
394
697
41
953
164
723
631
416
331
368
310
661
45
138
671
992
456
288
31
377
819
113
664
815
949
659
630
855
357
357
764
429
464
917
257
850
217
358
741
547
243
674
869
657
330
864
830
994
616
770
678
164
131
246
686
49
283
711
819
755
354
471
956
830
796
587
742
252
21
11
699
969
234
181
314
284
655
596
351
342
928
322
499
370
819
759
678
185
146
413
961
896
47
938
336
705
369
697
116
59
323
701
735
255
970
371
544
288
223
699
583
790
827
434
619
551
639
624
846
98
310
689
282
730
170
962
596
251
931
41
799
292
774
761
108
288
218
81
181
283
582
712
985
214
110
352
65
360
860
508
409
97
250
422
19
715
238
586
173
831
191
361
306
641
292
122
414
818
780
827
451
800
600
816
1
604
692
710
691
111
756
39
900
337
211
874
191
856
399
70
246
170
193
779
267
744
976
597
274
199
789
757
15
291
120
398
180
506
946
985
147
98
652
438
106
400
5
280
340
614
929
395
843
928
476
60
684
460
190
269
931
899
176
827
493
656
220
942
309
292
251
965
654
764
609
652
727
944
74
291
4
736
832
588
817
692
364
632
201
577
962
934
237
123
545
81
337
52
959
965
800
879
828
70
751
681
581
677
791
581
873
432
444
154
424
181
923
652
966
963
856
579
303
5
493
267
229
619
926
705
437
214
273
319
840
416
972
813
357
326
783
196
868
156
104
928
37
323
829
89
374
873
476
670
219
349
374
551
800
21
674
69
178
790
93
736
780
487
903
508
910
179
770
873
439
913
92
550
115
833
339
506
983
621
920
270
321
706
124
890
357
698
575
275
522
360
919
301
308
959
285
19
98
38
60
696
647
828
275
577
950
212
970
505
126
157
617
584
909
393
667
889
273
464
825
631
866
648
395
795
779
259
978
44
271
461
745
508
480
977
394
579
178
943
909
123
950
84
698
63
363
118
96
776
119
265
902
421
980
723
558
742
101
505
18
157
919
900
126
954
789
732
621
410
83
399
328
107
484
325
913
406
759
491
782
402
292
251
744
41
349
612
731
353
999
411
360
601
288
214
318
829
538
952
600
561
69
631
319
398
187
734
656
812
277
766
105
540
227
592
236
495
529
848
382
345
661
583
137
972
628
95
206
899
964
539
694
244
124
931
887
560
280
817
668
346
761
339
861
945
905
581
678
820
580
858
339
41
258
15
713
922
113
212
168
133
471
704
437
383
805
112
323
652
23
987
257
981
143
701
231
718
762
950
722
923
58
398
151
223
91
848
364
448
689
672
42
178
254
970
55
694
970
665
880
815
419
704
779
346
540
160
186
727
17
111
355
352
896
441
749
500
251
518
942
793
706
744
23
660
606
767
553
958
984
938
712
589
112
252
701
187
98
785
698
919
818
508
423
183
80
382
425
439
967
509
866
48
367
359
804
600
650
41
166
561
964
784
401
297
411
171
925
910
574
43
92
868
914
593
416
668
927
818
592
314
58
561
101
203
252
409
131
553
55
821
556
533
544
391
222
520
264
97
221
710
364
851
251
551
733
729
395
523
802
304
77
42
537
14
107
109
836
235
770
260
880
39
189
69
993
473
996
870
954
778
857
895
744
372
803
39
934
146
827
921
779
557
36
266
207
887
888
26
613
312
941
325
698
707
222
565
548
949
38
614
693
737
175
101
847
170
736
798
665
390
966
65
464
692
993
727
353
354
495
551
562
965
526
696
848
709
347
74
499
372
448
605
342
820
233
749
675
226
823
441
515
315
30
583
227
385
481
749
2
281
853
710
927
389
451
640
375
833
247
502
876
508
982
647
25
733
284
577
97
487
419
635
648
267
984
983
882
241
119
696
999
466
814
149
584
996
303
353
283
939
784
831
209
369
132
519
873
362
964
535
102
398
944
969
635
923
879
501
607
615
167
435
820
711
294
479
233
423
423
417
343
199
856
535
136
621
327
258
611
597
845
506
620
610
923
167
585
215
273
845
960
463
222
603
843
821
753
368
662
265
405
106
999
528
924
268
619
879
338
163
322
419
170
758
153
615
463
776
797
955
320
628
895
478
102
563
611
32
530
500
186
255
199
625
640
92
503
857
472
296
274
288
411
312
489
215
71
970
128
929
588
739
353
212
114
655
221
776
998
652
398
863
683
332
785
601
318
53
447
43
794
814
850
539
337
520
228
338
780
30
418
150
529
531
208
139
828
615
31
846
617
901
209
966
925
564
389
911
372
584
422
644
412
653
230
616
897
527
871
65
442
392
994
234
745
895
369
556
200
425
134
752
839
255
407
731
802
148
233
655
910
993
769
577
132
687
626
564
686
361
672
426
567
323
283
658
199
314
343
43
396
994
296
523
44
822
931
676
487
255
216
628
897
996
852
79
445
603
466
859
701
489
257
672
622
124
761
466
280
978
95
684
819
725
465
259
141
854
211
244
552
722
135
371
41
293
842
241
290
458
27
113
122
949
536
559
42
661
913
149
504
721
581
180
496
574
283
147
14
122
265
351
25
824
432
231
641
272
297
811
41
738
928
145
288
767
790
211
921
133
878
544
146
13
933
373
417
314
324
280
482
376
713
273
518
62
833
710
886
849
515
729
69
759
910
952
451
325
74
536
550
221
228
71
586
336
339
245
897
236
103
350
710
770
545
391
939
455
677
242
459
676
45
911
354
372
303
577
832
657
791
467
644
260
855
989
117
207
682
135
364
616
816
624
197
733
731
91
277
311
561
135
301
949
858
898
564
565
377
713
635
232
872
159
849
139
636
351
815
406
823
727
118
139
268
267
148
341
69
659
558
267
384
651
567
231
544
749
175
7
360
836
775
135
258
255
496
392
22
321
747
25
934
265
339
897
462
699
903
830
401
434
587
278
926
712
558
935
649
971
527
245
758
254
976
72
505
225
53
150
833
134
374
140
475
290
815
421
34
131
152
492
771
364
913
644
607
818
86
946
98
826
400
203
953
282
467
736
696
352
788
90
313
835
339
355
97
84
822
107
108
256
630
723
257
365
218
282
72
462
753
770
167
717
694
518
716
444
396
634
5
153
456
903
403
539
158
858
909
349
244
319
473
54
3
271
541
425
483
547
588
408
142
132
68
777
165
225
723
506
550
628
386
742
799
642
794
292
189
108
75
160
605
534
700
752
227
692
708
221
793
620
639
404
255
980
556
16
321
161
515
414
798
289
516
389
300
646
442
279
305
279
591
225
117
812
529
963
179
301
722
828
94
720
37
349
648
750
36
728
134
81
335
77
479
372
735
16
219
455
624
459
513
29
525
428
864
364
493
562
615
928
291
945
608
180
395
784
342
230
448
859
688
254
11
810
814
891
174
669
72
546
39
482
798
796
600
837
186
450
859
451
538
919
658
458
593
883
652
352
469
200
892
823
811
587
996
266
22
816
431
503
791
290
403
977
975
950
837
592
199
610
55
759
712
544
724
914
359
81
373
474
832
856
148
151
699
708
924
273
404
441
884
794
444
907
665
891
582
528
480
850
332
929
525
533
583
997
261
342
277
355
280
346
372
601
171
711
5
990
874
210
372
88
210
491
468
234
19
430
847
830
741
310
123
803
10
911
520
267
233
392
910
172
379
444
132
257
134
180
675
580
63
410
665
762
132
412
753
779
887
163
639
884
831
968
561
459
257
82
409
734
788
598
576
129
17
819
133
354
905
888
962
562
144
221
703
795
536
827
528
0
113
977
249
542
403
876
923
93
806
738
222
34
481
826
366
141
311
380
802
609
663
649
127
237
530
854
363
151
888
83
461
176
235
538
282
679
981
126
387
982
318
354
562
419
581
202
771
964
87
426
552
187
198
418
12
937
121
10
113
714
249
968
20
780
747
955
134
733
153
122
382
817
748
918
738
917
716
297
309
131
727
874
674
82
800
807
262
88
959
413
164
119
887
718
410
218
436
663
704
283
755
853
889
890
940
892
98
43
26
420
503
693
523
864
381
3
194
748
170
633
642
938
168
164
365
105
649
662
403
739
813
84
110
394
822
318
770
390
4
723
234
765
645
87
45
279
700
370
248
173
698
277
5
246
394
515
705
582
806
938
347
795
496
446
967
580
323
72
75
289
615
888
57
794
602
28
163
245
628
403
181
550
956
218
916
709
854
2
901
95
38
773
824
114
413
643
786
562
586
741
410
624
405
861
995
101
772
192
992
771
840
89
151
84
82
236
996
546
95
499
630
906
3
888
126
445
970
384
75
349
953
632
891
264
442
607
644
348
486
504
569
848
197
946
88
66
234
605
736
442
2
987
199
298
442
761
185
608
64
369
134
122
610
790
754
693
467
114
560
626
436
39
624
974
327
136
101
540
686
204
604
185
554
783
446
363
664
716
694
647
150
842
86
421
187
282
404
547
900
699
178
403
162
58
83
25
73
905
649
822
92
146
548
138
412
305
525
441
895
355
360
93
101
535
24
91
790
880
828
429
528
332
287
443
244
188
550
143
543
607
114
684
799
605
429
274
939
838
889
449
605
5
916
886
28
420
792
871
641
125
207
71
659
58
723
7
390
89
331
722
430
408
842
746
210
641
850
36
108
938
270
285
37
243
316
944
316
741
177
277
263
724
831
367
250
968
42
618
580
566
880
78
58
278
110
69
491
800
383
285
602
904
199
243
250
323
398
197
676
741
449
481
339
929
866
503
721
268
583
223
514
622
752
201
54
606
874
416
29
665
377
201
338
478
722
254
786
993
966
465
878
898
650
647
59
769
531
323
115
657
864
924
301
206
168
429
271
756
769
366
299
581
802
732
944
79
457
266
239
536
94
210
974
494
185
396
10
88
775
793
117
394
487
684
263
489
274
150
568
996
385
693
715
458
265
297
599
30
449
331
703
700
516
818
625
423
458
778
860
200
145
219
762
981
256
908
229
707
236
370
382
378
836
49
648
396
63
573
835
737
662
653
413
138
571
69
251
367
264
143
53
303
133
637
599
332
513
462
291
17
321
883
324
465
319
100
30
670
234
459
457
378
131
813
76
549
368
728
999
635
481
398
120
201
551
477
951
108
684
160
157
615
54
141
159
239
798
683
761
20
757
312
661
558
837
245
242
929
493
367
481
431
207
219
123
137
323
157
871
186
103
388
456
983
366
205
218
438
948
275
117
123
516
544
162
529
936
435
162
523
176
486
566
831
855
306
1
187
534
673
194
744
571
440
390
943
925
903
26
324
14
439
670
366
891
175
212
775
936
586
288
527
420
232
810
439
636
583
462
868
612
823
453
91
679
751
996
531
407
207
938
691
272
227
24
681
455
120
585
652
417
894
152
199
574
882
480
507
812
447
670
895
639
465
723
343
438
541
807
734
889
392
415
896
870
795
191
217
539
840
610
908
878
539
158
25
409
680
221
31
521
365
413
161
749
19
33
359
315
199
817
300
294
895
125
80
164
619
543
601
20
538
245
443
356
446
534
633
225
677
716
606
488
357
351
973
233
2
707
129
723
231
584
162
146
304
327
861
781
631
460
918
508
91
374
356
167
409
492
466
930
934
234
966
197
586
520
47
199
794
620
296
826
203
606
819
841
510
33
828
590
844
442
515
225
159
600
589
955
418
476
864
793
14
522
273
347
299
565
764
484
799
96
895
636
942
785
156
576
478
152
89
227
765
381
581
222
265
816
145
164
380
394
136
409
954
49
100
488
345
928
231
218
596
604
348
428
436
643
752
922
339
112
79
344
134
833
847
528
246
778
611
37
819
882
797
694
470
722
868
462
1
590
669
248
262
556
489
263
537
146
35
988
698
412
84
121
155
98
653
162
834
936
800
227
219
832
508
556
582
418
443
498
304
947
137
551
145
443
155
249
817
576
522
704
559
953
659
681
104
229
196
608
312
337
556
874
673
784
768
184
533
988
894
703
209
531
991
573
976
542
382
542
528
659
8
812
814
106
951
125
25
212
951
918
85
935
219
406
135
766
309
845
832
669
361
907
160
283
684
93
752
896
582
457
11
630
89
267
466
691
501
929
155
436
58
401
189
646
905
106
915
926
600
879
882
81
248
256
945
365
940
115
820
110
447
192
261
68
634
234
952
274
882
201
136
314
290
516
715
395
610
459
7
204
748
555
328
403
350
995
256
478
625
299
553
235
829
301
594
387
639
723
195
80
944
600
670
792
387
651
604
298
202
797
201
389
109
132
398
831
969
632
945
67
593
58
187
764
292
917
414
390
739
652
168
468
188
931
136
547
863
938
388
918
757
76
717
211
648
126
16
930
532
58
817
262
384
435
822
956
696
59
133
177
938
601
835
8
570
174
58
472
301
766
670
123
79
828
573
587
817
613
153
264
554
359
283
245
25
763
349
736
804
757
603
767
104
636
191
896
430
61
9
265
934
274
615
70
915
368
606
545
555
438
357
500
241
849
146
874
568
156
964
163
166
317
181
494
146
843
857
505
676
35
775
956
304
602
635
83
655
125
733
482
738
164
706
515
939
821
844
386
146
564
17
122
424
464
765
929
620
969
541
310
512
646
842
299
39
715
677
253
309
855
285
680
690
523
394
728
237
983
333
826
690
879
606
401
255
626
473
340
353
667
518
796
349
784
724
164
933
384
602
697
498
290
2
993
977
664
218
904
747
714
263
21
4
135
592
875
568
383
228
571
333
19
746
383
393
6
211
905
801
285
678
474
610
249
208
783
536
190
357
70
289
499
567
814
501
538
874
972
957
362
746
986
260
439
762
610
110
996
274
504
740
422
756
869
201
833
419
88
525
353
920
847
579
527
274
731
752
163
377
465
851
704
920
173
179
19
45
65
898
757
421
211
476
608
105
685
795
558
359
94
315
741
495
598
445
983
435
950
538
134
897
838
318
917
816
80
198
953
93
921
407
6
129
312
173
158
200
791
756
796
705
23
791
415
53
104
547
354
582
605
822
944
765
110
209
413
968
23
216
551
726
86
714
939
8
930
777
812
543
438
560
343
12
789
452
482
215
944
440
762
703
851
873
372
266
461
322
619
571
534
277
184
302
387
79
200
112
893
383
55
359
887
307
402
3
958
926
586
457
403
90
965
634
964
14
478
628
553
596
772
732
857
818
9
247
245
322
873
860
628
296
474
463
694
0
290
228
237
474
724
142
140
259
853
732
339
649
267
710
291
626
156
522
212
522
92
517
855
791
969
568
781
818
409
401
598
53
851
723
317
419
267
147
976
225
142
607
686
551
589
973
410
162
799
878
596
737
255
909
326
114
757
192
675
857
992
170
595
444
409
746
980
998
891
787
555
254
222
145
64
603
18
437
967
318
25
917
939
668
205
459
325
319
473
672
850
80
180
757
146
883
559
582
229
6
488
916
304
647
55
469
821
346
902
217
833
540
813
636
918
478
907
995
921
257
409
197
982
3
472
8
215
364
371
4
819
808
223
264
444
176
318
711
25
311
443
222
33
294
720
877
713
60
540
312
693
694
72
305
155
871
976
612
149
748
959
447
820
86
611
491
122
749
55
379
680
822
23
256
382
849
494
350
825
529
524
319
222
232
36
138
125
991
457
480
96
791
176
907
971
367
704
595
62
290
862
245
310
404
725
634
26
25
11
682
488
570
7
452
127
77
23
891
216
975
541
766
910
9
673
548
724
461
466
961
341
547
350
874
271
708
810
617
865
506
907
806
35
914
10
298
909
575
37
232
208
748
43
691
824
534
728
678
27
316
718
604
155
115
84
205
911
234
912
649
656
111
769
268
319
373
624
198
340
131
972
390
689
497
788
482
796
153
847
381
844
864
583
462
291
928
332
961
626
387
613
413
274
998
434
113
374
600
333
163
471
829
718
567
511
579
790
584
798
936
675
686
827
566
786
996
482
717
458
876
172
211
549
290
316
986
546
506
206
46
629
663
490
905
889
313
710
957
700
937
473
910
88
164
500
233
745
314
403
701
130
906
57
165
426
852
506
870
868
458
993
467
101
315
730
579
911
46
882
60
306
152
514
158
345
235
411
326
170
771
723
29
111
741
485
989
754
830
199
936
694
469
477
460
872
326
931
495
324
596
911
59
780
538
989
382
619
847
908
176
392
700
629
962
758
610
548
144
8
885
232
378
578
103
932
949
107
362
472
520
806
950
209
974
391
315
628
112
578
212
307
852
848
776
54
806
971
486
915
41
217
900
272
521
117
828
452
408
512
468
285
100
927
792
125
202
598
494
590
153
458
510
852
893
764
868
954
78
794
932
652
612
391
80
627
593
179
665
520
228
373
239
200
613
460
943
285
514
389
544
61
677
487
354
955
519
290
708
60
286
62
952
12
262
856
813
927
887
455
760
947
26
469
513
314
401
473
5
574
130
649
69
341
488
388
738
44
231
70
692
688
178
53
478
647
450
296
743
181
588
7
703
459
592
229
131
698
34
98
216
100
559
101
216
475
646
295
420
228
584
906
727
131
613
529
210
730
717
289
257
372
703
125
353
227
538
359
580
577
901
202
315
572
325
133
214
651
555
202
595
565
839
452
41
105
253
494
800
263
42
161
480
597
419
782
58
350
514
881
118
798
799
86
266
592
647
478
819
912
523
145
875
620
543
55
336
669
573
994
37
244
181
371
87
159
844
917
390
810
