44
103
413
319
299
892
667
72
181
112
265
471
192
90
358
625
915
902
246
249
414
413
706
62
645
173
843
997
142
137
348
707
441
197
117
671
807
608
260
931
651
989
518
661
78
664
675
894
591
138
63
998
967
801
900
25
497
752
245
770
416
526
742
667
852
85
479
382
100
761
111
955
215
882
277
159
430
96
698
69
673
59
162
67
97
804
330
780
533
484
907
533
759
671
412
447
558
331
454
704
678
851
208
925
316
643
339
544
163
711
760
450
613
372
686
62
179
515
304
954
917
381
418
930
229
352
788
547
533
397
47
273
849
882
868
957
7
547
596
22
3
816
802
954
831
154
773
778
592
680
137
632
595
489
325
381
910
749
608
51
892
205
125
644
8
867
549
806
299
366
803
787
536
902
242
433
636
721
51
386
11
72
915
425
845
258
297
106
296
970
813
412
919
783
612
463
744
688
72
44
948
162
53
805
383
263
230
441
751
965
157
180
561
72
545
737
934
373
770
805
693
908
720
778
907
632
161
764
605
927
154
635
214
473
293
150
4
479
200
928
276
793
14
162
822
771
119
821
83
253
627
650
242
878
68
968
803
516
72
320
987
747
805
456
533
936
680
99
914
840
926
426
831
738
147
737
645
925
921
560
710
879
792
580
787
404
60
570
491
927
340
527
501
560
703
327
870
314
217
152
950
367
707
514
669
371
272
5
420
314
443
623
349
775
78
209
228
618
334
292
63
972
898
573
833
642
714
155
388
588
565
505
532
985
754
268
81
241
640
562
309
190
345
525
716
960
593
379
616
860
508
307
836
400
925
798
409
933
340
312
396
754
799
922
624
825
945
557
960
912
831
980
421
302
423
414
909
935
532
335
381
654
132
259
301
823
930
94
41
918
423
291
961
159
508
942
102
43
74
560
412
763
3
423
7
836
577
415
622
464
811
193
645
69
337
391
174
244
917
849
327
616
665
295
94
424
543
491
465
875
59
25
939
711
877
127
353
462
83
395
682
390
563
486
732
212
998
155
436
436
193
355
941
895
924
296
666
81
293
580
606
37
287
621
440
40
731
255
341
119
105
55
974
662
176
136
416
110
73
291
594
210
562
95
768
79
750
27
286
613
369
4
217
126
802
504
360
929
881
901
544
963
679
214
396
332
253
563
883
969
157
573
572
595
805
627
276
212
514
715
56
161
520
432
310
360
752
796
846
671
978
531
158
766
530
237
610
467
711
389
675
329
798
130
246
203
189
985
245
578
68
421
43
401
198
893
81
681
556
880
454
822
587
991
459
469
652
654
411
688
201
393
761
376
216
800
717
318
271
503
279
398
359
524
84
832
702
357
773
428
100
477
460
337
975
651
642
778
786
224
596
319
616
187
876
331
239
346
580
247
487
95
669
538
625
388
205
315
148
613
295
781
51
185
69
997
891
172
648
979
248
236
104
403
567
734
55
223
126
997
471
859
568
790
692
476
613
842
556
13
326
233
539
136
629
520
43
574
202
542
17
435
763
505
59
745
651
288
837
87
835
156
834
845
511
656
664
903
423
2
236
644
61
941
933
241
966
812
309
471
465
949
321
358
245
248
217
164
800
283
499
375
649
651
330
650
255
449
428
303
803
614
522
833
367
725
624
101
786
91
844
221
820
173
627
568
235
175
591
666
137
428
421
451
364
287
394
478
141
773
790
400
412
692
177
379
576
236
433
567
229
881
846
748
998
698
413
702
42
353
312
44
202
511
190
927
136
932
735
76
444
903
304
111
360
960
789
316
531
640
380
234
739
969
366
727
419
272
521
394
420
459
320
777
512
568
252
735
826
668
459
489
264
421
735
366
130
293
914
185
661
859
389
268
928
871
440
347
400
314
739
338
23
96
699
867
895
547
641
464
524
77
308
641
31
618
335
611
6
327
5
222
345
219
216
753
96
560
233
67
689
774
185
664
733
325
838
31
162
980
746
709
947
339
870
296
411
897
603
185
128
59
609
278
276
370
904
747
544
168
371
117
873
942
486
666
716
557
124
969
149
727
971
226
939
57
435
273
840
120
889
716
988
908
834
670
817
669
466
39
834
321
893
874
820
664
773
28
110
124
986
492
205
560
183
99
136
907
601
264
403
529
339
232
78
831
844
217
485
360
90
490
91
921
840
585
231
798
179
800
977
455
354
333
934
762
139
356
222
6
859
907
383
513
102
225
699
431
268
748
356
927
108
127
655
604
362
828
814
189
955
243
0
681
714
751
443
387
916
657
866
101
821
340
817
764
949
548
493
640
285
907
129
774
67
130
770
772
518
40
500
369
819
706
30
391
797
287
905
117
555
839
302
949
548
671
124
622
318
260
385
991
683
962
360
665
749
623
985
952
936
369
710
286
677
720
153
868
696
553
915
29
375
248
911
585
507
394
517
3
531
900
891
343
539
972
222
84
228
58
230
777
124
114
767
64
454
136
476
884
621
112
998
888
243
570
242
5
470
999
416
623
921
122
239
21
568
718
559
931
404
831
854
421
631
559
660
971
130
369
442
164
250
274
133
760
346
680
393
686
969
786
584
454
484
986
698
348
398
875
46
561
411
771
502
8
860
982
600
586
357
596
449
567
843
152
133
170
865
526
201
103
873
929
698
771
599
374
990
648
513
248
71
628
187
97
128
405
904
865
40
179
330
854
884
889
650
889
113
442
851
264
895
796
409
782
969
196
415
19
288
478
174
65
423
798
346
900
34
64
397
477
24
464
367
92
511
919
565
7
630
60
478
899
845
194
237
397
89
507
113
350
461
489
304
921
626
740
441
746
158
774
969
5
699
391
382
920
166
869
351
870
672
923
548
937
89
221
802
284
712
862
719
650
951
526
707
733
43
395
943
87
802
386
896
814
813
546
483
576
685
230
949
524
497
29
970
848
533
256
787
364
175
951
269
171
43
184
844
689
855
525
903
21
480
824
108
148
187
646
60
575
608
726
529
979
392
693
844
235
567
399
388
836
660
227
705
189
926
827
342
320
97
895
620
537
518
293
763
771
944
999
795
873
411
98
625
352
911
30
46
110
962
270
913
982
531
294
221
788
378
252
421
519
574
261
123
728
351
301
344
886
185
937
662
187
162
205
249
38
98
205
763
237
49
578
735
127
864
660
358
644
77
158
997
210
481
227
472
965
862
882
199
697
418
336
246
999
761
331
139
218
439
879
841
221
362
55
865
195
813
361
24
2
649
974
51
76
551
676
47
460
673
162
37
714
670
752
410
843
196
921
5
440
239
310
538
720
96
920
939
813
817
889
942
424
108
783
322
354
667
534
307
785
571
481
485
523
530
293
37
857
679
570
890
251
936
127
915
356
782
473
586
378
926
879
350
852
441
309
678
272
482
171
665
16
543
786
331
72
345
51
834
327
318
395
479
912
590
342
351
980
674
991
681
549
32
329
282
545
467
357
348
793
24
905
405
414
843
73
644
127
464
325
158
792
557
655
342
731
4
439
268
972
463
677
692
115
580
865
519
107
912
898
935
770
8
658
659
445
114
203
570
706
690
169
589
897
688
162
253
495
815
894
756
808
401
991
783
640
109
29
896
511
683
969
3
159
862
436
22
107
904
523
259
629
556
257
138
52
356
777
903
49
946
582
44
228
476
906
431
72
937
367
147
663
775
269
220
123
679
73
932
347
17
182
275
526
329
26
715
135
19
856
689
20
938
917
239
381
396
129
207
246
425
60
698
401
738
867
999
963
231
614
679
25
233
935
612
647
894
8
234
868
410
729
550
822
514
222
667
749
36
497
779
535
339
785
946
80
647
606
583
635
801
39
540
681
292
586
732
148
494
615
692
609
301
730
170
673
431
372
58
170
290
613
80
854
83
752
303
464
994
562
576
686
137
728
486
487
5
404
22
939
814
123
53
745
265
767
233
729
340
140
185
871
673
561
633
112
780
270
549
693
199
724
678
785
165
740
827
304
986
632
799
230
865
864
464
440
744
219
152
347
862
507
796
360
501
610
458
313
483
550
367
491
978
495
158
127
222
665
909
31
447
35
514
897
324
858
626
771
416
850
34
803
449
563
767
633
954
468
375
157
219
390
834
622
983
479
179
214
771
578
401
599
318
424
315
825
563
413
264
540
619
337
883
629
216
33
965
175
172
417
293
183
985
969
554
883
186
905
922
727
101
794
915
374
444
979
222
778
425
996
155
321
967
515
335
388
271
145
923
388
536
639
895
931
408
298
523
525
111
161
149
969
683
511
630
784
93
385
79
664
514
301
922
413
726
301
979
381
955
527
981
118
272
482
961
183
61
143
401
88
698
25
274
94
862
995
616
711
429
981
643
494
115
410
663
548
438
401
210
11
224
526
239
488
361
325
31
213
147
458
31
256
255
367
628
667
37
779
851
472
936
324
741
217
976
217
816
106
305
278
321
788
761
780
756
238
303
804
758
777
135
136
626
9
450
479
8
500
290
715
300
496
818
889
570
541
76
996
103
315
357
598
418
465
659
92
306
548
590
164
9
281
228
510
294
615
799
988
592
268
905
831
38
698
704
224
652
501
612
64
648
484
492
69
43
585
289
377
35
783
987
784
548
799
855
30
303
159
434
594
195
471
183
67
727
506
308
614
49
558
907
817
593
751
596
231
207
150
560
401
92
73
272
725
116
696
868
357
40
723
15
846
658
355
887
219
433
764
771
302
877
379
598
979
276
170
296
273
19
517
27
222
864
288
738
446
492
799
462
103
638
241
682
979
162
226
350
467
505
212
954
581
314
321
688
754
406
120
675
807
249
385
319
69
589
191
94
655
312
465
233
504
845
348
744
206
160
441
152
703
851
382
571
974
278
780
582
722
611
589
227
315
727
687
63
938
461
818
878
517
165
553
530
691
193
480
403
10
327
83
512
258
507
663
587
157
100
296
339
934
623
493
331
860
969
171
312
81
61
101
583
395
29
941
181
486
822
754
984
243
92
69
499
914
668
945
575
919
297
880
852
276
29
620
159
971
745
361
933
870
801
820
286
365
758
943
869
603
375
732
83
230
882
371
412
65
659
978
961
280
103
40
300
855
587
447
699
526
485
732
795
549
572
339
981
800
956
571
478
568
905
796
513
374
653
945
223
932
364
653
783
634
860
142
824
362
283
985
19
625
552
264
213
66
715
487
730
368
433
871
438
95
720
636
748
368
561
666
545
56
299
407
507
3
587
940
476
226
849
909
946
263
879
803
952
384
299
995
967
976
363
213
606
941
720
410
594
255
658
914
358
591
35
498
291
431
393
327
442
563
899
313
286
676
900
31
432
637
605
899
754
612
933
377
421
111
380
553
701
855
101
871
857
358
82
699
841
657
849
138
89
386
747
33
394
348
365
536
376
643
992
555
710
776
420
408
156
119
281
422
419
933
29
867
119
817
58
271
659
645
551
410
435
609
214
655
106
452
686
620
596
384
655
503
478
33
170
86
210
138
875
891
494
724
479
690
532
203
864
289
348
272
55
331
693
556
408
512
266
432
921
133
289
726
709
243
472
523
525
583
216
844
502
261
996
321
910
594
802
354
71
21
895
221
350
8
538
25
541
185
606
315
196
584
579
922
831
676
311
465
665
382
413
272
350
457
495
951
301
69
216
873
437
191
322
152
239
694
902
435
673
693
931
97
42
160
685
192
857
396
374
919
320
384
427
604
254
546
117
875
683
159
872
747
932
939
56
502
374
529
334
950
839
368
891
983
456
18
116
484
166
841
867
130
600
736
662
195
851
428
497
472
817
302
342
254
473
302
269
187
903
92
990
981
460
302
883
48
192
601
595
730
44
566
881
589
788
164
59
184
457
379
14
890
677
292
383
420
703
642
348
474
543
420
193
606
188
659
479
112
352
651
719
518
933
95
972
220
793
765
798
113
116
467
586
405
130
893
823
18
308
829
923
943
897
125
980
827
218
435
163
92
739
818
995
908
542
129
496
636
33
90
490
240
615
697
560
711
597
871
25
301
898
122
317
838
33
442
394
641
452
83
476
207
510
618
500
367
858
502
696
920
570
29
795
210
320
224
43
897
384
547
249
303
542
525
22
100
900
920
528
597
524
822
460
854
172
417
789
965
479
860
610
189
615
747
694
731
729
747
41
145
697
552
644
965
940
722
306
85
221
147
130
321
575
759
944
260
481
376
907
400
311
246
721
454
861
911
71
471
391
512
93
866
859
496
6
115
0
421
205
315
360
654
434
378
297
868
700
230
913
278
57
926
719
776
729
487
151
534
361
618
357
666
243
849
507
728
650
436
821
395
227
981
130
974
511
147
957
361
733
543
145
5
724
697
803
454
70
285
657
244
401
248
529
398
863
265
572
316
53
838
321
351
200
348
509
167
51
682
224
216
685
627
124
954
104
438
823
420
604
68
823
629
154
469
653
374
45
271
418
919
306
916
558
964
256
982
903
500
154
938
390
110
82
831
782
297
336
169
646
822
943
342
574
660
937
556
750
608
609
414
953
134
158
57
872
504
663
935
180
954
673
687
211
552
446
894
523
629
232
894
805
585
468
505
753
21
1
35
655
678
919
506
526
20
180
291
205
854
961
33
374
765
492
396
499
769
87
204
0
179
141
777
224
856
813
41
140
798
951
580
582
974
315
80
572
215
505
940
983
427
186
739
939
16
14
255
273
341
167
438
128
582
971
150
683
182
47
129
740
897
534
685
797
995
817
771
511
112
688
153
195
473
935
206
6
48
995
234
259
48
260
856
872
627
757
656
233
482
838
685
827
779
435
736
377
82
981
583
283
46
862
294
325
102
794
512
140
320
529
874
106
462
256
980
842
974
616
173
296
381
734
402
159
143
145
450
670
685
731
81
893
883
886
23
529
877
688
437
399
557
665
811
557
588
929
769
740
675
255
920
482
708
548
611
516
938
317
943
536
233
47
109
888
452
845
720
619
770
53
112
765
475
657
97
215
468
146
736
777
541
390
884
676
300
610
349
476
312
363
283
706
835
221
845
440
964
783
301
638
513
870
173
649
846
725
432
483
380
30
943
238
441
723
958
137
7
317
819
53
716
830
330
50
574
322
280
290
96
23
138
895
838
229
832
120
313
32
244
598
695
539
161
965
554
759
978
455
675
546
409
258
899
674
928
474
182
984
775
601
828
601
611
346
173
871
47
29
321
175
865
228
977
220
955
508
261
849
421
816
611
523
644
600
273
604
921
438
527
4
352
497
476
114
819
618
875
273
659
444
201
190
371
761
46
685
256
503
582
762
649
649
83
53
799
682
889
728
113
180
365
906
655
30
299
382
576
557
858
981
994
225
78
183
405
32
91
841
597
104
952
897
987
62
959
605
398
900
312
921
163
526
797
959
854
197
949
344
796
237
992
801
367
17
636
249
261
870
578
854
21
437
736
504
878
2
372
805
430
610
745
740
133
497
265
277
316
201
976
901
692
207
904
815
751
439
943
646
925
23
625
975
132
737
410
763
816
739
524
691
683
504
354
220
497
609
631
913
10
174
150
688
605
366
719
261
301
119
786
506
402
535
107
680
399
385
202
663
580
835
117
121
560
219
837
757
220
778
602
496
342
217
220
910
577
904
615
589
149
854
529
458
409
282
748
877
242
999
51
536
613
503
434
189
905
983
846
229
2
591
294
92
316
525
301
346
277
871
205
437
948
846
666
290
508
603
24
866
207
1
249
105
233
562
527
258
122
14
10
949
767
814
335
219
871
726
398
825
365
816
678
79
86
966
55
661
640
503
155
91
452
179
586
318
730
666
472
531
248
150
557
4
847
441
858
999
915
192
43
406
260
575
221
33
949
247
693
319
425
2
674
52
197
15
464
916
381
777
370
310
855
570
83
692
350
988
33
894
60
24
343
142
136
192
566
662
104
62
575
365
42
648
263
121
781
619
583
319
519
732
823
182
778
510
215
825
408
93
146
282
463
9
223
900
180
814
941
114
440
368
442
147
425
420
992
294
864
874
61
602
802
239
757
438
213
374
590
384
833
286
208
377
424
143
831
653
83
662
718
264
667
785
970
540
601
668
944
423
114
953
828
146
259
605
303
780
989
367
372
708
540
381
407
582
682
999
954
940
339
676
6
454
884
107
730
637
885
970
115
809
985
362
344
778
174
428
545
299
909
396
860
362
327
84
859
292
177
372
269
686
814
292
231
415
32
484
359
113
931
35
301
198
734
635
591
775
278
838
575
807
625
738
515
294
876
223
80
569
394
354
580
303
545
674
191
807
2
191
845
525
157
282
491
923
247
607
259
356
73
64
645
332
766
860
476
483
361
92
523
472
40
277
482
442
49
353
161
426
399
608
263
172
969
293
471
852
631
115
280
614
522
310
800
901
463
581
220
717
624
621
182
325
199
618
852
331
200
862
345
483
18
556
394
835
129
814
311
942
667
986
907
8
580
483
194
368
25
172
935
617
662
807
455
307
60
644
981
112
339
13
683
616
791
182
434
893
274
466
982
379
94
320
832
999
973
60
841
112
599
242
976
675
983
670
121
904
635
615
75
754
941
986
883
444
819
394
826
207
104
60
96
88
692
249
691
118
927
333
448
561
613
877
637
710
263
630
448
791
590
671
40
39
404
416
574
971
849
12
303
28
135
674
25
882
554
874
479
546
511
794
979
927
760
856
159
879
178
138
792
540
483
625
104
707
859
772
439
593
974
57
44
137
650
630
301
27
796
550
593
943
338
423
422
294
796
871
253
97
995
951
134
99
990
144
968
665
510
602
897
538
829
756
935
898
399
477
641
536
52
649
725
895
514
535
998
162
419
23
793
833
936
249
812
624
2
841
724
430
368
902
290
507
66
985
402
186
953
339
191
390
697
207
846
513
612
295
557
751
211
123
304
90
180
692
88
623
723
750
424
565
86
172
957
910
570
541
241
701
107
612
517
239
500
157
233
111
179
547
313
762
872
223
997
577
106
83
309
140
758
605
415
411
189
183
247
552
296
435
841
40
835
163
454
825
835
742
393
30
29
551
293
301
589
656
53
65
592
860
199
211
182
721
862
811
935
324
810
853
617
263
518
447
795
157
294
391
673
575
627
841
957
631
645
453
934
129
164
231
312
593
514
528
32
455
848
962
49
935
788
681
880
173
420
493
584
102
250
292
771
522
379
52
406
542
205
126
72
854
853
630
271
615
299
79
775
33
962
892
615
644
448
208
417
330
838
975
654
450
188
774
356
365
205
189
694
105
322
133
198
139
285
563
985
769
380
236
423
422
648
836
949
46
122
135
529
441
625
88
858
957
762
639
481
675
140
253
583
332
646
956
53
973
216
482
130
357
707
228
757
575
614
598
583
610
430
344
915
430
296
469
13
130
582
813
805
833
965
514
239
986
719
48
848
462
9
414
606
189
811
1
540
657
895
919
225
588
560
408
28
470
960
921
270
718
14
371
580
265
459
432
304
49
871
757
27
805
389
747
65
614
336
528
552
57
216
715
942
24
188
988
223
860
693
305
264
821
13
869
363
401
443
906
119
795
92
