629
12
658
711
877
202
558
296
164
16
220
446
37
12
336
239
956
290
353
333
611
813
550
167
587
602
828
249
715
53
153
956
704
349
368
353
586
674
969
62
654
383
316
563
949
738
106
758
512
545
128
34
254
559
193
406
772
659
279
794
480
177
814
205
258
282
629
289
704
367
570
16
788
611
528
32
428
790
647
930
445
669
177
616
637
431
869
404
468
531
393
933
630
565
600
532
456
975
646
318
164
164
308
202
163
776
757
962
301
835
108
702
576
252
879
699
755
2
156
43
662
582
222
542
320
580
628
887
588
816
254
185
217
334
125
360
845
994
702
468
461
509
835
31
708
73
399
0
613
580
227
632
710
928
713
538
379
339
660
752
892
970
370
288
349
728
944
117
624
837
408
714
128
442
321
121
892
920
115
978
599
304
302
239
552
501
358
764
371
309
565
668
539
167
277
838
154
7
984
391
526
149
110
160
714
403
690
920
118
221
290
333
276
954
617
724
689
201
226
776
779
711
155
143
189
972
356
439
196
822
850
392
533
214
29
43
534
302
226
904
893
875
541
950
345
40
264
882
91
56
88
995
992
21
346
20
462
526
706
856
16
634
923
660
320
84
168
838
177
951
445
60
70
536
139
631
385
835
6
415
876
174
173
343
926
754
350
520
930
55
859
820
578
951
357
945
380
75
539
590
366
433
687
753
915
751
933
46
474
705
505
229
95
831
308
498
408
522
426
568
142
629
980
919
758
72
741
161
635
903
267
53
962
249
771
603
554
428
641
703
101
782
515
808
512
519
41
496
891
722
596
733
277
618
320
118
735
273
655
202
491
748
59
297
793
298
767
782
469
163
402
836
633
109
18
270
739
426
265
483
810
974
983
990
426
108
643
171
314
15
887
62
798
310
799
582
750
401
877
382
786
128
221
979
456
75
744
369
892
524
351
833
515
473
766
613
747
309
18
453
498
942
776
577
778
681
972
990
606
305
275
606
148
119
517
552
95
380
98
718
831
89
496
749
303
815
102
192
348
923
225
301
405
385
232
129
506
25
797
399
373
119
627
571
375
36
839
613
905
346
476
897
457
885
223
292
573
549
668
193
751
560
530
560
668
237
282
8
354
962
903
28
158
159
402
929
720
411
926
400
828
236
922
254
237
21
856
136
887
551
466
100
337
298
84
51
950
565
521
235
295
761
949
497
734
587
516
268
417
849
62
428
273
140
240
584
551
467
40
103
746
664
597
479
303
220
968
522
117
781
467
262
747
344
252
763
137
938
981
111
912
848
412
565
239
174
386
573
563
420
579
236
522
93
305
124
116
513
580
887
398
779
26
717
516
348
655
797
922
534
265
919
136
317
827
840
720
663
76
927
797
157
787
372
906
313
394
848
379
615
668
64
988
152
763
163
749
994
642
963
86
923
116
520
573
228
640
344
721
563
914
867
465
24
238
130
583
129
443
535
786
369
338
568
204
803
874
941
986
4
162
25
657
678
914
486
859
553
334
393
29
285
383
956
628
450
296
394
76
80
410
997
349
715
436
763
570
566
883
151
343
48
634
204
6
443
910
629
334
345
33
23
401
353
473
400
513
624
876
512
806
939
954
581
846
560
182
990
97
813
122
605
432
928
263
567
58
517
702
992
723
318
798
799
937
405
106
921
780
892
702
169
25
726
686
453
667
14
179
227
727
661
691
443
898
481
348
766
345
225
460
892
356
189
456
844
328
594
503
756
665
780
139
256
976
235
259
807
510
264
688
993
29
273
906
68
319
336
141
110
198
58
230
453
991
147
764
946
300
422
53
988
700
778
814
249
512
721
854
111
77
818
319
769
594
422
170
229
157
784
351
738
718
477
926
375
759
18
101
998
806
373
462
295
201
164
931
825
877
154
969
691
139
632
591
25
208
608
393
826
471
996
597
318
173
725
865
717
416
816
327
171
949
730
367
919
221
69
855
906
355
458
81
221
724
6
545
468
483
378
418
735
849
114
756
902
542
655
291
44
78
439
47
765
179
506
924
577
138
392
789
139
917
270
210
386
445
960
755
774
281
264
760
727
71
380
71
711
830
862
80
808
142
941
272
680
924
376
209
129
494
619
898
381
791
314
800
334
288
842
761
612
108
47
248
463
669
96
634
316
112
423
500
925
98
60
439
801
158
601
601
587
332
8
945
333
551
769
527
589
795
304
166
248
192
859
22
155
408
969
42
105
833
221
35
647
944
970
231
59
323
361
514
834
728
917
431
56
191
680
883
227
216
158
654
288
11
319
550
375
11
690
234
907
765
597
265
273
19
290
108
226
431
683
622
35
662
677
119
42
788
930
391
99
837
768
717
344
247
880
428
887
106
689
231
373
48
291
385
864
495
255
235
867
592
827
91
106
355
548
77
885
17
500
137
970
389
747
121
651
208
73
420
494
65
681
628
691
541
521
505
144
704
215
520
256
760
558
75
467
17
46
630
623
379
529
387
460
333
705
387
100
676
783
818
41
636
990
821
353
129
254
339
997
594
925
997
207
147
999
204
26
294
286
877
203
582
478
67
732
823
959
65
34
853
733
394
132
431
612
399
140
759
300
388
506
842
876
680
764
870
139
112
922
597
762
903
733
501
390
787
456
601
177
142
686
639
928
487
763
78
751
430
735
844
496
457
237
146
370
101
617
365
30
956
968
242
205
831
810
133
846
376
266
509
35
591
46
992
955
407
561
638
747
468
926
860
589
356
576
960
618
263
268
860
227
908
384
129
867
697
269
177
369
206
871
937
226
231
533
265
19
836
52
866
587
911
606
787
735
306
688
919
704
346
809
854
519
940
989
463
536
170
18
319
636
369
235
648
768
35
863
465
819
852
710
390
589
899
762
508
355
815
48
707
0
875
490
432
301
407
805
238
688
549
757
377
26
765
105
774
563
85
497
122
640
945
860
550
532
507
398
108
653
551
294
456
69
469
213
974
242
387
826
548
247
206
611
915
328
630
990
904
61
924
734
785
286
304
657
798
261
251
614
606
496
157
780
451
157
468
517
123
241
347
81
652
241
714
943
315
138
568
814
976
67
25
818
138
632
45
507
243
922
768
559
815
961
543
327
198
219
957
422
100
734
162
158
386
842
541
13
58
707
134
205
924
770
187
858
560
562
164
620
863
544
269
484
523
123
928
970
975
243
788
421
196
831
878
13
930
414
954
242
375
895
630
55
879
492
283
400
544
449
33
953
40
491
822
433
37
739
715
787
921
353
3
853
745
550
977
841
96
298
141
73
148
515
570
231
365
327
343
771
493
33
560
157
529
495
648
682
634
652
605
780
960
17
137
898
564
7
768
287
848
896
835
742
238
131
239
395
354
893
586
60
620
365
357
630
398
440
591
756
86
443
403
658
88
872
87
545
108
423
151
883
527
149
151
757
961
546
162
669
826
572
129
288
633
153
459
334
283
906
661
194
20
564
303
393
910
112
171
172
155
945
442
81
416
717
637
59
328
157
709
529
377
215
359
516
168
59
408
538
84
114
464
304
545
10
174
541
764
38
456
521
726
298
173
908
959
196
426
115
264
879
221
733
572
385
921
68
12
908
990
510
446
90
284
19
593
721
724
345
992
686
731
460
544
782
116
105
264
527
705
641
764
757
910
571
918
432
778
466
426
235
530
70
915
479
996
918
863
686
13
787
437
852
239
7
142
912
819
716
775
768
999
442
921
34
148
56
475
159
478
428
549
769
193
917
889
222
108
765
208
957
389
229
199
332
457
640
908
708
310
737
656
844
303
801
227
555
555
192
679
370
498
213
962
37
293
464
995
633
569
677
968
721
231
547
458
947
692
258
734
159
536
756
104
952
437
418
222
387
750
231
910
844
897
89
277
144
811
979
853
597
998
576
266
806
65
731
714
203
204
194
183
445
103
296
890
454
902
657
901
775
443
440
516
723
888
805
529
897
615
106
276
863
40
396
35
609
126
735
339
985
838
306
499
745
149
914
202
332
949
747
157
202
828
432
990
898
826
467
419
50
52
417
842
801
306
325
463
30
113
220
546
570
77
104
136
344
527
590
532
708
863
883
753
841
735
299
950
941
819
138
775
775
272
267
269
569
400
981
169
664
415
950
722
976
894
320
824
21
418
224
916
396
751
525
686
519
966
493
170
912
296
179
89
29
782
333
207
433
871
938
750
820
501
665
423
408
20
324
408
36
0
75
406
518
842
469
544
313
262
682
461
479
892
972
516
127
145
875
726
503
186
391
754
381
669
968
493
847
140
762
683
515
454
717
359
96
755
0
730
11
235
293
11
30
60
976
540
170
343
553
277
566
414
9
320
88
268
633
192
263
728
445
646
419
128
872
897
949
406
409
153
904
681
275
825
505
643
915
975
26
842
322
641
977
262
226
309
184
622
86
284
638
703
338
581
299
217
361
138
432
760
765
369
397
868
712
609
404
301
666
47
626
168
180
116
182
246
888
388
962
71
796
302
655
66
691
779
69
431
99
757
383
804
230
949
997
256
544
529
627
183
855
992
599
883
817
635
760
219
167
963
81
483
190
713
901
663
974
989
989
109
740
502
837
966
394
546
124
433
846
292
730
389
520
976
620
888
405
67
458
544
233
3
490
765
641
968
934
746
63
87
216
270
70
993
829
867
796
236
191
482
512
750
477
457
473
977
973
147
422
847
514
522
972
483
65
611
522
697
12
422
240
348
529
528
758
395
637
47
761
206
610
33
840
411
992
521
429
487
496
712
654
451
843
644
219
5
257
479
619
480
349
31
503
777
117
981
800
150
432
900
428
965
832
512
235
127
263
537
847
288
950
771
66
195
281
378
211
630
646
167
328
231
156
162
503
90
832
754
959
536
210
721
849
469
742
661
812
566
359
956
774
85
734
119
806
523
992
25
910
657
21
725
615
947
484
778
980
346
965
388
24
260
487
703
524
545
191
434
705
213
826
702
147
125
713
882
518
680
276
229
730
604
546
502
746
577
403
747
467
110
680
925
944
542
619
60
946
590
296
516
628
983
509
68
116
602
286
950
870
757
488
136
298
784
160
238
926
732
556
722
959
329
134
522
832
762
482
395
453
728
821
927
258
239
660
25
412
625
975
969
329
885
10
920
155
980
531
985
927
808
171
826
916
265
139
87
863
181
296
241
580
666
968
887
350
203
356
513
135
814
712
333
28
862
197
665
904
578
72
323
913
665
508
48
119
432
514
87
264
577
937
505
408
945
856
776
190
631
911
921
306
332
326
87
467
747
157
486
941
983
803
920
855
827
235
383
722
426
40
112
366
724
505
24
183
361
263
646
372
533
195
765
952
192
44
596
193
305
510
371
582
206
151
812
790
651
652
388
355
100
984
821
358
201
972
377
764
77
897
941
101
946
810
151
541
414
391
406
788
530
493
789
936
484
545
195
834
139
603
426
62
690
159
409
972
972
550
272
555
138
995
952
805
315
954
93
190
865
747
722
470
852
228
535
302
149
716
288
519
65
180
381
157
944
864
186
339
545
323
26
113
204
81
597
336
571
845
899
101
958
59
939
604
825
48
421
724
212
781
785
592
992
59
714
302
17
232
122
784
484
655
314
465
574
414
870
489
606
57
228
361
80
755
87
290
855
925
428
479
982
807
464
307
