20
655
814
938
236
146
977
579
525
445
234
710
271
93
875
246
806
157
844
706
564
56
235
815
875
781
833
402
461
569
957
314
98
334
719
532
165
280
915
472
948
152
567
209
290
746
507
978
810
569
277
412
530
891
149
36
258
303
924
977
935
842
644
347
529
432
427
183
21
424
370
407
647
729
532
734
448
784
222
233
408
812
354
625
177
912
239
662
272
511
88
21
8
479
231
321
508
404
894
0
536
364
346
636
629
859
621
490
351
29
590
799
501
248
903
494
333
677
627
271
857
147
938
969
970
363
962
648
991
635
91
122
506
594
688
899
559
842
381
856
530
923
153
312
812
539
129
903
641
468
606
292
250
494
141
426
50
492
257
996
391
595
415
274
798
948
222
720
515
626
745
293
940
15
154
137
9
897
156
807
867
74
757
762
326
85
406
348
972
836
889
833
399
727
702
339
418
254
562
495
372
288
596
668
739
900
309
956
273
484
260
730
349
594
411
139
785
227
969
602
876
120
525
948
579
35
436
642
744
294
735
380
655
63
644
98
809
751
646
158
135
882
220
949
549
938
676
317
944
476
2
265
845
204
833
615
496
715
860
786
70
342
9
691
143
363
162
506
91
605
154
355
472
398
937
892
613
292
452
682
87
876
284
180
741
843
433
519
793
772
42
16
366
27
956
272
825
160
229
49
437
695
964
863
415
981
54
818
626
989
359
544
592
368
260
423
399
650
113
656
515
569
380
79
349
193
356
487
312
947
63
667
731
500
47
318
360
145
145
308
769
473
770
34
386
683
837
327
318
669
61
358
193
886
756
500
775
708
342
956
896
7
381
330
241
767
393
437
248
984
68
549
676
643
175
243
526
817
980
536
480
616
898
414
952
912
550
875
384
463
84
971
534
672
154
589
67
899
341
78
403
62
667
674
600
432
588
81
106
566
749
661
351
735
258
362
251
810
304
463
260
671
964
121
357
947
563
398
45
853
752
454
475
869
459
782
713
405
756
655
417
951
780
339
264
205
867
423
126
208
116
452
415
592
393
536
354
299
820
953
227
217
980
418
302
283
304
182
730
755
411
249
832
223
452
181
983
280
472
770
182
447
54
927
621
430
951
533
504
524
297
348
872
746
798
172
328
931
365
613
457
465
261
786
658
410
962
520
400
266
437
909
782
745
764
156
521
845
459
692
211
298
837
40
74
366
659
898
124
41
56
632
521
18
974
576
892
149
729
896
775
535
607
230
883
428
968
822
345
280
431
682
544
170
357
563
187
231
902
558
238
130
970
682
565
569
835
782
873
291
950
319
584
437
952
951
824
532
526
450
79
428
177
761
178
111
980
705
192
594
11
862
731
353
458
624
282
219
631
656
909
504
893
876
671
526
902
126
593
707
740
195
881
581
795
439
150
157
479
557
214
675
926
404
502
698
530
62
69
196
806
74
509
704
985
633
823
351
619
565
387
159
499
293
313
287
595
102
903
201
530
748
23
701
236
486
139
546
351
607
352
551
68
720
157
72
351
466
782
668
797
706
657
283
746
934
932
189
228
747
145
926
920
553
0
701
71
534
671
716
68
111
544
194
741
278
415
955
379
972
782
97
287
751
808
228
419
319
166
228
483
147
465
840
406
177
21
295
757
962
837
884
334
131
777
7
221
864
985
949
496
459
829
857
582
698
955
676
955
215
611
561
794
0
938
859
688
391
209
719
344
37
450
486
113
247
911
139
640
522
551
923
331
210
741
706
204
398
814
329
446
32
143
245
583
288
201
636
329
456
970
185
790
74
553
399
8
430
918
785
227
664
707
920
264
886
155
542
302
854
302
127
287
694
798
711
84
198
569
734
390
991
771
600
354
703
95
938
864
860
186
495
169
166
204
952
122
306
539
33
913
96
966
352
27
806
300
521
359
197
974
845
3
129
967
921
361
447
103
451
957
495
958
911
990
112
443
671
734
554
641
281
424
39
243
594
165
427
172
736
427
907
429
318
827
82
84
736
533
381
189
526
570
24
104
94
910
546
414
578
696
876
825
776
951
279
80
584
154
266
500
816
836
187
882
372
283
709
612
257
452
759
38
440
164
237
34
224
125
168
529
460
867
777
895
995
266
116
33
79
646
887
158
413
527
192
135
51
719
486
492
8
584
296
981
516
815
586
642
880
831
39
423
481
676
152
231
878
101
209
787
489
645
813
399
467
646
592
106
903
946
10
57
216
495
356
911
782
822
986
866
116
705
521
892
333
743
82
284
701
189
636
905
148
442
112
668
133
383
102
15
117
177
733
429
902
292
519
574
299
14
586
279
102
422
459
269
37
831
670
276
20
29
240
840
803
978
821
415
776
861
478
985
496
327
570
429
22
700
397
857
854
923
766
61
403
210
257
989
324
601
358
9
286
504
17
523
83
928
904
629
976
755
123
156
892
202
461
653
604
145
114
442
203
824
993
528
343
569
360
8
503
504
406
481
200
708
979
735
671
753
644
882
600
568
27
389
421
916
916
760
995
417
994
573
382
186
79
572
885
263
450
947
256
18
91
958
310
836
106
479
635
641
334
498
174
21
441
127
248
385
208
812
400
854
489
86
396
925
533
133
779
816
365
842
685
369
880
501
291
477
74
655
507
651
633
608
268
63
537
670
336
870
399
180
119
886
667
834
976
884
958
583
987
705
59
623
761
769
394
306
69
561
719
220
532
165
578
962
711
995
623
495
530
471
933
675
892
324
364
789
351
956
255
717
441
292
474
505
953
623
637
953
670
638
149
513
481
64
668
451
227
308
927
926
600
680
237
311
243
484
528
946
339
592
924
733
251
743
692
737
800
535
772
494
571
286
201
666
526
691
548
742
315
77
645
669
976
292
92
106
167
882
651
93
34
606
296
513
356
917
575
629
786
165
411
77
480
151
877
716
143
880
61
392
197
996
797
651
973
320
630
697
229
291
505
379
863
784
504
422
399
370
869
344
907
180
503
1
608
820
22
666
369
195
252
598
771
197
107
297
524
911
933
824
945
425
783
263
958
834
151
833
105
210
388
847
608
481
380
496
328
897
976
441
679
290
852
594
345
898
635
885
703
974
272
379
391
810
999
453
836
513
425
676
701
818
126
389
4
39
349
797
317
179
463
196
982
471
194
769
493
777
489
282
404
217
985
150
226
233
230
466
324
193
676
972
17
788
745
31
755
475
615
539
544
244
112
816
120
807
482
703
562
284
586
101
103
724
244
437
704
418
576
97
746
374
609
621
215
910
344
464
297
25
461
47
888
266
205
824
11
13
615
456
19
505
432
953
826
706
638
644
851
529
714
295
355
763
478
451
500
475
598
924
243
597
100
638
47
952
827
424
714
486
781
376
453
147
480
411
515
792
107
39
119
315
510
55
722
821
775
361
924
751
25
536
324
978
503
634
435
226
71
901
714
45
65
26
404
830
222
662
989
193
110
81
378
770
26
365
675
407
504
853
995
494
236
559
208
188
715
824
318
692
803
314
966
768
655
60
499
214
135
686
605
2
203
920
606
924
56
118
306
950
427
42
852
85
507
422
28
761
91
740
228
482
445
92
154
529
770
81
831
608
197
424
998
367
144
806
232
140
229
829
4
422
543
539
541
294
170
656
851
387
724
137
91
888
135
622
882
580
247
340
525
230
261
943
908
555
342
496
988
542
294
567
372
834
822
6
440
919
653
97
329
679
442
837
501
323
543
388
850
599
433
778
246
958
756
936
403
139
203
291
942
310
254
743
470
376
884
197
553
211
415
214
994
56
936
467
23
470
895
811
487
708
852
952
673
203
180
582
295
67
571
225
754
504
696
818
831
289
182
165
662
710
646
346
675
99
634
158
453
117
653
574
100
215
718
136
433
849
291
853
773
614
297
255
459
705
970
51
721
636
872
602
865
932
205
202
207
804
69
372
691
772
347
418
542
957
560
895
57
508
963
946
0
761
626
241
126
12
846
686
906
387
197
96
344
809
512
841
26
990
381
799
228
311
935
306
152
666
529
65
766
833
618
929
341
560
641
810
39
788
906
128
470
922
561
179
676
578
203
803
593
38
333
749
486
466
92
114
638
114
635
682
908
258
266
740
254
926
939
488
49
767
73
676
431
287
649
231
508
473
322
725
751
128
521
16
43
938
133
455
108
40
722
254
230
989
193
1
225
960
716
702
922
912
798
294
779
716
105
584
827
932
634
747
32
863
967
533
144
698
584
388
686
985
387
568
754
581
649
116
786
802
615
591
676
980
695
955
646
574
148
425
700
134
653
759
672
752
968
560
744
325
200
662
169
664
913
734
586
246
960
832
851
663
104
217
388
669
943
183
82
40
343
552
164
107
376
615
92
367
106
189
56
777
569
968
784
363
329
570
987
572
641
561
986
100
908
750
230
881
834
116
909
375
525
31
271
935
263
135
383
303
265
447
765
890
886
262
64
995
903
826
912
203
687
452
570
349
318
419
373
562
108
720
290
991
659
252
640
7
566
58
501
581
688
180
441
554
125
381
691
7
222
392
919
992
768
460
880
661
267
493
727
494
536
735
381
523
204
937
173
181
322
740
930
197
116
415
392
910
137
552
815
881
66
345
602
165
751
877
86
353
167
70
590
944
60
732
579
936
989
251
912
647
221
978
587
298
192
43
8
227
222
260
816
134
104
745
582
744
912
564
874
909
157
395
551
389
355
955
263
977
961
814
70
992
668
151
307
681
769
862
67
204
208
948
648
329
900
556
79
548
295
988
199
924
402
87
373
159
361
41
845
36
261
454
907
908
956
511
167
205
75
978
366
485
883
725
53
167
465
510
793
397
103
618
794
979
513
656
406
859
298
521
889
683
469
279
714
279
511
775
497
660
369
596
365
74
587
74
226
948
644
963
967
88
134
657
518
757
615
57
572
598
122
488
552
506
875
485
304
381
786
394
863
879
279
745
220
311
620
455
59
108
448
935
646
783
351
710
159
56
631
350
420
563
637
889
909
167
286
372
769
579
162
21
548
149
514
435
118
104
586
449
141
186
2
494
634
368
390
916
25
78
765
346
922
78
807
376
956
963
672
855
169
484
81
115
469
744
958
543
184
186
129
955
675
402
197
915
943
509
671
775
449
507
671
763
217
579
685
26
794
109
229
540
364
499
261
801
205
333
438
880
686
48
789
697
273
186
126
652
185
852
326
796
210
108
383
899
167
14
577
554
186
919
531
525
309
590
128
106
792
592
342
156
572
366
899
504
500
492
592
19
507
864
87
718
744
861
905
527
198
164
16
757
192
470
483
240
202
80
40
690
282
604
35
902
493
920
413
60
694
725
624
637
826
645
398
377
159
922
786
827
851
975
966
38
992
598
515
839
789
326
615
422
544
309
993
937
975
370
320
487
254
912
9
295
898
264
432
738
980
470
693
195
433
581
831
386
375
938
143
447
178
418
315
201
941
33
275
27
68
288
984
887
725
426
424
619
743
995
623
861
570
734
463
379
614
33
0
915
360
255
354
612
759
114
23
760
957
930
310
958
281
623
826
224
233
255
993
822
148
36
816
36
357
197
20
727
476
495
355
512
951
936
265
786
318
792
278
414
940
293
645
56
513
433
176
109
844
170
791
380
934
822
95
678
314
928
655
707
512
787
397
794
969
114
703
245
740
642
222
255
199
237
85
523
674
524
879
178
381
800
78
880
297
877
776
556
68
963
180
298
430
866
907
183
897
81
65
513
973
523
18
184
865
895
145
924
78
699
12
772
573
597
771
416
209
509
240
444
623
233
904
954
842
654
103
939
331
625
450
337
389
0
806
84
462
935
302
199
586
914
289
910
386
356
50
199
305
978
49
866
527
311
903
22
175
517
646
889
35
477
255
467
823
571
782
136
131
993
559
944
986
998
468
573
319
282
798
352
959
145
504
600
129
809
636
553
170
898
485
837
190
866
507
273
249
905
101
679
315
80
809
395
465
617
263
108
464
658
940
889
469
548
946
485
336
427
860
168
375
265
358
828
655
347
67
233
13
919
617
453
218
496
160
788
644
225
912
167
82
362
495
676
568
545
377
778
872
712
418
839
802
502
279
513
778
573
347
605
935
320
29
855
500
127
646
382
496
432
305
715
336
36
996
702
100
115
362
477
982
820
850
363
526
253
723
432
811
748
710
914
917
296
277
400
502
943
674
607
246
588
880
43
662
292
158
867
12
726
962
730
573
397
362
470
633
787
557
862
631
723
800
572
529
611
997
261
819
133
894
585
413
856
151
788
536
391
618
368
173
926
867
364
273
933
659
740
677
203
275
814
657
79
622
823
400
437
217
529
831
492
999
898
744
608
932
841
59
945
739
15
555
584
467
759
462
712
620
859
974
584
607
901
78
140
180
663
470
875
469
920
159
385
64
780
474
841
26
206
162
990
206
556
130
318
700
183
273
588
951
614
114
88
799
406
32
677
701
432
575
280
381
727
310
24
397
684
88
565
660
456
41
489
206
469
6
6
308
474
973
931
848
537
700
494
670
574
285
551
662
142
127
687
797
505
496
372
291
206
558
394
160
242
469
559
456
45
346
755
518
233
150
769
244
47
207
399
224
696
320
742
378
477
65
694
377
659
457
850
390
558
679
915
721
889
721
67
295
175
699
729
69
858
97
156
694
942
888
589
400
824
166
262
765
304
682
248
614
816
398
886
89
704
73
924
875
800
625
307
88
913
813
612
327
304
289
606
155
808
266
990
428
227
754
754
429
493
998
970
438
933
874
99
369
448
614
377
665
59
409
449
695
669
284
512
487
680
658
587
623
10
443
380
671
524
896
142
971
422
656
902
486
764
201
982
361
242
307
142
977
919
542
201
431
121
731
42
112
301
72
969
733
8
805
629
965
864
148
743
878
744
798
201
66
308
167
786
478
129
827
120
390
0
555
880
28
823
768
524
880
851
144
810
929
559
269
756
562
426
51
185
727
63
26
568
79
438
97
37
795
523
28
753
964
376
564
754
507
292
717
988
482
247
413
282
168
585
39
510
450
22
791
960
517
231
945
62
527
97
146
489
293
410
464
671
607
29
477
266
808
908
479
453
906
309
395
766
502
522
7
125
745
617
655
855
130
84
734
327
743
910
727
642
592
396
364
773
835
419
955
830
446
411
921
115
172
375
6
242
126
168
560
782
51
702
540
779
98
146
999
663
964
955
570
589
766
227
732
279
356
829
833
495
650
685
345
306
628
787
963
634
197
278
384
174
188
242
28
872
570
309
62
971
448
67
737
598
30
340
4
42
934
895
524
604
503
134
657
759
573
717
93
265
462
687
313
840
0
304
642
249
325
297
128
853
712
939
575
961
306
355
263
352
5
142
822
791
698
233
678
644
333
48
385
620
774
761
535
840
771
484
122
443
832
993
129
931
897
6
961
113
430
292
474
126
941
757
637
549
942
900
747
975
359
368
537
214
136
358
200
322
369
371
305
362
167
203
661
200
357
233
786
907
727
923
33
585
642
968
828
569
904
809
926
315
431
658
307
309
913
556
70
242
462
520
193
465
565
89
87
544
634
631
798
730
433
604
464
900
369
420
264
216
179
534
681
964
186
793
706
434
108
813
774
277
998
992
345
885
431
937
492
407
699
380
969
908
863
946
602
635
492
797
452
910
148
557
281
454
498
394
587
988
862
486
916
477
814
214
498
633
552
533
392
153
931
277
160
706
302
859
165
322
544
389
868
46
486
475
674
53
492
728
432
5
315
675
780
288
152
70
226
50
844
690
407
290
152
485
790
35
41
129
859
70
537
618
324
589
582
892
960
750
644
663
943
466
629
232
26
81
961
597
308
172
65
980
581
199
772
80
383
465
565
842
529
897
932
792
625
679
720
148
110
836
678
548
420
486
203
401
609
868
565
438
940
267
808
199
661
203
77
619
63
929
109
816
434
161
763
986
318
727
167
391
282
266
742
914
881
279
863
506
526
589
889
854
22
66
608
567
252
850
622
778
403
686
846
584
732
521
531
532
87
178
439
481
726
678
784
54
564
110
773
734
373
57
927
64
871
334
946
432
534
240
763
848
798
389
259
558
273
69
545
203
832
348
357
590
830
180
913
291
168
274
106
27
305
234
660
160
362
962
741
877
487
617
175
305
732
994
737
510
606
817
79
946
686
632
869
985
224
94
139
365
2
701
642
779
888
286
509
283
444
571
147
132
978
897
280
105
626
120
707
708
815
49
827
910
532
851
650
104
6
185
627
217
933
52
968
932
804
32
804
548
951
229
0
824
596
109
305
717
515
333
990
308
279
217
975
482
110
497
489
861
285
74
862
770
957
338
313
168
514
452
767
592
217
916
473
740
49
287
478
457
667
498
45
754
500
222
281
746
105
989
205
254
953
300
374
877
966
20
88
980
605
486
424
274
390
683
601
141
661
469
339
912
382
606
733
194
432
715
955
179
688
612
763
197
6
171
689
613
148
46
954
716
963
66
93
591
304
926
85
815
788
434
180
798
433
547
210
31
128
252
955
56
231
921
862
655
751
795
529
326
348
307
242
28
758
21
113
450
661
579
481
447
217
306
421
776
575
989
23
663
759
117
491
230
290
834
371
952
82
120
300
445
169
40
253
64
75
98
591
655
400
652
384
671
361
258
298
881
164
530
896
644
75
938
425
136
54
720
237
428
409
934
956
685
224
993
78
60
950
156
125
347
29
702
822
147
208
12
783
733
733
804
938
987
406
327
696
226
190
818
649
631
424
98
671
259
179
889
18
508
395
537
470
409
617
404
288
673
530
398
96
249
21
639
649
297
589
721
43
761
438
546
266
501
581
270
943
946
600
605
396
596
245
948
821
741
623
235
330
788
850
811
465
72
784
889
720
976
956
779
488
544
139
181
701
386
226
112
578
758
347
641
857
815
121
530
120
220
691
319
375
408
614
374
590
735
130
524
212
37
830
448
378
852
208
623
773
49
37
907
682
172
302
416
765
843
435
565
74
450
746
435
524
376
464
254
115
961
560
4
520
108
337
182
381
824
993
459
663
272
584
787
69
303
719
399
899
530
807
707
447
145
990
844
220
802
429
476
988
866
13
559
145
616
231
409
396
936
226
590
895
977
903
381
734
188
241
114
919
225
9
734
530
552
805
862
188
256
160
93
590
895
621
439
826
63
933
83
469
529
728
683
696
121
904
523
441
822
841
980
54
612
836
900
473
600
603
364
359
815
431
262
451
947
44
32
184
412
879
569
211
583
926
359
766
533
365
987
273
306
193
330
556
415
565
144
439
343
634
635
546
964
444
657
224
3
583
767
94
330
776
248
986
140
888
630
15
383
299
568
996
283
799
15
564
974
408
839
384
184
760
439
568
281
180
812
818
586
169
648
145
551
589
731
846
686
339
939
180
908
974
894
789
837
654
81
202
37
721
531
144
88
648
843
478
811
130
138
611
261
119
751
180
669
370
934
579
1
18
460
355
56
762
297
440
261
19
82
324
240
971
89
419
122
807
28
536
582
956
111
840
191
835
943
460
417
763
701
213
488
969
818
336
679
818
997
97
294
33
174
243
875
291
438
789
443
343
270
225
85
124
552
286
268
571
917
261
135
60
452
984
335
988
196
998
60
195
406
404
348
428
34
717
105
493
693
738
262
150
668
725
558
343
119
439
841
66
205
498
899
40
919
296
627
296
556
730
341
769
745
269
372
32
770
262
640
373
890
526
143
224
275
481
52
457
146
849
993
21
578
87
369
844
667
17
807
960
543
887
757
600
721
184
362
834
202
65
626
775
761
85
395
999
926
873
714
134
684
702
144
447
417
681
717
332
347
599
983
360
400
434
759
179
282
121
440
373
21
891
765
54
566
748
141
233
402
872
270
889
889
12
371
20
941
28
851
700
331
591
232
828
76
534
24
392
264
628
292
805
600
928
347
431
398
829
730
193
235
266
650
975
733
613
286
200
59
227
551
600
431
619
262
257
647
104
45
841
687
261
586
238
750
274
753
262
411
285
525
748
437
868
123
828
996
895
932
296
895
851
660
331
459
472
147
418
756
76
368
707
131
400
565
333
300
80
579
791
771
152
35
412
987
178
685
156
715
44
465
55
821
199
136
298
763
706
301
843
840
84
718
857
1
161
633
637
862
852
629
413
577
594
126
239
482
143
724
459
596
602
865
553
760
587
853
665
140
774
400
641
127
239
763
193
795
44
459
482
472
994
835
997
153
624
581
185
541
968
580
428
21
196
361
850
221
661
625
147
760
14
895
999
252
591
59
893
695
325
310
913
365
943
873
379
207
540
617
444
490
368
857
724
545
46
421
351
783
494
806
782
437
591
894
329
4
224
994
898
560
777
727
525
626
639
690
139
224
156
224
974
386
284
575
503
732
411
455
875
907
261
801
700
366
646
514
860
851
695
259
756
354
538
201
338
786
653
100
905
910
162
702
794
220
927
650
689
746
697
206
490
69
92
62
530
967
557
6
810
668
552
676
478
522
21
712
876
722
485
449
120
935
451
766
957
26
342
285
573
87
851
667
1
48
559
265
580
740
609
7
961
772
982
136
526
434
855
329
744
726
685
711
453
310
172
164
113
297
653
862
48
200
773
460
251
657
595
390
925
34
767
208
917
503
118
658
262
608
970
383
945
1
374
776
964
231
791
149
284
372
414
271
870
352
723
445
436
804
379
936
171
195
257
501
296
648
651
807
371
822
675
287
643
856
14
449
209
102
898
460
929
880
712
917
907
202
329
424
416
517
428
325
56
29
509
251
440
476
162
276
688
770
463
220
243
911
457
478
864
551
599
165
389
345
413
405
659
292
890
636
148
543
482
896
441
707
358
573
576
958
54
235
331
311
616
402
332
241
642
931
284
23
364
477
643
658
761
73
521
162
508
138
579
854
648
348
545
393
551
616
557
956
204
633
494
90
204
830
114
59
590
372
714
321
164
608
367
553
17
910
322
742
578
48
385
840
866
766
806
971
710
327
465
536
975
482
126
685
53
875
537
161
32
29
302
488
706
600
253
47
65
328
898
381
521
746
339
639
405
435
986
838
157
926
218
958
484
330
271
198
873
14
374
23
637
946
523
514
916
611
866
307
436
18
885
844
691
795
220
871
677
549
666
852
394
34
372
91
638
20
764
127
114
234
700
256
281
110
783
34
317
109
169
599
471
602
366
942
357
951
896
270
957
873
226
835
848
574
345
195
74
102
883
502
870
92
807
416
150
287
884
141
88
281
238
479
245
75
923
383
859
139
355
182
498
307
558
798
155
799
855
194
515
763
766
726
456
350
36
876
899
767
495
77
251
251
701
377
59
696
646
363
593
258
906
739
711
47
329
609
534
200
337
443
438
950
906
139
195
607
630
288
794
572
260
928
113
856
603
751
84
959
851
966
827
848
736
307
505
881
864
280
583
317
892
915
103
653
3
2
781
552
457
816
695
472
366
176
438
579
347
597
884
826
648
12
989
10
713
775
3
260
687
855
865
547
202
765
481
842
756
373
129
831
865
311
847
280
763
275
398
809
825
881
969
887
775
770
380
923
529
662
402
806
682
275
272
254
105
798
664
170
746
642
331
576
699
314
734
72
717
436
965
141
162
69
453
408
374
595
762
640
621
826
913
50
452
262
480
120
540
706
874
553
9
19
174
126
338
589
863
804
489
64
663
891
753
485
812
194
191
603
492
532
968
752
805
499
114
174
173
399
208
869
776
691
925
558
984
261
770
723
799
736
290
129
56
288
514
767
395
881
70
326
655
884
951
972
921
294
528
294
123
567
144
394
224
420
762
726
620
786
815
489
585
728
358
540
132
55
722
189
613
609
713
824
141
507
804
121
834
944
666
202
926
763
112
421
894
520
811
96
630
864
198
747
714
512
959
918
591
509
283
99
711
205
826
301
91
21
949
492
660
243
124
590
890
399
156
556
341
891
365
462
602
172
770
868
133
723
922
602
453
621
619
518
749
971
606
530
982
103
269
88
434
516
953
743
395
144
785
969
426
481
396
854
332
632
416
409
94
559
339
124
906
243
846
546
922
566
849
257
720
100
505
307
280
503
566
279
701
961
146
41
520
749
668
82
248
27
570
429
99
654
789
152
954
780
510
531
986
329
687
648
279
968
708
231
195
680
327
340
468
510
595
799
772
365
849
480
522
943
478
637
790
774
910
658
489
891
689
508
834
338
771
946
93
408
994
200
679
242
88
201
724
324
848
64
633
899
518
939
214
840
247
125
611
537
256
559
443
181
226
938
710
723
322
355
760
488
119
939
687
43
413
738
418
751
342
96
980
52
768
320
160
106
810
409
103
492
216
817
900
269
278
120
929
377
568
127
35
874
112
660
503
302
817
395
136
673
8
314
185
117
939
273
948
282
161
284
493
579
441
134
641
311
519
204
0
216
809
939
369
924
856
79
565
342
145
817
931
465
667
971
499
488
467
675
286
628
267
987
818
50
401
689
940
680
195
576
838
405
929
177
384
954
547
463
794
273
273
94
903
136
241
559
742
602
755
291
754
98
705
945
858
317
858
174
154
907
125
848
384
505
659
687
3
775
397
368
724
393
653
456
945
892
368
169
63
919
456
284
5
779
704
59
840
960
233
529
912
493
370
465
961
115
756
200
413
727
803
984
55
83
296
738
131
232
811
574
353
498
886
794
233
312
85
757
552
718
778
615
88
161
741
15
446
14
336
688
676
255
872
809
831
827
303
888
91
289
287
866
626
753
441
401
619
439
51
98
391
589
984
290
743
795
266
165
474
798
11
51
579
682
768
424
646
957
366
902
963
938
319
40
451
143
205
77
167
348
911
136
761
903
161
136
434
8
965
953
50
142
480
782
198
69
952
352
699
109
113
496
520
624
743
141
362
567
741
563
34
905
164
320
889
218
703
116
539
500
467
820
361
620
332
443
760
507
883
478
808
119
300
970
455
14
891
941
259
591
950
269
142
117
334
689
979
424
255
698
616
753
47
757
476
778
411
592
103
720
901
446
705
95
378
289
362
128
887
123
185
193
700
681
177
33
129
925
261
838
85
454
819
709
693
198
6
310
113
680
598
49
234
795
931
576
856
56
951
131
752
876
57
690
115
930
901
203
625
552
904
400
348
524
298
884
354
732
764
74
178
655
505
217
351
770
585
576
794
875
129
114
433
172
814
254
694
684
463
335
427
416
587
442
569
969
599
761
264
34
50
323
593
937
852
413
87
527
520
354
148
86
835
730
943
46
117
306
738
451
844
423
442
287
471
384
545
760
512
984
645
197
27
429
347
218
851
688
470
477
964
961
729
701
51
462
125
143
169
967
11
196
694
706
227
890
59
942
629
236
160
414
293
585
100
108
756
935
618
967
265
793
472
746
126
196
83
322
711
682
143
284
5
425
859
1
169
36
513
616
692
331
234
502
370
81
376
500
416
194
301
428
859
583
497
753
999
320
849
203
529
860
970
556
628
536
750
826
367
362
37
929
800
424
836
308
618
682
411
688
602
633
104
854
744
578
618
490
520
107
728
876
647
209
87
675
771
980
290
841
764
8
788
63
631
320
41
949
57
256
650
598
479
247
312
990
356
143
463
297
485
99
4
186
150
501
250
340
727
41
365
177
721
881
833
180
91
869
781
741
529
814
129
753
219
24
375
826
324
962
590
730
89
875
344
648
369
555
358
573
892
675
354
582
932
698
57
206
296
109
507
254
784
545
115
876
818
512
482
646
947
118
328
785
321
847
50
835
341
536
831
808
782
478
596
965
760
846
648
535
484
578
465
943
169
709
549
412
528
708
5
933
341
432
20
306
145
204
397
573
124
23
162
643
816
199
817
993
386
547
937
548
793
282
42
265
512
293
530
14
392
46
372
59
446
668
619
824
285
516
565
933
532
645
315
640
768
840
364
854
740
779
472
873
876
520
26
330
730
534
719
524
231
324
356
821
51
757
340
417
928
965
438
796
185
246
893
660
440
199
353
905
596
98
498
578
729
137
109
742
914
844
912
763
601
649
767
518
47
600
665
327
680
650
396
264
973
134
324
603
309
695
851
181
93
221
555
523
756
879
183
663
796
658
583
863
34
729
938
658
39
65
158
976
247
391
683
773
446
880
589
801
226
452
40
79
884
664
246
400
352
159
532
684
932
637
723
812
310
968
18
134
309
787
536
902
321
504
823
278
599
721
132
346
13
746
227
506
788
335
128
469
315
646
464
358
895
81
814
678
64
10
217
558
959
539
530
686
436
417
740
327
292
564
908
658
240
870
840
315
937
477
652
981
471
719
303
739
496
161
572
912
21
796
245
308
936
84
369
508
66
670
150
493
834
430
674
932
960
362
163
837
487
975
695
766
248
54
709
935
131
610
18
632
617
600
264
318
533
324
513
684
121
996
601
635
964
259
1
702
385
548
568
548
539
769
492
794
356
367
654
116
437
871
820
864
840
108
688
992
1
980
133
82
619
430
561
581
526
854
590
994
694
607
27
877
200
462
640
390
397
750
598
449
561
118
157
886
813
651
623
381
408
395
905
386
700
320
898
992
541
84
12
774
260
135
656
323
450
395
670
647
544
0
42
463
491
25
505
820
61
833
435
33
782
339
11
16
530
550
425
472
148
625
232
92
240
296
931
19
853
75
987
127
721
999
796
708
887
4
518
271
700
731
438
97
624
697
684
359
935
308
832
791
7
312
134
185
635
167
544
471
662
203
674
259
268
689
337
604
98
364
133
388
310
67
62
264
577
816
514
253
184
998
620
844
386
390
65
857
28
910
451
414
768
111
424
535
764
441
5
346
71
165
12
437
142
23
902
99
413
78
513
236
201
657
137
352
890
199
629
864
773
259
561
114
807
962
521
47
615
19
749
594
410
539
311
519
714
609
777
317
712
132
580
945
566
735
428
593
873
574
903
66
628
417
852
87
760
794
704
70
159
3
827
744
552
633
33
901
212
439
501
450
727
657
816
873
10
94
839
426
206
744
659
339
379
916
601
809
942
72
793
986
305
38
836
633
676
204
119
733
457
708
181
999
421
719
856
78
586
545
679
24
362
769
196
903
254
656
572
885
493
859
433
766
800
246
397
289
330
127
404
26
28
108
292
543
566
235
945
325
738
364
153
854
979
292
534
817
451
193
74
327
73
965
356
925
265
473
440
947
70
319
685
776
131
476
992
471
87
112
679
946
806
947
471
137
868
374
974
375
676
99
629
474
999
291
653
693
49
394
419
227
365
816
582
594
88
958
732
722
683
835
484
537
266
251
359
540
953
339
664
883
758
387
810
730
770
584
977
216
530
805
40
518
258
429
210
477
464
160
284
148
294
664
127
901
401
558
83
827
375
814
71
235
437
4
686
347
206
785
99
59
616
558
221
