237
304
172
102
718
626
433
812
578
374
255
554
761
701
887
471
14
281
269
570
891
683
857
791
525
861
960
573
384
377
398
188
639
680
690
956
26
830
175
288
588
291
387
74
575
973
262
80
742
376
752
940
719
608
350
993
948
910
571
857
821
277
672
771
603
112
296
402
435
213
922
809
245
217
947
795
592
967
335
559
564
780
996
576
699
401
275
802
516
867
748
296
614
935
614
539
646
271
944
53
621
369
534
436
441
215
387
266
358
753
503
128
329
46
717
283
129
882
868
599
170
537
696
983
223
594
532
367
820
574
102
169
781
312
88
275
790
959
86
458
591
6
121
48
828
148
511
344
119
703
356
995
930
260
617
570
949
425
255
67
672
252
56
554
758
164
547
740
974
269
266
961
423
169
473
274
231
426
877
77
464
396
975
466
143
535
748
565
859
650
98
148
223
587
449
627
955
259
531
827
101
102
769
297
696
528
444
482
934
811
381
412
392
309
490
864
814
23
637
116
324
0
970
853
724
111
764
921
434
312
853
610
65
901
417
519
263
110
854
173
871
812
730
114
643
902
136
226
443
223
736
346
414
295
122
306
844
173
807
880
719
54
924
823
308
231
172
39
217
799
609
661
972
344
527
675
765
636
181
755
129
995
649
548
949
67
318
583
115
745
596
196
212
779
213
53
546
416
48
860
233
631
651
392
865
564
113
899
562
865
798
103
5
649
283
206
355
759
723
833
861
774
81
856
790
506
811
448
137
51
303
867
90
2
936
26
148
731
909
349
535
794
662
10
579
755
772
356
245
569
612
83
261
848
320
449
2
247
939
325
675
580
382
49
418
243
395
309
519
466
717
654
583
619
402
409
998
869
831
185
792
860
214
97
264
36
502
868
275
709
79
703
316
744
369
295
445
280
640
783
622
588
70
970
757
377
181
295
875
292
943
379
711
516
908
456
857
814
119
690
13
98
942
562
681
739
252
324
493
244
292
747
695
222
772
837
815
854
540
433
198
899
393
828
918
573
667
202
373
577
863
674
532
73
345
139
998
248
114
818
376
875
514
174
548
947
59
66
873
984
850
457
986
367
658
313
625
843
854
846
264
298
866
438
124
198
751
197
367
540
953
159
824
177
655
586
729
232
439
207
973
57
843
997
388
59
700
85
108
410
153
741
501
596
236
924
482
973
897
788
503
82
900
613
635
98
798
125
131
601
851
446
888
774
404
544
575
420
980
422
435
62
617
941
449
588
712
270
544
410
789
468
475
575
478
817
740
395
179
635
478
153
565
332
591
764
320
343
968
454
718
782
235
411
489
329
176
813
788
576
652
545
846
834
806
798
917
366
287
942
867
934
150
524
335
692
773
229
819
381
131
44
462
50
351
598
853
317
254
756
242
808
417
790
105
257
870
932
195
937
112
288
841
412
758
663
655
76
406
479
954
454
772
491
967
750
483
809
650
773
334
908
976
984
307
277
9
845
404
988
149
447
164
765
338
504
131
582
911
574
574
172
9
110
174
478
327
269
195
961
515
878
748
146
536
389
6
634
531
530
623
363
551
513
558
673
409
847
864
388
44
575
289
506
330
2
494
129
873
60
539
138
397
491
126
929
127
491
670
865
474
677
737
205
357
614
401
544
634
499
339
126
355
659
580
708
612
893
967
441
512
975
471
24
291
152
438
294
553
990
720
846
290
1
775
956
875
353
491
607
106
826
542
303
806
309
209
285
408
371
446
338
898
394
348
24
754
962
824
317
162
873
174
389
304
938
524
847
861
13
775
736
157
408
597
988
594
362
614
419
404
32
791
215
81
841
100
852
181
372
738
649
966
657
878
515
927
45
949
128
663
583
746
480
357
831
973
424
747
495
990
457
211
665
702
461
186
39
309
169
568
450
510
782
761
930
563
642
396
365
958
851
109
651
598
940
432
517
338
736
692
277
725
75
674
145
886
351
89
698
898
852
632
945
648
17
71
968
505
695
442
478
179
230
850
236
208
774
922
957
631
983
323
683
743
316
188
796
428
794
354
788
615
671
168
339
854
750
147
287
965
422
541
404
975
106
932
328
341
236
758
803
898
306
155
100
248
410
102
55
899
818
769
313
601
192
69
598
466
408
443
282
625
924
394
4
399
253
221
929
616
272
408
964
684
348
687
739
213
408
667
189
856
833
658
463
330
425
578
494
224
468
137
270
467
99
220
473
214
19
826
532
357
488
173
491
500
730
380
133
81
10
15
546
599
590
625
248
112
776
907
789
222
301
27
671
877
417
512
927
153
967
912
621
608
286
344
588
428
376
663
150
568
156
447
282
739
731
777
937
85
671
573
953
53
327
43
481
717
728
433
11
60
54
553
247
622
392
573
708
265
537
850
41
862
154
95
82
905
620
440
862
295
724
371
317
628
72
966
703
398
461
971
312
858
203
642
175
809
512
809
358
814
209
914
180
31
224
433
357
197
958
992
187
801
577
610
470
61
41
656
846
733
381
963
914
296
771
831
321
631
660
327
814
832
61
51
825
775
930
691
679
370
661
847
235
568
580
221
502
933
921
461
251
796
146
236
165
386
57
987
185
594
207
36
376
59
345
505
117
794
380
289
213
941
292
847
132
150
848
0
787
744
898
569
719
505
202
147
118
155
594
764
451
672
892
691
345
434
616
136
99
149
258
821
802
90
648
861
56
344
616
800
89
801
992
888
689
558
816
699
240
448
705
845
114
348
329
809
724
698
606
540
137
771
680
302
226
60
300
149
515
395
650
128
890
533
704
278
995
745
799
960
151
445
675
713
427
843
937
9
461
991
329
80
601
192
178
661
761
304
996
923
419
514
569
885
132
231
717
14
882
317
29
455
632
61
484
230
242
223
599
943
8
316
498
250
840
496
508
272
852
10
206
163
274
497
881
746
570
756
516
790
202
22
533
500
598
237
79
542
891
846
289
712
714
822
839
108
882
63
642
899
790
485
627
961
837
468
118
555
137
672
57
56
615
617
898
177
405
401
176
454
986
402
410
215
294
481
300
52
826
481
177
441
803
574
850
489
240
15
27
957
443
215
167
201
333
920
786
300
121
764
228
723
402
241
518
233
672
104
908
436
102
83
331
518
911
521
972
606
863
991
686
275
822
468
130
70
47
761
464
193
719
443
863
863
720
982
353
256
773
240
836
513
464
464
605
551
727
329
672
558
630
631
258
746
45
76
111
721
162
759
560
755
50
225
972
647
72
958
599
883
808
813
344
407
85
332
379
327
134
811
528
27
920
114
859
237
917
330
818
719
266
53
909
350
926
348
495
535
222
579
660
68
925
642
803
642
697
579
986
362
209
482
904
563
330
446
701
137
617
571
486
124
202
170
493
87
983
918
742
666
165
123
812
591
56
708
81
174
695
977
556
805
610
444
741
432
160
590
356
265
973
779
976
308
624
119
115
865
874
811
810
86
314
328
963
384
366
999
711
271
765
970
639
132
327
515
730
719
805
167
172
193
781
69
75
362
198
697
467
704
554
808
145
822
145
344
901
660
418
342
584
953
773
459
461
569
891
355
628
908
119
811
161
278
222
735
212
612
113
373
289
361
532
793
783
197
486
854
798
663
73
582
745
167
763
958
204
947
483
433
895
667
968
576
871
707
155
594
190
733
661
902
801
56
450
602
7
705
157
422
794
924
453
978
102
879
573
585
398
339
266
681
302
512
637
512
139
780
864
725
870
792
525
759
455
951
818
286
70
404
713
908
245
975
812
416
418
3
78
415
969
143
724
351
93
559
850
297
583
262
441
370
575
658
23
78
791
693
351
378
784
827
895
157
643
381
353
74
2
144
529
188
935
522
301
854
649
339
98
870
576
148
155
61
390
104
61
807
557
339
590
161
879
986
307
811
609
169
896
500
9
883
59
108
998
57
506
859
758
282
946
339
250
267
273
276
350
444
515
188
565
359
185
536
130
845
617
532
961
583
558
667
387
566
327
156
248
471
134
313
687
679
879
677
329
886
112
817
708
523
495
835
771
428
110
819
995
584
100
563
232
236
678
19
806
542
747
198
115
265
437
725
569
837
178
494
706
26
834
809
92
177
92
102
964
879
241
614
30
455
482
292
890
635
4
40
611
359
385
856
618
130
3
131
175
961
354
260
543
794
885
527
145
394
781
131
730
603
508
212
416
374
525
459
300
649
829
389
552
645
910
813
616
566
861
855
766
920
649
538
661
2
172
656
359
306
71
61
162
69
133
642
653
441
681
357
872
161
324
983
529
419
102
641
835
170
70
12
681
36
229
780
913
399
884
399
387
524
334
392
64
920
15
19
968
99
380
732
828
255
829
753
570
215
757
368
190
641
890
806
837
474
728
622
373
772
944
946
841
718
997
688
25
856
855
660
949
802
72
278
330
832
508
520
21
388
566
503
933
112
254
627
781
350
310
492
991
894
620
379
388
659
105
18
807
746
656
441
650
16
922
286
695
31
142
152
433
53
687
560
636
970
349
173
654
915
741
538
697
704
308
590
113
790
407
328
255
609
270
677
984
274
14
72
864
105
582
468
184
992
226
345
823
283
451
441
300
695
719
349
865
502
764
289
635
748
400
80
54
186
957
845
181
917
976
216
704
265
752
82
214
991
179
325
17
904
36
682
282
989
529
640
633
85
385
358
254
50
859
237
518
432
873
117
413
931
588
498
818
628
609
923
264
991
176
224
32
524
85
629
868
216
247
847
991
832
62
721
224
546
67
443
837
247
167
848
827
489
677
19
892
429
755
950
338
892
779
598
911
116
849
46
343
278
261
334
909
684
144
95
730
289
827
686
229
372
874
715
876
523
256
126
944
96
260
293
439
50
602
387
226
563
92
24
511
977
870
153
697
124
970
300
491
811
544
203
724
683
143
378
763
404
169
934
308
778
16
756
291
325
454
44
325
493
515
536
359
943
864
68
998
404
920
868
645
460
958
684
92
190
128
272
765
610
443
137
387
838
521
721
219
393
238
339
876
543
465
562
323
202
749
724
951
777
982
802
76
968
176
743
107
91
275
578
726
80
580
682
560
808
749
22
11
738
53
398
828
117
538
769
473
887
314
356
522
206
776
171
685
610
492
959
659
38
692
484
793
433
598
110
689
901
784
832
998
667
46
408
551
281
2
642
122
610
266
311
522
960
507
834
323
544
492
536
330
234
373
457
554
419
782
927
113
385
188
754
769
306
838
669
346
625
166
641
428
135
538
283
451
402
666
781
147
900
533
854
803
811
580
574
118
808
480
699
492
110
855
385
391
665
737
689
353
321
625
161
411
777
743
52
680
184
370
893
169
300
930
77
153
198
356
855
720
397
247
948
550
314
340
681
29
990
474
305
656
20
751
991
418
174
995
420
327
47
797
793
224
770
809
730
746
246
498
543
149
231
993
0
306
569
751
493
902
419
679
31
796
606
4
399
150
113
58
648
891
682
97
107
364
787
948
623
1
351
256
619
585
448
576
170
862
598
941
210
159
149
682
625
471
612
245
124
530
453
634
389
640
302
674
408
738
75
712
330
362
446
420
327
903
893
57
655
261
949
417
859
387
40
600
154
766
65
109
115
547
280
133
990
578
990
362
875
246
118
33
134
657
630
201
454
212
753
639
9
779
235
631
134
519
776
453
54
102
185
793
239
829
492
248
303
285
463
47
737
555
488
179
527
729
212
556
221
627
962
968
29
180
875
43
61
951
585
612
513
113
513
251
318
299
702
839
452
453
20
332
86
430
237
873
946
984
259
776
919
97
515
878
280
580
2
26
652
645
991
178
431
908
236
641
721
513
963
134
865
294
145
373
62
658
49
608
401
849
688
345
866
873
72
742
909
207
979
375
609
640
238
443
597
196
7
102
239
316
517
544
394
292
763
695
172
404
864
196
538
96
974
235
48
807
716
564
520
953
26
182
421
754
393
987
422
603
901
911
506
992
33
442
980
531
677
293
868
919
93
569
751
785
809
595
845
409
533
187
389
471
460
740
167
295
534
990
909
647
219
679
519
384
138
496
586
551
75
835
668
104
590
523
974
304
510
44
926
129
917
33
920
523
388
380
585
861
87
399
648
818
372
34
194
104
806
22
328
653
866
558
230
298
981
301
170
201
536
362
143
59
241
648
502
418
319
586
384
589
74
612
738
746
20
828
414
709
504
655
874
319
726
328
927
218
759
124
255
704
3
969
732
692
197
661
417
48
280
874
352
109
505
895
984
937
352
698
183
371
195
761
148
922
329
336
18
307
553
724
618
274
772
558
272
847
13
379
935
417
444
633
932
49
625
324
76
301
387
335
803
813
757
142
842
586
945
239
316
106
333
897
525
9
7
980
896
185
773
32
211
722
669
746
313
364
958
633
396
433
946
111
316
392
944
27
289
292
914
427
161
219
976
582
670
866
70
359
607
310
777
526
73
213
906
641
218
107
252
512
802
200
696
230
167
495
666
595
195
250
191
550
644
465
534
552
304
9
656
276
258
809
61
738
621
79
44
827
28
657
935
254
876
224
641
417
887
623
621
948
222
393
612
575
274
56
378
979
623
450
430
582
229
702
28
24
300
997
689
387
547
467
3
239
781
172
858
131
881
307
782
152
349
150
38
935
943
125
298
315
871
474
270
713
59
714
820
612
136
641
197
781
283
12
179
775
706
544
318
784
409
600
409
140
212
203
216
916
798
980
225
291
212
163
772
617
841
657
440
49
511
744
755
197
655
921
157
601
925
864
202
21
259
993
682
628
640
486
63
601
716
248
746
289
915
546
994
251
971
582
451
812
444
591
143
152
140
773
811
803
203
119
113
405
802
483
685
643
155
153
886
170
156
806
67
175
598
308
671
394
789
454
250
449
595
112
238
457
453
485
91
455
761
667
967
764
666
786
358
614
35
442
801
996
140
593
102
570
499
707
516
554
154
588
553
532
600
833
787
972
319
493
583
665
578
863
897
350
977
512
336
530
274
563
501
858
662
566
504
358
501
124
895
24
94
852
405
608
767
949
42
373
630
96
52
887
970
975
418
8
505
612
225
544
166
426
269
776
654
184
341
198
184
756
588
671
631
748
104
203
997
311
552
577
485
434
118
507
93
175
319
397
503
432
51
719
434
689
294
314
553
740
2
527
120
229
318
643
655
189
302
815
877
309
864
603
273
328
441
178
479
643
515
577
94
33
748
258
274
166
635
685
115
109
993
501
466
893
569
104
354
174
781
376
890
481
687
152
94
46
49
480
797
567
810
57
827
10
574
60
715
276
672
788
80
808
374
188
40
502
681
235
806
441
872
244
914
497
664
786
351
455
522
801
530
255
145
200
122
511
214
946
63
774
674
699
27
416
495
352
480
582
124
263
461
130
379
462
304
808
312
959
209
232
432
369
457
735
43
282
950
933
112
672
844
722
788
335
305
602
487
428
269
0
987
0
43
382
497
153
145
610
458
402
752
748
175
795
184
467
733
723
764
880
184
841
413
75
563
27
869
625
289
797
211
751
884
819
862
816
8
130
31
58
898
712
472
295
2
716
874
656
874
616
824
675
770
147
654
573
778
923
773
626
915
303
134
369
434
947
304
181
154
388
496
398
965
892
644
711
23
352
332
504
183
724
901
139
554
688
115
491
805
483
395
153
351
550
610
129
378
220
269
361
868
821
654
329
198
90
88
797
824
458
992
240
270
723
608
451
484
13
928
451
153
968
83
233
59
725
332
938
575
82
971
551
330
407
807
935
634
166
633
800
474
256
315
916
662
433
820
336
11
253
410
88
258
613
186
758
993
330
854
730
517
578
724
963
41
327
486
572
196
469
35
969
609
988
274
849
672
67
247
797
221
278
91
22
274
558
436
933
982
727
406
364
489
295
924
234
523
257
48
652
704
313
714
239
969
755
704
609
539
636
499
303
684
570
897
745
823
591
132
386
630
529
119
908
295
61
736
416
428
177
7
923
451
321
761
340
950
552
49
473
504
617
788
578
502
254
287
509
917
165
328
288
461
819
917
374
465
960
428
856
34
474
736
237
112
694
893
212
140
417
561
774
469
772
183
304
477
86
249
374
7
523
809
732
111
787
716
718
149
845
236
183
728
690
328
222
44
822
674
380
167
256
61
834
357
995
192
624
366
222
724
72
457
46
974
633
592
83
449
703
887
239
651
528
353
835
42
794
378
356
203
207
291
474
279
90
213
545
259
300
77
321
946
863
784
760
73
372
659
184
750
791
194
443
294
336
787
833
810
517
334
372
613
658
603
523
933
275
736
11
531
216
70
596
392
911
727
367
127
664
310
701
305
73
202
675
672
818
664
834
324
211
333
307
324
273
29
23
322
135
363
612
837
65
581
491
107
468
682
486
675
42
971
176
669
585
700
829
303
755
806
808
292
0
26
675
811
255
707
625
602
684
545
688
452
603
582
602
590
411
670
250
378
229
176
523
286
132
635
260
292
590
919
912
55
904
538
811
303
649
867
966
345
109
462
363
558
337
620
692
109
286
71
102
680
350
983
371
504
20
852
133
414
352
576
134
943
40
864
492
651
386
503
730
659
677
175
914
780
952
101
23
700
66
671
310
152
384
125
884
263
14
866
802
103
741
5
702
242
250
128
540
412
494
492
505
708
362
671
440
653
403
219
53
944
115
764
390
199
936
902
346
192
198
705
753
244
687
98
244
723
291
759
246
342
403
438
383
793
286
114
353
691
103
28
995
595
510
738
819
721
66
670
176
430
112
86
630
472
621
995
835
470
207
112
230
45
642
729
959
717
359
413
281
275
719
282
740
307
461
252
24
41
137
97
540
44
688
468
467
137
17
292
208
943
259
72
784
500
594
89
302
68
968
156
565
728
880
10
286
595
261
598
185
836
617
531
904
48
514
40
318
848
543
952
959
499
633
690
769
632
500
986
320
658
677
458
224
31
381
32
587
79
571
661
554
862
543
192
192
486
955
933
370
804
844
901
803
852
822
858
628
460
951
183
929
947
465
587
38
28
187
440
264
99
929
820
936
570
343
11
130
880
541
607
628
159
28
541
778
184
671
77
382
885
685
502
252
979
82
795
228
138
861
734
625
939
205
864
446
397
732
298
120
107
165
931
215
654
330
678
654
242
86
382
905
575
442
74
638
879
939
167
893
343
32
270
945
259
729
380
968
715
155
103
599
164
656
76
407
996
835
66
540
198
593
594
779
22
747
158
875
689
768
195
981
132
415
548
830
432
259
324
539
383
647
824
883
526
800
999
120
254
74
294
287
40
322
724
664
997
363
287
927
311
117
850
736
384
447
684
250
141
621
901
2
94
653
687
768
701
291
495
998
896
740
606
549
420
311
425
522
936
575
601
646
708
606
904
27
845
180
369
538
942
949
322
961
667
560
529
921
261
931
896
142
245
460
222
936
743
939
228
391
965
435
881
339
748
487
874
785
191
801
145
409
327
541
696
116
900
893
810
452
474
470
823
27
882
39
418
181
596
153
769
810
310
2
289
91
908
796
379
582
700
106
974
69
44
667
626
360
306
815
270
659
120
766
799
50
515
40
118
880
590
711
341
799
952
272
757
882
830
273
71
951
246
428
189
160
89
178
292
680
772
347
121
922
908
865
405
925
35
148
766
869
435
440
835
203
198
730
27
36
472
354
867
431
753
403
979
503
547
637
595
48
92
836
823
759
256
641
700
826
103
574
414
367
414
871
423
817
773
364
846
540
325
211
378
194
195
474
594
622
989
914
242
949
15
199
564
84
554
244
944
837
211
227
681
347
508
490
166
589
313
65
546
864
520
288
905
676
814
718
751
592
426
652
678
2
937
823
451
759
21
36
718
272
90
239
285
781
103
460
116
604
21
606
2
994
88
293
667
618
310
50
454
259
752
135
66
875
797
369
282
450
637
351
209
433
25
717
676
761
869
321
699
488
142
718
564
103
238
798
428
463
713
163
658
657
691
790
578
236
816
49
203
849
847
912
734
923
324
321
419
147
160
644
82
311
592
622
658
66
415
72
193
759
337
900
713
399
405
103
403
642
837
450
955
786
157
179
184
939
102
784
678
382
70
827
378
437
54
657
777
977
432
741
37
846
898
490
990
673
27
37
745
280
625
432
415
575
629
435
412
235
300
478
161
303
642
193
89
628
589
660
790
678
531
874
733
209
713
384
180
554
730
924
670
890
544
385
417
621
258
670
133
713
937
926
512
946
265
66
330
170
593
738
867
702
430
300
100
691
290
715
545
991
365
640
304
373
357
142
422
200
784
791
415
328
491
844
47
403
413
970
986
418
437
88
205
356
580
989
671
321
361
22
879
524
760
413
331
316
766
749
162
660
211
578
743
861
916
294
826
141
443
445
12
481
406
434
952
974
113
626
729
125
529
230
619
605
231
975
322
115
188
514
241
580
751
139
312
235
568
61
477
853
384
935
957
329
904
227
279
70
122
0
606
5
319
191
481
542
878
474
193
238
510
496
550
517
312
230
958
582
700
231
171
823
367
644
448
280
14
287
368
145
393
577
651
500
415
660
421
42
785
546
21
786
662
124
807
299
579
895
854
986
500
968
130
583
4
112
265
666
685
203
422
211
4
795
563
23
356
953
595
438
373
795
801
674
465
409
383
610
283
914
244
660
132
315
628
329
571
223
957
873
616
467
356
664
310
936
234
969
443
35
287
398
117
729
105
930
658
180
481
773
308
867
410
927
247
805
407
624
728
766
743
171
660
722
928
307
739
134
181
254
839
582
317
134
69
457
794
614
894
728
34
66
394
822
54
991
386
10
357
865
232
775
332
603
685
692
12
297
743
87
16
138
253
829
809
226
41
189
864
795
513
714
759
803
969
63
124
216
144
324
75
792
517
191
655
374
951
38
381
478
142
129
694
346
873
453
694
517
53
450
293
388
38
726
394
733
989
962
759
839
694
402
581
297
941
650
813
950
597
372
95
990
37
894
547
657
343
713
394
868
573
796
959
333
402
558
360
611
147
595
171
839
960
222
775
39
3
420
416
897
940
609
278
621
294
284
995
683
530
853
47
459
838
352
970
707
833
505
285
27
789
278
397
948
738
868
485
7
43
586
607
595
991
594
158
262
479
902
563
692
743
359
107
933
906
576
417
577
934
657
301
871
561
15
688
467
455
73
955
125
697
134
875
278
972
186
547
742
243
152
687
153
273
0
720
872
207
425
312
851
374
402
932
4
994
275
73
215
836
985
556
621
290
718
394
800
748
438
881
889
102
445
601
861
261
319
699
862
352
96
236
814
413
865
917
806
44
100
907
996
372
943
846
35
632
540
264
396
86
585
108
971
140
899
784
124
367
318
520
196
201
879
872
652
278
370
390
384
300
71
186
30
460
479
67
282
705
213
208
895
4
256
671
775
689
733
229
955
874
761
91
814
846
587
145
731
958
848
466
560
300
601
259
234
472
87
113
119
504
222
246
579
595
71
808
362
586
87
526
261
307
629
536
335
196
625
650
95
617
736
948
264
882
908
705
427
659
800
298
902
9
225
167
126
6
696
881
216
402
669
655
214
254
469
762
117
421
571
447
770
538
941
505
13
112
261
41
965
586
144
819
99
80
28
806
155
290
890
919
789
420
115
858
266
279
318
567
914
359
471
277
66
990
820
438
90
236
617
166
245
393
707
24
914
361
49
943
431
659
807
471
837
310
756
726
878
281
756
466
571
829
336
951
794
616
872
141
917
873
42
932
870
587
668
197
678
873
798
63
325
900
835
435
867
356
174
228
61
944
642
358
147
499
705
466
951
454
926
51
664
396
246
232
156
77
608
678
44
259
438
210
409
907
699
512
436
440
564
954
523
986
932
88
184
133
200
937
619
714
913
876
408
615
663
837
891
267
378
383
368
18
540
226
239
473
251
146
668
535
763
428
573
433
415
557
812
456
759
16
92
8
726
828
641
184
819
352
896
449
31
12
597
100
398
629
804
397
14
972
103
886
397
861
846
57
47
247
244
974
412
260
454
821
16
974
206
417
948
692
854
74
683
64
873
124
167
159
107
545
769
468
584
344
271
569
274
656
799
715
348
717
674
496
267
997
372
0
301
312
784
606
929
338
80
729
998
319
626
187
472
985
55
341
125
977
877
357
525
552
940
621
176
872
237
497
657
548
437
789
896
264
250
664
246
222
997
745
553
31
253
285
391
867
197
586
400
845
619
860
148
413
809
481
707
987
880
130
675
237
464
656
228
461
133
889
96
546
380
678
302
362
427
298
981
337
950
937
629
568
93
618
482
461
99
19
898
370
785
575
6
949
105
759
61
276
911
194
307
610
385
218
872
722
896
685
37
287
726
212
738
358
911
996
163
649
685
126
817
329
899
837
124
71
635
556
606
495
491
825
747
961
465
250
861
701
376
667
347
547
443
769
137
436
174
997
859
416
132
240
100
869
818
392
275
552
714
100
684
388
221
18
45
44
872
242
391
670
351
287
252
655
943
554
960
429
356
114
599
212
819
508
70
504
834
2
718
84
340
267
723
773
56
184
980
143
145
454
603
346
65
221
571
919
582
612
857
285
790
718
218
378
559
21
420
832
159
913
682
719
922
981
111
760
402
31
796
981
145
658
740
275
66
674
556
577
557
491
432
576
745
6
457
102
243
64
906
48
5
801
346
388
618
918
388
544
110
908
537
323
771
842
392
558
238
145
436
711
743
339
115
722
911
965
582
51
812
610
604
204
968
677
882
727
968
850
325
634
688
490
64
637
988
778
33
920
385
807
629
445
705
423
604
143
493
951
903
54
902
717
774
728
620
977
654
342
711
45
15
24
836
118
924
166
71
53
316
364
7
287
333
784
791
581
944
740
592
697
159
914
740
998
803
849
925
10
699
427
692
323
734
856
134
698
258
547
920
377
69
350
572
709
648
76
988
328
395
59
298
758
155
797
498
337
240
41
175
699
12
835
994
927
518
964
354
557
76
535
893
512
223
386
276
366
776
181
220
123
169
218
33
266
622
409
541
970
257
622
438
464
949
89
278
279
515
322
924
737
56
799
752
968
920
548
875
661
603
206
996
724
853
28
999
362
564
978
593
708
74
603
6
270
954
66
123
909
456
669
368
770
57
895
621
259
242
65
669
559
748
300
200
853
220
877
66
114
593
381
393
45
831
452
4
753
936
586
150
742
34
626
306
972
564
475
689
502
666
531
78
655
56
306
291
907
314
57
821
748
802
894
681
640
291
173
458
403
26
356
35
207
917
219
966
780
147
382
687
765
139
136
779
585
153
238
890
922
811
253
571
502
754
561
207
576
699
883
773
707
397
13
245
746
317
317
16
558
909
757
476
636
691
163
502
522
93
554
936
39
883
419
298
428
885
481
116
987
651
56
17
106
995
457
728
812
789
477
500
684
419
547
164
831
260
320
28
357
175
202
954
467
813
881
845
337
559
770
134
51
175
570
907
742
986
99
377
33
586
678
503
525
570
733
922
794
651
771
618
863
796
523
763
605
174
466
991
481
237
626
9
645
530
468
309
74
277
536
683
660
352
436
563
266
55
847
98
392
116
921
394
299
15
969
704
56
458
98
246
833
410
227
449
661
217
818
205
699
993
4
580
99
963
267
413
457
157
796
209
663
354
380
225
293
724
279
380
392
213
301
757
804
426
338
624
455
648
352
997
868
273
554
765
529
895
639
633
302
937
210
987
537
555
394
36
170
719
475
788
528
42
992
576
103
954
690
925
543
379
786
634
18
185
847
164
17
775
813
52
299
502
266
11
436
441
558
893
254
965
598
555
598
350
533
466
85
869
176
514
609
62
572
953
72
909
831
629
265
720
167
288
703
896
51
285
82
361
124
250
859
689
799
566
564
5
434
417
650
487
768
491
465
196
499
900
514
921
389
771
355
486
827
635
667
963
503
159
128
143
472
717
727
39
936
104
800
395
66
456
227
276
245
621
26
362
906
97
589
562
654
987
860
885
124
671
109
475
18
890
114
766
54
868
382
92
230
214
108
108
209
523
539
561
300
491
186
252
341
331
676
659
622
904
528
128
486
625
73
349
874
45
588
787
563
529
579
418
660
748
245
947
971
182
39
241
857
58
52
958
408
629
36
73
856
191
268
788
797
470
393
12
833
697
450
707
106
90
146
839
775
925
351
629
756
389
602
320
599
510
83
99
535
325
616
647
793
267
897
109
310
464
468
805
932
765
104
735
774
130
96
663
715
174
822
406
569
28
241
507
995
978
948
984
286
693
156
137
4
81
126
679
731
973
131
163
150
147
298
622
221
764
184
180
347
890
38
778
644
519
838
45
545
459
275
849
354
475
541
603
6
308
478
766
570
136
884
145
204
639
827
114
754
726
798
468
916
773
642
132
363
602
384
434
748
876
716
58
981
842
94
553
859
337
629
829
950
516
283
214
634
254
593
889
962
635
535
795
802
732
624
713
81
714
152
494
297
521
19
215
885
782
180
480
775
196
326
345
795
959
859
867
251
531
854
117
855
287
511
867
88
123
891
981
946
313
572
94
412
232
412
179
325
522
338
683
629
504
607
454
909
660
136
494
292
387
432
682
431
149
656
562
299
501
406
132
746
268
224
333
680
122
827
571
713
596
485
431
906
481
778
32
352
390
951
418
928
954
937
966
508
155
697
859
591
599
118
882
518
431
855
447
282
990
252
547
94
367
351
926
361
868
573
66
897
867
571
44
77
419
582
347
284
532
275
890
167
684
800
354
0
382
365
352
14
397
274
935
862
719
119
38
415
549
602
866
482
342
232
382
973
802
979
94
458
284
300
436
632
33
622
305
910
958
639
77
639
486
995
290
231
448
454
707
968
255
38
978
457
155
715
606
988
28
148
675
891
119
680
308
86
730
349
843
187
241
272
17
914
579
537
146
948
814
746
55
592
806
357
887
353
397
39
167
679
933
869
934
257
617
905
278
212
449
321
316
931
452
92
841
419
640
522
105
41
501
335
424
90
135
675
364
966
946
89
182
554
976
906
858
809
254
750
206
183
237
238
528
202
540
760
215
413
698
840
259
298
681
992
865
139
254
484
63
212
13
284
662
777
834
207
509
672
850
864
121
667
952
552
106
564
723
32
777
965
60
152
214
883
950
345
206
54
598
164
650
880
546
845
435
111
990
31
185
185
97
309
962
227
542
306
327
86
39
934
626
230
795
462
20
280
848
255
340
768
964
486
538
324
909
383
913
577
969
720
106
656
639
169
517
140
932
122
387
490
186
312
175
582
763
638
131
430
659
189
150
805
227
768
155
894
818
622
773
107
806
20
574
289
48
798
263
361
494
146
2
414
674
98
299
662
447
252
21
544
611
439
184
56
656
436
568
705
797
743
850
912
274
296
103
632
240
459
971
136
431
984
287
109
377
727
362
757
451
12
494
2
132
394
135
446
598
120
542
905
834
317
580
853
584
593
42
794
436
41
645
827
507
350
967
659
581
451
488
733
797
570
348
632
563
650
318
619
762
742
594
66
781
109
79
869
85
689
699
937
782
70
337
742
520
409
622
237
840
683
650
243
62
809
601
886
386
529
241
938
336
323
293
345
730
817
824
357
68
437
414
491
651
446
996
54
519
22
560
517
680
234
467
258
908
327
978
584
102
742
228
440
883
67
758
488
837
984
490
257
994
73
326
579
839
164
729
839
542
839
320
601
408
165
951
400
219
630
419
851
27
794
204
169
487
394
735
77
531
948
465
900
531
937
665
685
71
892
620
973
273
849
620
331
819
135
186
118
30
939
784
433
30
547
51
928
265
388
694
131
870
153
986
460
714
168
505
965
885
650
738
147
619
231
462
65
263
940
489
155
194
243
644
400
897
468
136
826
293
357
637
206
475
619
536
42
515
980
403
552
422
811
214
630
281
495
43
302
999
609
855
905
362
360
860
387
345
194
988
715
86
977
328
138
14
111
743
21
755
680
370
320
519
147
164
17
62
740
582
6
510
105
592
173
3
23
244
998
435
920
213
590
144
859
709
331
316
657
667
727
494
735
443
187
770
605
808
913
47
498
837
790
578
873
833
314
201
148
712
333
313
211
206
128
512
281
494
173
631
580
881
789
767
591
467
700
317
725
415
954
56
588
242
896
246
708
989
933
134
179
284
205
737
638
331
885
586
277
432
701
228
828
756
2
787
818
60
495
410
136
868
407
260
127
442
234
678
46
32
562
233
975
699
368
733
725
137
632
105
845
447
798
80
109
896
267
93
725
98
584
127
41
115
230
895
568
97
615
654
468
366
132
764
70
994
372
43
653
507
598
930
323
679
940
581
84
962
116
98
892
787
579
382
732
704
288
374
169
18
747
266
913
932
8
747
522
749
308
533
281
853
715
352
956
764
475
481
957
397
176
173
923
185
253
37
910
976
580
492
39
995
266
366
874
845
586
363
497
480
364
377
454
707
602
248
916
713
855
966
475
197
652
315
718
89
936
895
451
510
244
39
254
238
800
974
242
213
157
864
565
574
448
218
623
890
208
653
39
683
180
370
978
526
796
39
721
847
722
903
909
175
996
144
954
872
498
270
485
657
102
741
956
500
317
211
288
485
648
52
969
342
919
143
911
949
451
462
576
399
22
547
602
837
10
205
111
397
642
418
776
540
289
862
936
966
309
170
334
392
296
568
830
773
587
339
973
765
942
187
758
492
240
438
534
158
840
562
385
728
198
398
502
554
505
233
102
464
590
170
492
280
65
870
138
686
788
304
496
594
625
323
137
11
85
43
196
861
411
322
131
734
569
542
324
423
339
943
138
542
107
799
95
520
306
738
0
451
382
52
701
473
783
250
283
760
935
320
568
791
270
354
19
291
103
614
485
608
795
398
72
331
704
980
674
524
181
47
966
857
549
786
879
509
597
627
418
135
796
888
287
687
958
381
739
371
108
355
630
480
116
26
892
748
785
903
554
712
359
601
694
227
93
229
107
978
47
986
272
548
598
351
68
337
775
640
569
170
557
567
506
739
939
854
825
133
354
299
809
473
195
789
277
311
530
155
348
684
648
436
770
666
907
513
596
25
180
822
135
451
60
151
229
61
244
335
813
490
848
588
998
570
871
791
440
647
177
727
511
240
957
485
924
126
510
90
258
484
778
116
330
747
535
959
748
395
802
89
50
294
637
78
714
135
20
554
793
240
669
509
710
425
778
920
362
524
763
965
626
492
44
109
134
606
969
780
202
856
314
78
134
663
679
621
459
348
321
378
157
710
370
993
952
59
970
329
904
231
287
592
41
744
992
326
823
104
750
384
371
905
280
117
219
735
185
381
205
926
680
508
640
805
436
678
974
898
426
213
994
789
132
398
218
649
408
218
145
517
986
280
612
472
191
800
614
659
495
706
155
16
102
92
190
40
895
730
911
619
533
328
604
768
288
115
314
61
200
310
584
88
90
657
992
35
532
179
372
366
213
112
449
479
86
797
850
52
440
944
236
193
512
901
753
917
838
284
492
527
262
334
832
310
56
733
564
621
98
995
735
966
840
723
820
813
349
740
842
373
993
476
179
521
999
449
615
424
994
27
708
331
139
461
164
59
546
770
75
411
998
516
348
909
834
767
951
64
855
476
993
919
528
530
239
749
630
223
712
756
64
485
759
494
414
103
506
946
418
18
930
344
452
529
23
200
713
880
974
540
503
250
290
957
360
86
997
499
152
724
465
87
476
390
432
482
401
881
860
897
478
923
236
952
976
238
99
378
928
578
22
635
202
305
898
85
805
492
848
238
906
324
591
827
275
538
164
254
857
919
375
682
562
191
637
791
365
72
238
881
835
370
675
995
892
566
886
921
443
488
213
283
703
713
972
749
951
53
726
227
546
68
184
106
72
540
106
874
528
931
691
23
982
794
703
663
640
509
712
686
614
574
431
524
725
874
149
273
582
252
954
943
271
645
409
741
845
717
406
388
652
810
61
993
6
751
769
331
651
921
541
383
411
403
482
784
349
641
390
42
243
1
693
669
69
853
63
646
478
661
166
841
406
754
785
171
85
405
2
412
105
742
201
754
141
33
691
720
118
962
915
261
194
217
650
841
919
721
758
899
94
370
621
845
866
942
508
937
897
433
8
725
725
201
24
705
567
805
605
481
626
866
351
614
639
320
470
767
450
612
546
30
984
711
431
493
140
755
880
214
293
789
286
954
68
326
278
401
47
19
45
264
902
133
48
761
255
123
900
812
626
419
94
276
579
943
297
444
831
212
146
855
828
822
481
607
482
696
646
182
200
880
606
848
901
606
785
250
588
28
584
827
891
569
120
568
392
896
110
830
607
910
206
168
501
313
52
561
842
35
430
787
71
822
868
158
652
449
357
116
876
553
7
729
256
67
915
504
844
325
315
464
794
52
224
469
89
96
12
699
721
636
849
710
230
714
244
93
759
339
730
604
138
916
5
840
534
940
538
590
412
154
171
157
530
259
548
130
525
265
196
897
219
215
122
721
427
777
697
921
313
712
170
350
394
67
724
30
400
185
347
935
162
731
618
49
492
415
230
170
294
414
600
528
875
767
6
305
713
613
864
166
55
187
434
614
344
200
914
151
435
414
72
511
756
780
765
696
51
67
913
122
615
765
549
939
598
745
50
209
523
91
116
592
293
345
638
215
928
825
603
789
35
182
574
41
533
257
327
519
772
499
379
142
68
864
462
286
840
824
544
943
480
376
785
332
183
845
234
407
295
784
402
214
555
5
809
339
121
846
621
9
755
836
878
914
593
277
680
989
156
569
717
941
657
470
204
869
656
788
378
968
815
251
611
333
200
16
581
151
725
583
410
298
483
522
0
225
634
559
534
61
239
815
565
312
763
435
976
56
356
953
290
775
638
493
243
142
198
531
974
162
747
600
50
431
833
240
731
801
899
457
604
425
684
599
868
492
435
113
122
392
633
209
654
647
639
313
901
542
960
665
696
207
281
405
914
107
625
98
364
804
377
753
687
685
953
972
437
421
251
662
917
336
945
40
529
966
430
157
470
344
883
934
215
476
577
818
461
18
814
13
991
894
614
26
58
534
751
307
478
446
57
925
85
183
400
776
841
622
544
588
360
592
19
368
806
795
497
315
464
712
117
949
24
957
200
712
874
439
741
672
306
524
56
977
503
366
284
416
968
36
543
378
386
779
316
768
339
201
292
324
542
754
610
765
139
379
914
790
386
436
661
862
476
427
860
632
255
875
6
138
732
452
737
194
614
723
209
564
376
74
903
705
779
299
72
810
228
413
616
2
943
609
892
153
794
615
778
573
31
209
589
354
423
761
336
26
960
238
726
864
371
482
644
462
244
727
476
287
199
327
327
751
339
451
678
950
206
339
124
171
701
381
379
517
878
848
274
93
524
920
464
911
950
572
761
472
589
394
626
553
487
285
281
593
773
781
486
561
45
61
0
512
573
169
837
399
301
814
890
183
903
19
315
286
926
229
72
553
144
569
125
539
938
779
364
948
438
787
976
221
507
927
385
631
770
475
375
131
720
364
444
548
189
93
659
505
935
593
375
94
563
711
202
274
762
788
499
916
620
274
162
542
604
733
939
372
544
998
852
126
251
201
149
576
648
25
419
67
37
452
49
428
602
937
916
194
741
381
546
741
243
141
934
802
228
189
530
459
164
703
665
347
402
992
727
487
263
588
936
608
172
945
362
517
576
953
169
294
149
154
397
195
614
552
857
114
631
769
706
664
497
441
66
518
720
620
680
285
307
673
534
93
0
566
983
822
945
941
795
738
575
350
208
722
649
207
550
804
17
63
823
878
891
544
258
629
131
858
243
606
370
300
776
461
61
821
890
52
50
72
814
771
351
583
551
926
329
135
42
436
846
465
782
3
215
208
78
665
782
662
996
302
656
113
603
669
374
899
737
977
214
455
303
844
337
879
463
579
873
51
729
669
953
715
234
386
65
326
505
873
116
355
55
89
367
892
211
185
545
939
719
787
634
13
586
475
81
571
875
733
221
183
342
204
384
323
455
7
91
813
296
255
162
454
432
467
86
962
515
172
712
531
248
556
353
606
995
945
403
623
718
592
274
199
358
957
333
699
985
582
76
977
263
175
693
420
276
1
518
798
600
947
713
717
616
610
839
382
893
868
114
742
878
433
564
584
5
490
861
16
172
284
525
606
266
94
303
879
405
501
357
53
861
841
30
974
627
832
241
666
325
888
684
285
167
802
629
837
823
698
309
126
596
379
332
169
556
47
957
75
953
476
639
665
727
210
660
826
573
145
890
373
518
112
515
296
387
600
700
122
175
367
647
961
398
912
644
493
130
783
507
494
651
114
375
688
74
908
7
836
11
19
358
723
885
577
117
283
536
143
258
316
609
125
256
588
724
583
738
726
375
306
141
650
703
180
689
366
866
672
211
185
48
601
426
72
598
678
756
778
920
516
269
278
355
329
212
452
196
556
529
145
544
411
174
228
417
924
466
461
898
860
340
270
376
582
234
393
772
452
189
448
641
441
936
932
295
143
238
861
25
115
14
761
761
758
940
328
718
431
149
435
823
276
14
756
55
880
881
985
101
766
285
235
230
259
232
219
505
282
524
67
615
657
644
482
557
696
130
777
176
274
926
91
700
156
60
274
913
210
803
260
698
713
606
573
427
311
848
909
678
878
849
2
762
64
463
904
834
621
11
949
869
839
490
906
998
86
732
651
178
960
412
631
90
800
4
866
508
775
917
888
514
192
872
29
983
237
996
120
105
272
620
174
640
732
588
122
177
545
768
858
727
182
809
469
479
512
581
936
230
33
562
352
537
740
551
225
497
893
246
509
641
437
362
497
301
195
617
753
905
719
262
156
139
63
406
298
30
964
76
65
211
551
219
415
990
197
136
674
227
218
42
379
308
538
287
602
648
146
780
770
377
76
424
165
385
873
806
338
674
465
93
970
697
279
621
51
694
384
936
828
627
506
787
463
718
560
840
908
301
987
865
370
989
445
155
912
439
327
877
58
168
283
515
479
275
747
123
727
149
840
379
346
348
583
669
444
493
822
225
252
305
148
365
612
395
134
107
571
680
949
319
485
548
317
644
724
637
865
586
968
190
946
654
186
850
631
869
158
819
949
238
86
718
119
324
540
445
98
308
816
1
95
553
991
665
979
522
988
819
52
837
80
430
353
354
390
154
332
927
305
373
820
75
854
506
794
584
494
464
613
578
580
764
745
679
557
884
219
634
589
594
543
152
453
473
186
542
906
174
172
109
242
534
829
308
592
768
896
304
975
335
292
209
722
575
351
52
434
153
566
257
833
4
40
672
907
858
552
269
868
260
