436
243
399
960
540
145
731
395
133
96
363
856
616
195
63
791
80
693
519
727
577
951
907
37
706
745
716
406
228
770
90
107
998
315
339
19
695
13
757
591
487
27
392
407
490
202
27
290
873
300
417
18
150
908
384
30
725
805
254
721
922
219
184
480
411
322
680
784
155
21
970
542
23
47
867
304
160
62
383
696
14
45
574
321
694
400
761
370
552
211
959
128
199
731
567
601
837
206
721
754
499
406
5
233
410
104
615
807
793
27
222
973
787
172
776
231
188
446
332
790
320
935
339
376
760
430
507
738
786
1
914
741
715
523
35
526
964
89
352
608
30
14
997
692
36
708
116
40
964
787
443
710
793
975
46
611
312
297
921
768
764
672
167
405
448
688
176
777
209
848
66
487
30
841
695
394
668
459
223
360
18
618
626
341
878
837
300
567
603
311
325
918
544
70
580
662
653
953
728
173
212
895
594
423
418
146
314
818
369
755
20
419
531
735
414
359
645
190
418
462
126
124
643
721
322
345
29
84
447
811
438
735
563
563
490
806
488
213
576
441
838
848
655
22
83
366
739
41
833
366
730
141
188
325
750
869
6
659
959
580
953
817
486
266
753
264
280
487
611
532
877
346
998
768
660
643
5
468
781
839
277
433
426
281
305
228
171
573
584
49
429
248
808
31
902
787
921
713
111
878
296
285
478
346
678
757
815
431
965
579
287
420
15
546
21
532
146
911
453
237
380
902
539
981
31
857
640
749
952
36
787
263
706
323
935
84
147
532
597
638
335
754
582
220
409
982
455
332
963
474
754
522
981
392
941
647
946
220
801
789
915
179
336
783
526
171
116
797
695
769
440
660
553
434
734
500
72
969
413
292
518
839
99
72
817
289
671
386
894
195
804
79
36
155
347
688
991
488
48
944
799
168
534
918
852
945
370
744
176
271
81
127
450
732
807
450
50
862
533
771
286
811
462
933
800
943
558
879
857
310
536
314
959
637
18
582
758
410
823
99
781
684
433
835
584
60
688
221
254
971
804
668
30
6
547
894
563
109
759
752
241
273
831
479
890
699
120
441
722
857
624
682
203
635
367
979
174
196
595
292
87
836
782
618
723
818
662
468
881
63
385
271
802
334
850
242
750
543
756
131
501
698
866
568
638
585
121
634
903
535
867
404
882
468
257
505
969
426
964
307
542
410
384
832
281
343
909
327
822
365
547
633
106
986
321
538
290
402
554
462
864
601
413
696
827
553
576
854
114
667
129
145
774
938
784
816
897
307
707
3
478
576
167
245
605
748
833
619
587
962
759
954
676
614
45
493
519
508
983
827
525
703
576
287
508
210
861
281
694
307
665
522
65
254
710
125
443
453
709
976
716
948
418
978
560
826
743
926
815
300
506
926
859
684
774
115
414
752
324
704
397
709
731
863
788
929
267
947
959
903
274
653
843
765
504
514
143
746
878
648
954
316
110
849
834
38
22
417
334
366
503
42
913
972
669
463
852
254
42
541
486
152
51
604
346
833
950
853
757
297
366
399
611
511
749
578
510
511
910
444
145
513
788
945
295
500
282
949
723
136
223
293
883
364
237
644
390
684
951
641
231
572
317
534
38
162
989
339
889
797
784
625
428
820
430
11
458
402
414
398
310
453
494
121
355
821
692
671
164
866
487
377
873
998
237
1
390
529
985
202
346
659
712
587
201
837
57
122
190
984
775
653
833
343
788
155
761
705
907
353
94
942
938
169
189
211
107
981
17
240
157
17
930
238
755
303
661
142
321
828
144
53
111
223
920
915
548
977
153
11
511
23
849
765
156
373
857
695
122
566
865
826
45
526
991
153
669
376
908
940
434
403
187
50
746
127
31
589
473
230
344
367
508
93
905
491
986
761
833
830
711
567
331
333
206
164
621
544
386
859
450
843
249
117
260
301
302
786
585
609
721
893
89
978
813
742
786
812
590
761
191
541
406
604
524
539
122
734
222
559
109
971
107
62
465
772
886
801
109
747
828
786
47
292
504
943
711
295
151
283
878
281
226
463
98
563
486
920
975
434
857
74
539
125
450
683
198
46
133
698
883
511
803
5
648
110
322
242
70
755
222
573
141
254
323
769
800
605
670
266
424
387
55
806
175
429
125
284
324
509
46
676
150
193
897
422
294
495
251
783
661
567
330
47
327
650
696
749
379
632
72
915
193
293
62
174
343
621
870
406
663
95
245
84
88
582
963
777
167
946
669
539
169
406
694
82
528
794
837
409
265
352
375
488
966
364
434
39
884
716
371
13
811
7
924
261
149
90
598
234
333
629
822
985
614
437
863
973
973
330
637
817
68
256
1
349
843
355
638
299
285
492
46
388
757
497
265
260
83
336
404
36
574
355
50
262
391
951
10
794
768
430
772
871
360
693
513
726
757
608
494
608
572
162
484
88
383
664
592
819
555
853
362
916
205
416
180
356
81
825
313
726
631
715
103
17
651
658
874
287
390
646
967
354
886
297
761
437
927
66
588
328
484
380
476
94
191
72
888
233
592
542
257
533
349
875
153
482
286
276
530
187
708
193
612
107
126
53
402
95
800
938
209
743
480
913
990
678
14
479
163
168
351
315
718
251
766
139
30
166
968
351
923
575
506
469
97
585
617
123
464
562
238
228
60
194
780
345
420
823
79
457
384
678
131
899
612
924
446
552
243
594
947
606
842
159
348
294
11
831
963
391
738
177
93
356
168
503
756
336
561
182
983
514
212
117
456
507
983
307
210
36
364
865
612
293
203
46
582
784
573
801
808
500
411
57
618
22
817
377
259
241
611
111
497
654
626
467
345
471
58
621
756
37
659
191
983
897
954
722
853
79
932
988
379
479
975
286
687
742
428
868
494
217
612
166
833
793
350
140
107
410
987
806
810
533
799
561
831
150
827
981
579
903
883
387
216
35
889
692
258
840
253
981
16
787
666
823
83
959
149
562
354
688
188
402
294
226
577
281
657
199
858
372
286
157
655
42
53
501
607
879
486
56
358
199
319
532
167
613
659
748
82
899
305
318
499
60
30
670
439
933
48
680
811
299
305
99
523
750
636
504
411
674
743
426
430
94
4
479
104
893
486
564
818
490
245
784
634
385
110
303
836
625
249
942
90
853
160
342
547
689
522
529
970
170
929
202
22
318
214
897
738
843
78
764
552
780
41
681
166
109
720
935
253
655
648
581
946
735
551
418
324
457
586
316
353
603
568
28
764
580
919
158
335
819
81
694
208
907
522
686
748
596
849
28
325
597
233
128
657
309
499
875
321
378
617
684
162
121
849
580
659
691
116
57
236
512
690
175
263
549
676
98
198
33
830
897
961
782
967
588
825
155
494
118
230
862
979
717
618
615
447
870
968
543
72
134
788
407
69
172
721
958
651
658
617
898
298
585
796
447
135
940
400
645
518
365
496
163
3
908
629
218
349
422
150
285
288
114
445
228
286
183
712
120
578
529
528
457
528
970
778
339
252
141
776
70
302
709
211
413
398
197
102
974
409
241
962
704
400
105
434
259
666
789
786
249
86
668
401
899
471
695
480
982
891
626
22
148
570
939
537
998
144
659
379
175
190
929
207
996
500
438
54
432
603
139
635
444
914
302
735
795
872
524
257
52
184
776
62
665
710
809
209
396
644
458
887
521
121
27
585
38
863
693
735
398
375
291
398
445
643
148
637
247
976
932
786
58
534
178
108
617
942
197
788
170
423
855
989
943
844
668
69
800
166
475
63
74
945
931
463
449
229
793
265
65
204
765
966
890
954
205
756
434
102
417
768
188
76
590
227
550
269
334
390
272
628
428
988
56
413
269
195
419
356
594
397
414
694
426
737
627
312
37
681
926
683
299
81
655
769
450
987
938
999
294
929
762
998
483
584
324
463
687
397
703
299
722
935
770
652
487
912
86
612
884
705
498
376
533
329
62
336
32
218
383
54
545
121
760
648
573
752
946
451
27
521
962
310
502
417
872
145
240
30
161
665
945
103
970
281
797
255
493
117
739
37
528
790
721
746
544
29
461
720
533
958
391
92
583
587
306
280
942
297
609
880
495
19
270
526
362
378
317
916
664
270
456
262
66
995
764
385
37
666
632
772
162
163
301
689
818
36
737
376
646
401
246
169
876
112
480
43
645
847
379
238
908
100
866
202
25
889
12
738
947
83
113
952
413
277
59
797
407
630
672
229
333
955
507
493
388
378
506
859
49
652
938
905
596
422
910
956
177
301
703
15
927
915
597
879
337
434
892
155
867
924
346
259
663
389
444
937
924
53
840
672
384
734
693
688
508
686
663
898
814
449
783
830
4
679
551
135
716
349
939
272
729
203
187
686
743
57
437
673
103
655
263
71
334
111
386
295
473
489
578
687
643
499
946
451
334
3
924
627
16
203
558
607
277
919
752
457
834
165
194
951
202
482
91
692
601
189
916
594
933
803
923
631
757
422
867
329
930
570
784
6
698
702
48
100
699
51
53
562
92
316
631
521
543
578
903
43
411
787
967
598
271
631
101
285
16
982
365
684
707
841
718
181
574
492
589
20
328
932
749
251
585
99
825
771
252
365
72
760
706
149
639
399
936
986
764
582
448
32
830
81
749
820
298
765
919
671
657
26
591
118
509
650
757
484
898
664
357
245
785
454
351
200
583
288
214
47
101
959
824
814
505
819
60
190
825
80
531
901
759
923
572
652
160
793
51
317
983
220
12
422
983
291
73
422
317
533
444
939
676
66
550
158
282
22
69
332
967
51
884
449
597
202
468
99
195
477
632
80
244
844
23
341
901
986
483
173
756
155
54
226
684
668
724
99
876
487
971
577
495
946
591
991
78
867
242
783
362
706
784
771
14
675
537
38
64
54
232
192
96
245
816
951
817
937
167
97
453
225
882
587
862
1
367
764
222
643
346
851
831
244
239
737
951
253
742
525
476
780
733
323
973
287
319
584
192
525
266
908
520
529
423
316
703
364
482
946
977
277
288
732
121
655
481
750
892
855
867
269
539
265
14
842
263
670
846
390
885
628
955
64
681
914
868
48
574
750
474
751
699
5
393
821
866
967
553
751
18
196
403
819
956
471
534
457
642
957
530
240
179
50
932
529
68
345
271
836
577
477
764
262
120
392
448
916
238
7
212
174
483
641
282
171
641
187
211
636
306
593
21
536
831
34
130
372
221
689
964
132
321
963
252
811
572
810
153
227
218
181
750
897
765
593
405
224
494
225
695
536
563
717
917
595
932
450
425
628
536
694
269
644
901
742
197
458
884
942
977
382
562
988
218
579
834
393
990
687
24
461
495
200
954
822
461
548
255
964
996
869
441
661
896
383
382
864
813
7
402
744
275
362
809
263
454
808
456
228
283
475
875
186
719
895
705
111
410
112
379
998
472
851
212
169
352
770
419
942
134
535
931
613
835
235
859
107
724
292
313
830
264
97
858
174
714
188
885
996
711
587
709
666
721
994
925
558
874
560
622
292
125
748
795
120
613
309
126
13
305
667
19
964
119
589
650
644
854
88
258
2
992
480
33
725
947
574
512
873
841
198
459
119
597
452
814
197
486
787
603
847
201
241
841
345
190
139
174
775
285
296
412
972
737
844
154
339
210
580
433
390
297
456
863
152
364
954
113
593
785
954
872
742
383
59
902
226
392
502
355
109
995
521
128
406
399
515
772
144
953
686
212
71
254
554
413
814
204
818
782
535
314
101
17
318
713
548
32
242
394
923
372
264
846
589
16
861
605
840
788
544
182
786
534
963
621
103
882
700
826
320
434
500
390
338
769
331
953
488
562
685
103
677
118
253
801
178
217
941
655
256
966
7
363
99
17
691
336
644
242
478
530
193
554
891
656
26
685
952
652
267
719
928
611
529
508
520
943
147
792
945
57
983
741
537
684
781
386
77
598
948
608
815
160
311
440
696
740
388
24
955
765
401
141
974
858
923
51
461
525
788
743
941
704
640
669
793
967
117
317
93
992
620
73
125
983
248
954
424
278
210
479
159
554
102
567
684
585
158
918
784
911
569
868
421
199
40
611
445
294
501
847
925
612
408
584
762
340
895
794
126
667
553
958
207
869
239
601
493
522
527
978
941
904
959
697
622
306
11
387
111
62
715
290
156
485
811
473
675
163
600
750
575
294
956
992
425
715
975
711
973
412
786
922
752
213
688
972
668
662
524
744
245
99
97
132
811
687
162
754
341
136
303
904
486
963
656
241
943
496
577
701
241
368
658
707
101
763
986
335
137
606
80
983
601
961
437
71
816
959
593
340
794
910
496
630
824
167
121
582
502
535
611
607
444
316
253
89
231
267
8
80
52
518
282
947
0
779
282
40
559
111
123
341
415
667
408
186
856
716
594
459
690
694
353
417
859
363
156
583
596
884
350
761
150
146
264
321
214
399
205
436
331
702
45
345
344
377
361
106
306
688
440
635
687
551
589
87
657
169
38
705
470
657
536
456
309
511
116
236
663
415
248
501
168
565
19
812
649
172
249
536
299
743
479
522
913
983
884
101
282
386
869
580
418
389
51
944
717
616
114
1
535
336
272
801
42
842
464
536
645
658
827
962
582
627
899
189
772
305
691
791
611
91
821
812
524
669
697
124
945
145
191
27
546
333
778
971
159
864
425
628
450
269
883
883
375
818
511
592
948
571
517
609
607
695
676
388
768
669
40
826
205
391
719
527
644
723
977
726
712
251
26
666
274
43
638
391
483
768
287
318
556
967
238
695
707
147
548
313
818
744
43
85
429
445
430
761
592
855
105
744
883
615
934
390
587
782
438
129
454
455
241
428
442
130
226
101
570
17
185
270
430
52
918
113
422
399
183
516
260
539
870
388
811
545
234
669
87
114
209
911
762
437
343
933
328
560
565
367
393
63
640
72
744
187
637
906
428
569
503
268
970
963
140
181
397
844
306
363
956
117
137
124
398
309
565
838
468
189
83
994
586
785
341
378
356
266
948
315
178
488
737
334
23
21
880
257
84
221
57
467
380
825
116
684
707
19
129
930
144
516
473
672
540
809
652
201
230
140
0
874
764
47
338
462
928
59
157
307
60
766
108
729
724
443
477
187
463
724
221
150
377
82
282
766
112
165
240
440
625
463
931
898
231
874
286
895
983
938
622
455
962
589
791
618
960
423
368
901
21
659
461
581
427
675
233
144
85
136
62
740
978
717
907
359
582
862
649
693
153
678
841
96
178
238
101
818
220
369
482
254
810
964
303
780
498
467
180
611
396
6
322
192
150
915
283
909
677
277
214
62
826
299
497
196
950
627
891
244
19
756
125
978
209
299
356
854
242
773
567
985
819
332
639
953
159
501
159
80
785
214
905
155
806
956
859
902
660
58
996
717
251
350
351
229
463
933
179
288
519
207
452
304
773
805
602
947
458
623
899
708
77
842
48
618
304
30
65
26
568
438
494
912
735
673
499
771
279
509
574
870
957
155
472
794
799
589
766
649
819
908
964
53
318
135
341
767
110
229
25
676
661
891
75
618
170
9
837
544
405
343
538
419
599
598
712
325
948
713
41
551
630
721
948
551
959
207
629
501
403
629
317
384
207
630
423
326
962
740
393
536
710
400
651
507
931
139
679
91
777
875
980
650
399
106
825
38
133
369
859
457
154
617
43
106
3
450
7
721
17
796
827
743
421
443
884
979
931
840
729
18
945
441
6
22
850
971
558
15
179
494
412
647
416
663
990
70
548
603
703
798
12
934
424
377
631
572
970
927
229
615
946
692
376
183
177
126
563
255
103
548
941
460
452
169
602
801
563
720
639
533
355
698
167
294
138
275
903
471
944
58
379
733
526
775
787
391
706
87
517
692
896
994
192
550
110
990
650
540
140
636
999
397
518
704
822
480
695
735
554
913
916
761
314
470
802
885
941
631
916
52
54
252
726
173
119
568
287
616
429
187
678
902
200
742
621
717
837
111
274
786
922
157
751
23
918
621
288
20
810
26
589
289
328
372
923
602
646
871
819
195
783
188
150
915
935
213
715
781
256
657
543
248
430
663
64
49
587
824
262
687
55
781
806
660
592
87
869
531
522
326
949
868
108
345
519
117
95
988
813
139
259
792
746
798
215
996
873
322
45
673
415
625
168
235
542
710
211
131
646
101
479
265
482
183
984
647
725
345
557
25
591
459
154
225
376
774
915
742
215
15
368
469
335
600
400
208
687
670
851
234
308
949
568
125
406
231
167
218
628
395
772
87
380
362
472
103
955
878
726
628
21
603
39
887
362
71
75
472
822
598
877
153
403
869
569
188
844
272
100
685
368
32
656
931
401
284
51
648
1
776
547
639
113
827
792
389
381
938
501
456
134
378
637
660
109
939
222
204
73
599
493
622
910
794
286
687
650
644
917
662
445
785
118
293
700
690
901
257
874
573
675
650
724
503
935
974
935
505
476
457
89
240
300
751
960
134
353
993
843
183
755
102
643
870
180
969
597
85
84
672
31
812
121
29
468
952
230
445
910
765
967
413
903
30
126
877
652
1
910
149
127
472
642
395
847
417
792
679
694
176
143
302
591
882
226
810
393
794
672
795
501
25
217
590
320
694
736
467
949
101
40
357
978
892
540
467
389
280
46
723
204
574
867
150
22
573
418
111
136
289
855
733
384
91
257
471
679
347
36
239
295
320
355
887
922
262
182
400
962
182
571
498
298
923
140
54
864
888
134
479
261
24
585
182
475
797
768
349
378
546
711
819
862
52
532
30
193
811
652
863
88
262
963
63
85
868
318
192
401
983
625
550
547
947
488
708
402
317
252
146
171
702
85
412
223
455
262
375
171
798
649
820
989
822
248
567
817
485
861
9
430
830
263
464
87
855
690
969
577
502
425
716
382
916
874
710
676
963
246
708
702
660
923
115
860
497
208
204
489
153
653
516
425
585
925
290
573
832
745
426
373
755
218
807
360
711
634
693
707
262
655
827
884
864
269
231
969
506
743
556
378
132
986
47
160
781
742
151
576
905
226
75
360
594
131
445
837
484
448
28
391
634
525
735
865
47
402
517
633
519
320
458
856
820
991
108
886
884
7
180
965
191
625
967
712
142
720
772
129
671
34
360
228
413
493
157
291
804
48
401
950
883
119
843
958
42
810
856
207
739
907
59
128
957
794
228
904
795
607
271
943
811
10
437
982
458
586
216
692
356
601
71
126
642
441
762
769
52
837
207
703
894
822
690
924
880
521
444
932
636
801
226
140
388
998
703
945
676
713
300
112
627
250
443
195
399
625
139
965
910
894
325
171
585
581
613
94
219
233
20
481
375
908
986
227
919
600
505
802
745
725
685
565
140
840
424
747
376
884
946
525
492
415
101
205
665
204
438
394
131
488
327
121
567
403
154
865
816
973
824
731
52
955
992
197
443
373
747
529
72
885
867
494
608
85
844
883
296
733
635
947
307
232
43
778
120
27
478
330
442
153
673
650
137
438
104
220
830
670
984
569
659
8
627
20
161
916
886
304
835
910
431
510
696
23
578
207
142
15
779
946
353
393
253
634
524
314
513
495
398
959
371
776
333
706
214
386
865
344
175
288
774
395
830
767
549
791
529
980
845
627
924
460
675
958
963
55
288
452
0
762
9
859
631
696
154
366
710
29
844
661
490
711
982
15
821
369
847
917
444
21
73
980
325
925
9
759
869
677
371
359
399
233
283
640
89
167
382
857
729
897
559
999
517
457
597
382
159
177
922
838
199
870
70
822
354
760
545
559
17
169
864
319
340
295
191
473
709
8
413
998
450
329
893
578
906
419
169
69
864
890
529
860
229
331
168
259
224
898
879
834
337
741
155
353
955
761
234
777
903
367
803
289
205
746
579
689
662
295
260
799
605
361
880
684
539
849
827
377
378
535
198
923
737
575
400
625
854
578
671
382
211
760
244
47
79
503
781
538
332
203
244
72
312
522
588
650
509
731
131
212
404
74
131
544
559
650
443
97
787
848
931
138
620
351
389
147
402
206
126
39
890
26
803
581
799
881
641
761
423
692
805
319
866
384
194
635
93
250
64
455
965
836
481
634
647
745
104
642
101
832
675
606
642
984
31
466
790
281
866
495
965
546
867
942
433
189
13
641
936
171
27
623
905
61
766
194
648
904
338
815
153
620
855
593
129
482
586
418
839
47
667
495
858
505
570
366
204
68
803
535
236
306
456
732
698
421
366
678
355
530
527
278
740
276
574
549
347
338
802
865
304
870
490
996
939
499
566
498
168
650
958
31
293
281
420
562
612
881
868
682
587
378
148
692
913
373
710
902
547
246
386
171
676
83
424
27
132
302
708
7
799
763
90
382
886
126
377
206
491
612
260
314
189
980
459
932
4
891
8
616
534
144
533
285
616
250
83
857
40
196
486
447
719
722
60
120
364
284
244
371
948
556
739
834
845
308
745
179
337
881
779
583
481
638
641
683
55
919
207
104
445
83
49
705
507
636
736
24
867
823
969
558
817
458
37
334
7
727
507
564
309
988
992
927
717
627
313
703
757
989
704
805
821
262
802
903
96
789
825
508
495
659
373
466
945
445
165
353
871
55
147
219
307
439
414
691
737
979
81
16
486
761
312
380
469
1
691
557
969
96
883
239
724
660
906
979
525
879
271
1
296
866
390
701
832
375
606
961
184
363
364
47
631
894
110
721
257
896
674
215
234
882
355
164
357
950
917
678
891
645
24
768
535
539
417
110
382
280
503
195
869
581
848
674
250
233
580
128
860
200
513
266
207
191
549
17
431
334
947
390
94
906
404
275
960
550
726
176
843
285
723
887
77
255
688
341
710
950
526
845
548
347
166
530
108
306
220
400
62
87
710
512
930
507
966
991
135
111
907
569
59
411
470
119
244
60
544
82
956
664
257
19
643
511
147
90
86
216
293
582
430
461
819
551
284
852
627
6
944
914
594
533
536
550
461
520
925
720
148
520
810
420
200
264
830
535
486
302
944
637
283
408
762
204
711
775
630
848
806
845
710
412
281
375
880
386
372
710
437
95
880
976
715
46
608
414
544
63
841
466
143
108
43
264
215
144
788
453
327
964
388
384
486
439
259
531
998
650
150
421
193
781
344
48
555
905
525
707
151
995
786
379
910
930
392
467
289
85
16
12
464
180
616
394
164
9
635
310
686
610
367
593
891
807
896
708
118
554
250
857
965
616
844
253
569
762
647
516
548
232
357
145
751
291
583
609
163
109
503
435
101
8
84
142
631
431
580
207
33
381
124
853
599
384
226
51
92
897
571
657
524
460
145
663
607
446
4
648
353
895
346
566
846
110
345
112
363
99
496
757
647
37
694
595
617
529
442
825
755
11
225
141
572
60
183
467
692
697
644
226
80
188
120
100
301
977
833
91
9
550
800
883
141
319
260
247
454
598
599
187
667
236
293
540
617
558
410
263
242
839
731
117
493
894
772
169
271
492
569
418
174
268
81
268
469
895
452
253
540
627
581
135
511
415
546
721
143
534
80
290
246
845
612
555
676
611
180
215
758
196
468
251
990
497
493
444
301
960
583
545
901
804
511
822
108
273
900
393
426
758
196
485
427
655
403
585
368
629
115
309
584
645
479
176
484
354
609
32
321
151
348
823
806
453
907
990
132
709
200
609
422
747
169
726
606
560
933
908
799
586
405
436
961
162
285
574
686
97
393
651
691
200
468
786
947
275
596
226
117
528
594
723
670
146
93
161
681
173
678
606
859
109
702
242
259
880
403
585
654
388
410
498
833
918
558
216
7
792
86
935
443
830
749
596
431
542
467
249
938
169
529
844
633
810
738
395
908
706
972
878
305
814
158
944
190
446
940
579
663
354
813
904
72
187
438
968
133
987
303
498
325
858
74
385
28
574
77
41
959
46
997
911
403
515
770
338
238
475
802
25
191
508
909
409
634
778
184
131
827
893
37
369
644
42
951
563
650
243
707
547
729
38
394
408
287
559
59
291
22
979
133
844
931
466
130
439
428
776
167
889
943
928
1
225
485
653
353
405
829
551
296
722
444
902
725
623
643
414
219
519
225
672
40
249
823
944
80
342
242
224
193
758
875
401
870
287
411
216
327
987
10
797
472
228
278
804
45
215
777
285
423
299
179
278
744
524
150
851
59
832
337
167
967
749
116
178
562
37
722
599
506
592
13
825
7
525
499
761
124
812
461
247
236
402
57
826
601
937
245
885
207
947
404
441
392
748
446
153
864
42
999
246
401
562
281
639
305
807
173
900
902
889
173
79
100
184
997
504
614
100
864
100
808
707
175
137
509
173
844
593
756
216
805
120
957
947
252
723
866
513
10
279
809
92
187
603
117
394
717
548
459
737
411
723
763
443
7
196
173
182
819
686
818
691
120
466
893
688
184
706
518
28
733
711
54
111
893
174
482
60
701
465
110
475
594
422
994
119
334
430
258
561
864
324
87
543
452
407
731
357
690
614
681
974
19
624
859
599
493
277
158
464
95
924
24
712
872
353
546
612
531
802
408
699
508
23
589
577
398
12
123
886
669
181
472
635
78
445
484
864
335
218
87
428
153
512
775
74
338
296
207
109
687
253
924
64
30
436
921
157
401
773
474
695
183
554
469
253
916
443
708
374
225
979
343
268
302
458
703
607
388
168
470
751
911
779
121
404
585
461
615
389
370
862
139
100
138
833
565
835
249
141
712
509
469
162
412
299
819
630
243
145
234
620
369
517
792
111
948
883
752
728
251
528
915
378
747
345
267
422
365
622
727
616
347
473
800
749
297
893
147
736
808
653
391
719
605
763
318
134
17
385
568
136
897
607
618
670
222
393
806
318
775
860
124
944
866
526
734
7
394
207
802
267
409
32
824
479
711
62
779
124
539
10
445
473
998
952
618
293
687
994
982
43
504
289
891
233
392
528
155
741
258
868
812
531
651
660
713
592
681
873
77
556
678
257
746
984
644
327
712
692
835
319
689
339
285
88
368
878
498
706
338
161
431
745
630
486
170
710
358
124
952
688
895
443
568
52
140
119
296
246
942
759
5
819
17
737
816
741
200
572
763
442
905
97
508
913
154
654
624
473
282
184
657
248
389
757
274
749
128
428
479
940
346
97
545
899
443
537
31
293
934
590
16
666
394
63
269
112
7
88
364
475
67
673
518
173
452
341
490
802
63
145
627
762
784
479
124
211
3
727
20
635
814
369
925
423
233
321
758
939
318
231
64
767
323
170
861
834
727
248
524
773
584
516
914
726
570
117
618
472
580
359
805
539
421
713
141
678
388
666
603
581
533
472
152
8
695
503
129
883
554
450
715
291
118
0
278
316
718
590
118
140
131
110
597
962
430
401
388
689
525
982
808
867
207
727
913
972
522
748
517
908
313
214
988
536
388
786
28
822
399
775
701
83
77
182
495
500
757
670
455
5
738
937
729
464
984
639
671
589
362
77
247
266
865
25
346
776
879
76
945
971
834
188
667
939
627
733
961
707
766
92
834
894
20
496
114
505
164
701
653
776
817
166
818
689
109
702
450
679
419
628
416
820
457
513
890
567
820
710
197
629
734
974
392
95
546
814
31
992
448
933
879
986
100
916
497
196
513
67
432
321
723
116
724
791
882
120
409
259
594
805
609
598
856
569
30
550
327
414
916
892
623
946
547
645
975
969
386
359
410
321
790
26
933
866
147
320
528
904
946
170
339
159
280
665
216
153
199
502
278
230
805
926
430
457
914
438
302
307
232
111
442
703
883
309
939
481
831
154
824
451
433
378
257
190
470
882
354
393
887
930
604
385
982
244
15
886
450
545
556
933
655
551
8
15
841
488
946
357
78
409
373
646
179
693
720
296
135
862
795
814
804
304
933
196
515
906
568
404
239
833
838
931
826
651
677
486
788
445
509
211
179
26
507
557
564
568
334
79
814
960
766
788
503
418
252
857
561
587
597
776
772
828
728
82
615
552
967
935
673
585
122
445
994
280
694
99
551
295
981
337
545
21
879
214
367
93
7
998
850
883
920
238
174
109
518
564
425
625
201
896
212
257
683
225
862
751
91
525
560
943
754
281
491
576
819
897
629
126
456
917
651
759
479
225
753
191
643
263
668
259
255
578
96
991
333
626
253
292
837
207
972
810
641
867
136
661
821
737
504
279
84
156
153
890
389
198
335
544
84
526
708
113
805
276
146
104
60
972
914
450
200
484
583
340
854
364
716
33
217
489
58
885
863
582
430
984
574
384
471
434
134
932
197
855
752
592
5
112
724
883
241
6
577
161
636
427
324
614
803
759
475
582
775
892
28
455
543
406
591
13
283
506
962
392
755
962
443
699
261
211
40
283
614
387
170
714
272
2
376
359
73
508
896
92
748
871
304
940
697
592
915
830
783
188
263
555
650
998
947
144
760
812
149
880
541
478
289
794
142
837
918
786
282
803
915
182
677
716
399
663
286
952
110
226
728
701
559
490
398
661
194
724
95
609
143
607
770
842
674
558
387
279
330
491
778
440
249
465
501
886
485
430
124
868
365
283
450
558
848
562
475
613
230
91
9
229
10
771
969
171
31
121
594
381
240
374
869
408
404
361
304
624
358
92
85
576
186
86
416
550
300
326
965
770
794
960
439
235
114
39
206
894
254
304
360
780
219
999
616
726
794
617
203
800
637
165
231
551
59
719
118
264
479
225
840
967
659
576
944
552
514
913
517
318
714
151
368
966
16
371
53
87
990
814
930
176
776
253
164
325
852
345
153
920
807
897
937
208
132
71
182
697
639
437
514
936
312
330
55
960
187
692
617
470
692
99
328
253
737
920
754
151
351
505
461
865
870
146
690
226
425
376
597
432
93
805
969
951
67
364
568
854
488
840
112
447
953
261
82
835
204
74
851
152
34
674
813
969
1
358
328
568
950
624
578
10
463
159
14
575
167
98
256
740
906
354
526
519
240
144
707
334
279
40
501
677
72
745
278
434
460
650
231
407
256
619
864
875
379
621
205
309
744
991
323
694
455
662
632
193
573
992
535
634
756
845
779
25
574
882
947
754
755
451
580
522
114
333
324
375
339
413
738
860
627
184
196
976
601
360
304
338
445
544
148
747
24
253
897
432
7
536
625
491
881
108
281
413
488
64
738
530
260
378
50
528
2
617
823
677
108
133
811
685
107
893
795
677
359
604
994
543
855
321
907
850
923
697
244
13
894
907
245
88
258
528
863
878
116
397
217
195
222
319
118
902
107
906
795
428
541
398
252
265
570
134
334
611
333
94
463
157
809
888
802
60
272
299
510
930
634
986
38
964
905
180
915
818
25
468
94
923
109
151
930
579
589
518
581
482
531
599
511
193
356
588
948
956
580
768
516
695
826
625
481
190
131
807
672
565
570
63
808
368
533
772
544
784
810
499
965
835
281
881
489
182
803
139
287
898
424
745
987
529
927
129
631
203
166
84
703
169
169
343
990
461
591
23
746
124
328
1
98
674
810
766
431
624
819
176
280
275
201
780
32
772
965
836
395
336
558
887
614
420
274
39
307
815
503
270
212
836
320
470
503
394
707
244
831
794
111
752
43
500
931
164
688
501
369
646
442
425
529
628
55
586
458
507
364
227
867
676
121
347
720
220
680
553
672
886
148
608
715
623
811
71
337
181
645
144
382
397
959
66
409
968
856
942
275
153
173
331
557
317
55
254
707
192
130
353
229
312
713
262
907
72
765
217
48
787
421
280
24
307
287
207
27
589
932
564
219
651
377
44
274
934
721
616
549
485
529
920
221
22
700
49
932
944
516
542
628
939
210
305
395
957
261
196
547
201
46
929
86
406
164
106
702
537
155
453
274
168
808
808
877
493
479
485
537
506
197
434
745
407
482
616
876
206
22
221
13
359
116
368
486
229
44
225
477
588
514
434
519
125
499
486
697
767
32
317
494
44
28
945
451
77
663
912
838
179
997
982
180
163
361
206
665
589
898
436
954
394
408
650
375
159
167
406
37
18
2
309
408
464
780
966
949
304
863
133
325
192
999
330
109
18
704
821
683
210
316
81
843
839
762
290
359
787
864
212
221
9
377
386
674
690
905
103
844
236
37
388
765
504
791
679
156
22
559
508
678
479
142
627
578
95
804
397
969
117
969
964
756
528
816
367
912
423
728
262
100
845
780
48
299
552
66
375
613
725
321
661
504
433
539
645
676
310
170
768
835
176
759
666
207
611
437
8
958
923
300
57
537
143
682
966
674
763
948
311
339
153
898
4
364
548
912
