329
72
375
192
932
379
876
208
45
426
496
415
94
763
75
900
999
496
518
360
786
273
107
656
2
466
91
44
4
783
66
632
470
608
28
76
429
773
235
585
138
727
112
955
308
168
607
110
945
608
647
678
421
61
198
167
950
814
956
181
470
804
734
729
759
350
851
441
493
23
91
243
4
726
658
54
723
786
644
828
328
776
315
640
555
234
820
456
647
662
520
39
699
272
646
218
742
461
830
892
113
293
440
217
438
692
122
612
374
413
152
381
41
187
566
882
198
974
953
880
435
494
228
366
646
32
335
78
9
538
737
106
204
803
886
567
629
716
635
8
98
542
702
874
7
486
187
471
923
700
714
594
437
220
580
318
604
894
691
10
435
576
825
501
652
110
321
738
195
899
626
944
123
279
74
553
167
229
455
365
182
48
593
634
545
433
251
610
985
776
792
849
433
620
962
818
955
760
885
805
38
381
346
55
445
278
128
373
147
708
413
958
146
134
131
909
236
908
189
752
968
584
384
472
614
562
271
813
70
151
862
788
410
861
472
632
795
214
884
163
433
358
90
687
77
282
604
758
408
535
343
714
895
204
257
250
622
678
732
153
168
702
152
740
385
248
471
880
675
203
578
542
796
408
530
261
561
577
88
610
300
87
605
757
632
640
437
827
157
315
582
620
55
417
440
601
729
866
524
292
47
417
166
651
593
829
479
50
635
525
371
316
937
376
274
102
872
254
810
912
168
318
25
617
205
340
768
885
693
550
803
542
564
764
156
637
842
811
656
467
71
68
874
472
261
749
611
511
811
171
971
444
162
194
688
339
351
284
389
791
857
713
879
43
341
105
945
24
582
771
831
92
952
473
655
827
731
467
443
261
164
124
147
612
759
428
392
551
505
43
851
16
370
183
212
663
728
547
775
713
774
436
568
841
955
40
559
432
655
173
863
724
161
52
712
651
715
592
828
18
119
999
303
230
819
715
991
158
623
389
203
323
255
616
952
477
732
693
374
956
301
600
90
96
868
206
997
309
707
82
977
542
572
795
259
324
392
986
940
716
271
669
537
131
350
996
907
926
943
269
17
610
786
552
905
276
794
9
813
111
770
173
194
608
613
162
68
479
541
552
70
564
476
310
78
924
758
219
804
223
576
210
378
294
449
345
63
950
230
758
926
860
740
645
796
500
534
715
543
426
527
584
977
44
881
213
740
562
652
498
127
211
194
90
607
133
783
710
929
873
574
986
467
649
630
672
554
94
667
639
342
834
649
39
562
503
28
188
664
178
971
5
257
696
250
0
938
339
70
508
738
192
868
186
472
177
483
328
337
594
248
251
767
338
639
137
589
24
63
905
375
191
167
783
422
112
788
472
73
522
932
254
375
849
845
712
193
504
815
18
661
292
136
620
412
118
166
625
485
964
287
183
571
78
924
317
121
528
804
398
398
688
5
161
428
246
485
362
290
707
886
817
201
215
848
877
883
715
257
708
223
560
55
201
953
194
662
395
607
460
941
54
703
153
803
881
220
948
311
587
743
797
669
194
401
505
612
658
550
260
484
518
86
526
165
174
254
239
554
741
243
144
773
365
494
256
908
225
363
759
673
327
52
827
535
833
338
972
568
695
539
894
179
786
39
11
835
151
484
650
859
590
218
608
22
157
401
409
627
886
286
715
941
131
453
440
288
241
88
446
47
256
701
428
243
61
645
907
286
201
801
574
998
978
247
384
413
828
883
585
92
372
281
868
160
833
718
144
85
759
110
889
463
17
167
362
983
530
517
682
562
465
175
16
70
87
167
204
533
237
671
971
780
406
527
334
613
991
675
72
769
703
728
66
642
23
543
557
771
743
962
627
595
705
388
563
278
591
814
911
84
420
875
180
462
137
988
725
26
815
312
715
968
612
51
869
404
908
968
328
156
173
49
460
460
743
587
99
45
254
310
655
604
422
162
142
286
457
342
548
849
511
657
670
902
283
435
654
531
142
878
72
549
43
630
744
634
846
591
45
316
754
238
774
602
645
200
520
881
890
310
697
479
114
370
820
544
496
459
777
393
416
932
608
666
683
372
778
89
778
750
413
737
628
392
138
202
439
880
20
289
535
90
790
96
29
743
897
249
934
688
842
611
350
400
293
711
562
807
88
981
680
611
261
495
171
592
821
559
86
208
638
636
524
294
721
600
530
188
58
277
154
869
965
909
701
541
721
33
692
36
188
289
546
905
267
435
977
731
588
206
328
563
290
918
942
701
52
114
207
838
427
656
336
399
525
699
231
559
923
43
396
855
363
643
190
462
283
199
307
461
547
36
400
517
421
225
257
220
916
587
958
95
598
767
491
633
640
457
498
314
660
665
334
315
793
93
743
149
360
289
701
881
126
930
898
306
467
635
513
135
5
551
101
76
577
917
400
112
344
178
721
970
282
416
200
988
970
75
49
730
118
148
530
460
281
151
459
630
422
751
89
393
227
34
919
226
504
103
354
520
219
795
256
387
809
107
4
848
946
83
952
233
986
517
903
657
688
774
613
165
29
338
110
574
50
447
80
707
870
703
983
188
483
40
171
985
28
790
223
144
277
55
416
230
319
463
760
372
854
714
110
459
521
127
532
267
454
996
629
620
695
363
881
56
701
548
238
240
831
901
420
18
855
837
893
740
449
622
488
563
105
328
817
20
72
66
526
475
91
283
64
50
320
46
564
529
973
597
733
580
855
885
304
50
916
463
876
233
613
230
788
623
724
132
90
124
318
407
841
659
772
385
647
527
156
797
749
306
367
725
133
337
415
665
95
835
807
105
288
416
511
660
295
239
26
97
501
887
573
34
809
527
983
65
917
145
224
859
432
297
319
457
249
211
987
709
732
266
878
89
821
661
337
987
158
349
352
884
14
649
676
704
921
922
534
921
366
914
831
204
57
151
977
389
628
438
392
773
636
75
659
81
759
868
858
879
669
877
171
130
706
607
620
524
630
169
23
795
158
536
741
828
483
346
272
652
508
823
170
54
67
136
987
542
746
130
243
756
608
44
861
725
523
883
475
51
731
807
372
348
649
62
543
936
395
478
826
59
141
416
307
259
389
688
771
108
282
17
842
623
178
29
611
913
55
794
93
31
493
728
162
432
531
855
40
819
692
286
633
550
913
822
218
848
821
301
525
175
924
22
50
819
768
757
289
916
985
368
389
950
16
114
469
266
737
785
716
753
547
583
883
561
678
37
656
26
207
123
726
418
266
973
368
148
597
904
723
480
445
298
127
980
280
470
137
831
246
967
56
590
332
276
610
400
206
970
243
772
161
471
818
570
466
306
783
871
486
617
716
554
519
850
920
843
536
602
82
412
654
908
232
591
450
650
723
542
983
903
630
866
333
853
796
723
415
961
100
535
215
404
178
534
292
917
675
105
221
258
804
242
69
726
519
375
915
260
331
769
420
177
326
193
711
120
746
593
525
431
258
208
3
438
56
743
230
856
484
1
322
946
450
720
47
424
265
762
656
919
28
851
225
165
590
555
580
572
135
368
96
430
285
790
584
787
369
675
747
389
328
584
972
372
682
65
336
766
882
365
344
702
434
560
26
869
915
606
376
430
102
51
533
75
74
766
391
542
586
628
54
434
682
112
383
815
734
136
773
268
559
435
821
342
803
582
20
527
872
46
743
610
413
151
327
443
84
643
647
339
688
295
179
337
759
295
767
349
580
818
225
317
180
872
572
938
114
335
353
661
377
637
428
515
974
568
817
464
984
593
610
776
333
504
462
208
666
296
839
770
102
443
447
119
612
304
992
223
3
928
591
549
139
329
604
838
430
10
553
912
513
301
724
158
366
794
155
81
479
832
363
675
257
134
285
821
723
344
334
977
121
501
969
545
169
61
451
78
689
424
130
885
171
546
827
508
423
322
431
346
419
626
393
820
841
601
670
3
597
307
274
699
570
698
323
471
776
862
572
960
748
552
928
221
3
236
113
595
876
188
804
653
994
474
971
752
466
494
543
925
831
533
983
137
336
698
569
42
619
686
492
271
504
252
32
346
685
639
595
178
881
628
136
32
654
500
998
723
272
402
994
855
789
467
642
17
584
747
392
229
598
899
111
656
708
376
508
578
819
64
540
619
58
502
214
190
142
781
669
114
255
688
853
269
122
152
343
676
655
279
890
206
510
793
648
830
187
50
946
159
187
34
289
762
330
533
634
962
323
104
205
489
35
686
323
299
66
432
433
968
431
914
141
272
126
746
900
638
489
380
757
223
441
153
646
84
991
255
377
770
19
449
562
219
480
198
176
70
946
863
365
545
85
458
364
662
747
484
686
996
881
411
313
364
272
690
518
852
739
181
29
697
689
604
895
445
529
765
56
152
45
386
575
162
821
929
243
342
176
266
147
619
113
843
218
140
508
680
558
863
836
974
764
987
146
614
81
490
172
719
111
262
503
356
162
192
642
677
262
435
818
769
47
287
51
656
524
306
90
695
681
241
116
605
440
572
257
82
564
263
267
168
313
612
469
577
307
574
490
335
249
473
604
659
166
597
917
374
436
850
677
355
901
701
344
917
335
608
323
588
499
279
931
11
643
262
570
917
893
145
88
518
177
452
578
918
403
193
393
880
957
63
785
985
260
231
20
899
236
634
667
905
171
559
952
237
664
185
811
997
350
292
639
405
520
240
72
741
915
598
388
763
322
999
443
68
842
756
468
995
403
912
213
100
816
90
230
954
555
751
27
276
568
44
645
951
580
553
188
485
73
416
82
971
25
317
894
848
901
696
732
721
177
677
910
129
253
981
249
702
354
213
599
327
927
596
804
297
360
579
567
305
402
485
159
699
381
573
63
729
982
398
752
728
760
997
377
37
95
364
517
332
593
848
706
112
752
345
153
367
296
170
71
485
170
94
271
833
339
899
361
172
772
803
51
877
878
292
995
754
946
97
686
98
682
570
376
901
871
879
880
148
64
626
743
813
996
521
966
559
13
11
961
388
577
810
59
644
958
822
327
566
881
171
696
898
458
609
910
961
256
825
725
406
773
159
436
182
781
218
567
466
633
73
114
774
530
416
474
649
76
192
929
301
625
900
302
217
638
959
615
481
174
899
764
999
233
301
617
643
409
364
576
886
209
889
880
308
491
664
86
56
724
692
494
113
5
880
814
386
153
602
623
200
310
810
665
468
378
360
947
856
588
28
539
478
803
783
552
524
199
183
929
260
562
383
321
184
50
277
26
947
807
780
203
634
507
770
200
169
643
268
628
10
537
798
166
712
682
623
949
201
651
960
80
634
419
885
999
301
772
676
960
814
684
763
207
587
75
510
301
249
904
197
475
3
332
908
131
990
962
589
595
40
610
112
72
670
33
554
835
117
183
579
498
952
892
369
69
736
359
851
947
898
381
160
618
513
803
197
719
565
144
269
119
836
585
354
715
68
458
906
201
994
54
46
477
205
692
92
188
316
350
124
80
598
686
359
653
40
856
955
46
856
238
147
349
801
460
243
902
279
441
538
558
714
558
328
621
336
30
631
253
827
378
854
158
953
600
599
360
762
583
146
988
853
90
291
760
387
239
991
980
53
114
292
645
176
946
422
38
470
632
205
670
81
904
292
931
465
286
741
688
917
38
695
229
862
119
321
380
254
277
289
883
80
721
517
339
17
520
603
860
443
197
748
411
787
571
859
961
393
475
195
17
684
431
318
13
160
425
58
805
927
34
301
646
828
355
330
323
816
281
956
35
963
225
631
118
308
360
30
773
940
669
486
445
300
62
834
424
767
20
136
152
761
540
536
680
295
618
261
90
921
124
868
966
810
992
346
654
368
235
946
771
399
728
907
842
272
913
23
609
46
660
672
585
601
333
662
271
347
764
452
554
160
811
520
419
475
463
296
476
988
296
58
463
670
182
756
492
820
482
851
590
915
454
415
778
634
290
18
101
414
588
857
74
578
195
3
453
972
928
375
822
547
738
739
645
516
460
455
518
828
717
511
9
224
716
887
202
936
94
313
432
282
670
370
427
890
7
66
679
23
881
762
424
841
357
152
480
70
903
350
948
317
359
161
176
514
476
557
386
87
14
478
66
187
854
121
204
596
756
785
846
1
389
453
316
674
103
510
358
609
210
103
275
73
316
45
229
180
649
574
424
547
30
542
24
719
184
996
502
829
254
803
150
669
744
12
489
275
594
409
586
982
625
948
710
863
808
246
413
420
623
356
640
217
377
772
782
248
377
565
151
671
616
148
932
488
334
163
432
7
27
548
751
324
552
355
402
680
894
433
180
180
218
109
597
868
36
485
904
291
747
106
370
625
528
969
818
375
843
678
663
314
581
67
795
646
555
855
178
346
955
337
822
593
943
891
579
481
987
364
314
988
732
518
60
964
215
902
532
908
435
681
314
793
397
787
576
527
86
859
658
848
483
819
863
63
496
964
406
435
761
374
15
807
399
28
184
934
524
302
448
459
507
248
340
551
983
896
859
532
62
765
895
206
657
371
219
945
347
930
372
86
651
846
453
535
16
266
891
793
33
406
985
66
422
551
281
160
670
5
256
233
405
280
141
256
826
795
710
365
963
915
214
142
29
977
671
385
556
891
152
628
346
169
219
219
872
114
214
80
911
543
363
145
793
743
214
843
289
146
99
381
876
538
274
295
970
259
112
273
253
114
603
248
77
515
281
995
573
21
846
380
621
921
672
274
661
672
928
930
579
18
840
702
586
514
755
246
823
558
629
379
49
429
777
507
868
322
729
214
417
717
989
983
606
744
27
734
117
350
351
586
988
159
583
228
465
761
558
462
656
785
259
586
250
351
85
760
3
327
181
231
537
812
456
397
548
271
96
58
766
181
774
662
352
790
693
658
38
474
590
556
184
198
668
36
318
356
235
627
648
505
98
60
359
303
402
194
267
851
34
857
194
553
873
569
266
883
455
229
499
713
351
690
468
658
189
555
704
312
344
481
781
761
125
175
817
922
856
155
193
735
335
297
615
702
220
642
135
505
999
697
654
257
222
902
368
632
538
428
740
751
904
541
710
974
160
245
66
306
453
403
912
920
753
980
704
736
693
882
426
773
690
970
346
672
335
43
543
564
343
522
527
341
726
331
41
74
464
954
302
409
246
543
124
777
309
55
577
235
525
63
464
810
284
228
827
993
836
454
622
579
952
755
347
606
334
39
344
633
24
393
329
572
13
449
730
303
944
918
446
971
970
212
245
780
433
42
677
808
107
146
560
729
400
617
14
30
572
14
807
856
14
199
927
240
761
415
78
158
724
949
947
132
543
334
324
465
428
985
493
537
888
771
523
281
13
745
867
929
69
35
291
490
157
905
141
623
420
284
772
321
62
791
76
610
929
575
378
722
179
533
293
640
710
101
952
608
809
551
814
539
269
426
136
188
649
440
789
135
218
253
271
244
298
961
94
33
827
93
891
334
537
570
587
913
665
885
518
945
138
782
675
224
207
424
842
154
61
99
253
650
15
69
828
324
124
55
108
29
346
139
163
782
337
76
858
640
462
678
487
329
578
556
158
772
727
848
260
55
23
700
464
894
712
656
918
701
432
229
849
770
392
310
853
825
368
766
766
257
0
588
88
291
310
427
308
123
569
678
843
168
529
921
778
653
920
490
530
194
297
334
243
100
428
369
85
945
587
565
955
632
124
699
4
972
811
416
359
522
954
582
402
376
160
420
815
173
540
936
964
919
205
328
886
296
288
472
33
298
796
845
38
617
61
224
225
696
11
422
941
931
502
701
447
683
208
73
460
617
583
37
120
578
238
221
372
760
184
727
875
25
560
626
241
400
39
54
824
482
379
819
569
819
72
326
452
895
837
526
435
820
974
29
129
236
866
826
410
649
480
747
183
385
651
655
658
185
183
913
712
854
166
449
783
430
164
893
173
973
619
85
266
60
948
548
420
916
155
930
21
544
533
646
387
631
785
801
380
673
232
910
67
121
338
677
395
201
887
223
895
332
694
179
164
644
653
615
108
891
414
211
592
767
11
167
137
871
6
564
883
922
895
224
318
935
850
139
618
718
260
71
70
629
602
972
133
151
366
553
78
448
727
983
767
443
36
759
629
964
485
660
779
257
431
955
124
859
369
543
542
587
959
113
429
559
203
428
817
867
186
854
910
68
154
155
670
977
998
148
125
242
548
965
688
906
164
755
770
345
349
116
373
74
749
465
602
492
156
590
917
379
886
459
959
766
235
35
737
267
589
689
67
655
646
346
830
442
523
677
508
998
776
455
898
368
889
820
254
816
195
664
179
963
477
91
767
680
806
266
741
871
268
258
643
988
742
688
458
491
303
44
13
190
744
484
601
618
696
469
632
728
658
956
777
487
803
954
671
406
711
622
972
615
383
404
763
391
985
563
287
11
221
188
146
500
639
591
646
171
557
56
618
711
62
510
906
99
741
596
998
821
586
993
972
737
587
562
60
972
268
95
417
772
40
674
7
565
450
43
165
414
621
49
841
586
340
476
306
27
366
670
726
409
186
576
104
711
611
888
325
638
313
711
380
819
580
681
112
564
45
174
939
705
938
53
232
725
110
104
933
35
251
211
803
197
789
734
44
903
468
506
952
18
413
256
196
677
598
5
864
246
972
898
786
894
411
783
236
355
569
911
975
415
503
519
595
197
77
1
412
611
65
669
466
323
860
878
205
284
601
258
387
294
123
652
776
707
113
940
993
920
169
805
21
99
695
263
192
398
751
275
837
993
119
148
535
998
746
573
500
150
946
405
63
401
325
551
16
547
555
38
282
233
801
262
145
955
349
126
342
964
199
49
809
564
608
611
474
495
514
913
132
542
812
145
70
459
392
137
854
321
722
787
276
330
535
710
929
259
688
328
707
690
554
127
510
744
827
159
120
648
810
781
384
175
995
506
580
214
207
340
311
51
820
478
403
766
446
960
392
831
505
689
857
613
330
776
127
928
545
971
188
776
37
238
654
295
748
173
367
809
917
813
269
564
980
868
722
786
409
73
26
219
902
678
828
224
451
730
256
490
848
635
483
425
142
744
802
728
82
965
409
662
647
0
662
552
719
776
174
945
286
341
635
195
739
242
362
135
451
151
333
473
140
715
409
495
355
103
222
504
418
814
862
185
890
32
244
123
72
174
467
888
655
407
160
428
755
865
229
704
165
620
554
457
392
168
34
903
790
934
463
330
935
188
323
15
8
682
717
24
716
290
652
466
818
789
235
40
658
631
713
917
733
324
180
766
936
349
697
429
716
811
434
930
790
308
156
308
310
362
604
349
934
257
342
12
417
433
626
236
821
345
531
666
726
213
805
660
849
590
467
108
41
104
450
820
682
921
877
147
400
884
421
205
754
661
853
953
201
608
816
812
703
714
495
340
6
169
3
943
806
760
547
345
753
258
