840
357
394
957
987
618
104
544
437
449
998
210
353
40
482
451
547
640
614
105
207
111
44
791
543
954
63
426
401
655
91
13
459
424
987
332
188
876
733
597
464
719
940
202
975
474
2
219
826
189
80
921
187
953
699
325
385
346
348
399
565
625
61
499
348
176
891
573
936
695
764
221
405
300
799
886
358
206
834
776
153
418
867
37
710
894
887
377
359
203
961
290
932
665
608
511
526
186
943
101
229
696
34
389
625
442
842
929
993
705
93
437
388
314
885
490
338
820
235
797
45
136
528
799
793
1
984
301
766
633
683
880
134
731
753
63
871
335
858
528
14
959
791
773
86
521
280
979
756
677
155
310
328
470
829
409
242
85
49
362
926
785
258
841
150
963
207
752
475
662
242
230
752
636
252
790
779
779
65
453
480
358
931
145
11
248
590
740
74
523
79
456
925
614
106
380
795
598
30
85
242
347
311
512
195
587
168
691
503
244
355
491
466
251
359
768
611
466
589
453
500
773
575
228
933
869
620
903
511
62
844
48
959
787
549
41
898
858
808
656
711
105
235
410
382
991
468
33
627
944
142
32
470
920
203
955
42
929
199
771
992
192
172
903
7
41
655
510
386
963
847
913
671
557
773
462
423
592
268
774
527
759
71
360
906
512
577
743
737
286
269
678
472
760
826
868
757
329
714
339
824
506
424
874
770
541
124
290
315
824
237
877
212
145
273
474
261
817
332
357
309
825
746
828
548
353
59
77
734
968
458
947
414
477
417
455
548
300
197
186
629
516
994
736
189
797
851
513
524
854
688
546
434
5
20
0
856
416
345
300
85
776
523
474
73
766
270
516
689
126
828
715
400
863
543
837
695
612
479
442
761
381
609
640
453
198
173
207
736
177
178
591
982
984
224
141
533
186
465
133
631
631
684
377
122
7
528
839
765
676
922
728
193
816
35
365
753
296
330
692
296
272
489
753
886
673
789
760
662
357
151
342
479
427
331
287
509
454
882
369
787
280
560
328
560
420
827
971
859
400
646
636
755
649
490
781
888
657
816
350
272
571
333
123
71
407
18
305
166
345
951
217
286
692
404
797
185
244
428
768
214
425
902
331
119
775
33
209
936
370
771
387
199
159
46
688
466
894
935
124
969
804
21
802
905
157
667
596
762
558
594
735
894
975
910
60
199
943
498
344
547
307
18
85
350
559
102
65
637
45
830
804
290
666
199
824
145
341
280
817
590
284
377
531
736
7
929
323
374
285
497
414
565
173
947
373
195
693
465
450
595
710
259
972
349
409
809
358
649
482
616
863
0
915
989
594
559
532
620
949
705
125
699
382
424
126
24
978
104
54
363
95
64
423
281
825
350
211
743
370
669
696
751
202
254
678
218
215
864
930
170
901
541
691
227
246
43
729
845
357
955
397
160
501
649
620
597
622
745
405
725
911
10
210
929
15
954
347
317
173
694
5
129
920
660
274
477
537
207
802
112
573
766
488
725
14
81
983
187
264
41
355
832
721
740
468
681
674
473
652
552
946
958
186
427
322
323
935
861
603
426
942
3
75
654
697
909
439
373
958
630
786
628
648
514
180
677
634
500
62
487
358
121
57
43
116
164
574
910
414
967
616
391
112
778
14
823
877
468
364
696
100
579
697
844
89
993
68
299
320
533
671
928
685
539
878
593
911
273
329
945
699
239
132
11
132
723
336
869
807
798
890
575
5
966
641
718
466
560
901
418
939
169
947
696
461
874
349
989
399
438
230
344
113
186
843
73
718
72
125
828
493
463
259
693
542
714
85
7
527
563
443
93
758
588
403
843
33
218
554
874
801
879
882
414
157
402
585
110
587
341
258
720
217
835
781
366
490
780
41
249
508
694
962
504
174
330
701
461
614
112
33
500
432
687
352
841
235
69
18
189
942
711
50
764
152
119
930
39
893
103
274
961
500
198
662
0
205
54
29
337
568
630
725
8
921
563
852
587
895
670
138
682
787
682
186
222
78
357
55
91
468
129
428
11
852
805
747
920
857
852
846
77
411
946
116
985
150
271
348
266
13
777
589
242
679
194
678
553
655
363
545
910
73
347
234
835
0
929
773
948
829
866
997
227
122
551
953
148
237
30
114
368
728
819
919
232
485
442
641
664
806
868
539
389
298
708
512
909
852
61
984
73
374
634
774
281
339
785
873
412
545
333
930
890
29
854
285
777
697
679
752
128
896
116
232
628
587
990
83
692
548
21
473
427
687
864
347
385
504
548
950
86
719
751
169
245
440
928
393
616
751
5
462
430
945
919
710
709
350
398
175
366
363
341
26
660
980
290
507
704
198
908
45
989
402
817
682
675
61
651
360
466
140
383
711
124
245
802
903
799
217
527
95
277
398
273
672
922
425
826
168
122
72
542
594
269
342
783
770
256
543
789
174
57
587
818
641
847
352
367
209
139
855
199
808
407
57
342
223
17
499
229
22
427
76
421
673
163
223
916
597
402
291
481
112
164
480
233
741
179
717
292
567
487
749
143
957
318
904
166
444
796
957
54
778
783
524
628
566
378
305
974
910
412
134
228
184
596
440
681
178
244
529
244
28
95
734
190
499
943
182
535
217
103
507
818
128
554
701
593
70
71
201
206
521
898
625
752
243
119
310
790
25
333
824
243
382
773
598
134
245
798
432
748
819
63
577
349
363
192
939
872
427
165
515
547
723
535
771
331
230
465
638
244
849
212
582
77
136
272
681
404
848
327
346
393
7
975
316
690
663
645
241
403
818
360
153
567
408
929
22
295
555
261
820
318
675
684
94
215
334
153
299
523
159
790
256
731
151
740
927
718
977
68
501
895
423
501
25
487
659
450
863
2
800
415
789
816
534
248
429
235
604
918
409
256
919
815
509
172
601
705
870
732
797
410
73
345
335
631
478
846
401
896
746
383
487
524
12
640
516
430
223
239
517
923
206
367
876
254
647
426
31
338
174
522
654
708
666
204
804
339
348
705
93
653
427
258
766
623
37
696
809
784
640
886
647
610
559
539
288
295
536
311
615
916
962
458
809
84
163
36
284
212
456
900
555
966
62
176
631
612
700
389
74
467
180
4
637
642
319
729
106
637
589
257
643
442
150
304
233
575
2
5
745
342
428
194
137
79
238
11
296
784
878
154
803
3
710
349
691
292
578
325
172
870
714
43
857
585
302
225
563
121
17
371
609
534
143
192
640
940
768
913
451
911
198
572
951
908
235
301
117
566
100
626
923
852
402
114
396
436
767
521
402
102
181
298
838
671
10
962
23
841
472
541
30
603
353
231
202
106
831
937
119
932
697
597
650
116
74
376
935
751
860
844
355
154
826
191
238
438
195
251
848
505
73
243
916
362
609
406
337
849
782
35
181
417
374
826
197
754
278
499
800
847
273
141
242
401
460
524
491
734
845
824
679
874
33
47
633
8
332
254
696
893
939
241
572
681
230
572
505
842
202
117
778
143
755
561
617
631
590
911
179
964
68
93
361
575
490
533
800
504
165
763
450
65
4
494
30
41
374
856
898
240
322
300
985
252
845
195
495
703
29
475
944
202
292
461
401
203
553
57
679
110
889
512
156
499
307
686
872
468
888
98
91
872
673
627
8
65
179
785
294
367
149
124
696
295
242
613
540
827
642
672
145
575
811
714
929
197
757
941
38
62
866
37
297
902
724
118
285
90
313
964
586
137
26
823
198
180
241
977
254
60
768
45
386
654
999
837
846
565
525
992
92
924
848
910
287
222
279
186
403
788
60
363
664
882
479
942
398
855
486
372
18
56
689
316
622
728
713
916
854
733
416
953
926
609
972
665
906
300
574
617
750
99
991
296
716
639
761
207
499
452
939
483
452
972
583
713
80
96
494
156
134
90
811
958
769
746
836
857
541
467
404
457
682
25
454
16
249
74
789
829
419
246
198
218
57
996
255
400
222
906
561
273
857
312
992
834
79
602
411
867
453
793
799
860
443
356
814
262
756
368
500
236
393
769
386
892
997
708
212
437
347
875
998
958
228
131
515
49
973
206
77
275
950
392
369
32
437
144
441
199
456
965
397
528
745
810
260
302
123
143
972
621
507
286
713
144
963
183
738
887
424
840
255
612
530
341
262
952
476
432
45
711
521
629
626
693
87
980
399
267
992
891
537
82
322
728
535
907
361
776
959
0
522
39
556
683
472
124
684
777
212
112
342
306
605
667
713
199
567
635
199
416
119
355
696
474
412
572
267
890
338
682
151
249
393
173
592
91
322
753
125
845
897
309
654
747
733
221
132
123
733
492
416
441
285
178
309
264
70
374
49
890
347
312
118
340
111
78
136
97
948
72
167
490
143
186
731
406
808
254
823
636
725
763
455
242
77
950
411
856
674
723
326
551
848
216
704
687
570
518
806
497
203
309
468
802
786
115
729
49
519
481
312
158
507
819
95
246
372
529
440
935
701
62
597
164
596
548
984
653
996
554
296
847
675
828
16
75
918
733
890
334
521
484
353
277
947
600
132
562
221
376
734
575
403
668
650
510
35
570
11
610
827
694
474
934
703
1
177
32
968
60
380
642
312
457
839
277
769
974
346
657
213
319
274
230
576
80
577
464
546
932
965
387
121
76
782
651
652
575
217
85
594
98
938
784
488
557
286
490
761
658
438
577
239
138
583
182
96
854
103
759
93
63
802
986
148
370
58
481
685
164
989
679
337
797
744
573
950
532
578
961
319
440
291
387
200
549
755
877
192
771
159
679
855
807
126
293
455
292
105
373
687
874
329
416
377
545
755
333
821
130
238
820
967
794
501
998
60
44
808
662
442
194
717
36
429
272
500
934
293
429
928
411
965
950
609
278
751
785
950
267
626
315
719
977
733
734
937
316
966
963
227
814
259
168
982
841
602
710
225
651
52
745
426
871
764
189
64
564
325
1
701
716
881
667
457
35
262
120
802
890
706
310
552
975
280
32
668
203
811
773
721
415
39
685
43
132
487
785
275
222
824
526
348
380
53
550
296
6
148
963
900
963
765
432
723
471
179
294
53
325
3
744
968
646
866
68
583
918
323
255
662
608
837
123
656
966
714
447
680
607
940
363
643
884
603
519
775
384
754
23
869
972
647
93
737
645
720
771
34
395
411
659
301
94
942
749
308
919
230
716
324
104
659
509
556
225
55
13
937
920
479
623
95
204
794
462
865
6
927
605
393
293
100
729
884
589
937
271
212
162
874
743
193
935
107
716
226
549
494
607
317
474
744
816
766
705
121
817
388
663
58
334
15
897
57
764
518
903
584
773
269
333
548
526
547
798
337
349
49
541
515
98
399
282
575
384
385
86
64
248
774
555
445
187
209
410
639
322
912
258
649
636
946
858
272
947
870
243
386
611
886
781
979
760
890
893
82
515
113
7
890
64
75
870
356
151
298
365
170
966
342
353
918
271
303
101
569
995
405
785
160
979
100
49
985
998
212
397
923
668
100
938
923
541
174
380
699
175
742
638
309
683
172
744
45
155
81
539
580
922
461
37
361
39
991
996
906
808
151
952
976
239
237
657
984
827
900
177
966
742
617
40
444
902
341
787
193
403
106
648
764
116
899
849
495
198
947
866
129
218
47
353
12
905
632
993
53
638
881
266
721
761
799
168
876
412
110
774
93
107
528
584
854
605
808
170
872
617
117
289
787
543
794
843
642
949
634
485
501
570
81
961
608
714
621
882
913
991
827
398
855
104
86
462
414
457
195
621
502
622
392
243
787
213
179
37
744
31
398
210
901
387
559
276
607
888
526
41
110
356
488
406
586
149
489
599
462
347
198
429
167
265
896
916
14
462
933
416
849
236
472
660
568
741
969
334
714
852
735
226
888
703
193
586
769
343
364
479
117
897
502
438
150
181
450
146
408
248
477
841
497
912
629
246
458
219
441
659
726
676
370
601
826
804
929
182
810
793
611
145
885
765
455
772
430
558
945
870
44
141
14
509
779
381
951
453
505
251
283
439
517
636
709
521
633
983
437
750
216
991
442
26
626
517
261
923
493
857
217
991
390
218
382
335
677
266
412
853
470
615
181
71
316
815
556
639
312
363
441
38
359
614
766
13
113
779
532
144
406
881
366
535
139
100
191
962
402
560
984
49
728
404
961
85
159
505
17
751
132
814
329
418
579
850
146
439
478
748
783
670
405
10
813
171
935
685
726
845
14
621
661
910
257
70
701
543
2
919
410
28
256
866
200
527
216
501
330
660
684
877
11
136
101
137
265
143
437
522
895
129
157
77
433
432
325
201
210
864
130
148
634
755
825
757
940
864
818
397
947
423
296
496
28
940
788
593
366
438
153
279
822
899
531
770
215
2
633
921
751
532
329
340
365
95
290
481
431
657
741
446
544
662
85
329
229
325
237
599
720
493
864
719
142
944
852
451
268
129
136
906
535
71
493
348
144
774
960
636
502
518
333
291
485
546
7
406
68
880
132
54
724
16
206
504
461
42
772
785
747
384
503
896
749
765
152
648
926
322
95
440
420
235
342
912
262
434
836
690
955
759
181
739
773
402
622
197
637
375
823
770
920
109
562
63
670
187
31
450
755
239
506
250
711
245
964
530
776
128
213
817
927
448
492
617
616
216
533
617
234
154
193
410
631
274
420
818
110
116
887
720
676
242
765
382
281
534
523
748
382
457
257
366
684
821
813
140
335
781
630
234
434
319
302
955
668
811
409
887
729
27
66
270
579
903
269
648
407
340
735
298
796
800
929
607
37
44
628
713
296
262
814
306
655
923
210
900
84
397
646
520
202
270
838
703
478
730
150
147
732
514
844
841
230
410
372
406
792
600
933
563
534
263
889
366
334
112
753
638
826
164
527
515
254
753
773
791
825
694
395
957
294
388
214
549
625
683
892
856
87
622
756
846
182
84
25
98
595
804
880
535
155
52
431
834
969
430
917
515
310
608
281
945
39
958
330
96
816
334
965
898
6
760
765
735
211
568
45
962
722
65
825
603
242
440
179
570
951
842
825
958
547
427
547
74
612
972
194
257
800
64
660
582
707
187
564
738
153
776
871
514
639
21
249
988
683
533
62
975
948
858
740
37
283
164
589
78
617
523
307
321
931
237
196
521
33
548
429
538
84
191
635
62
373
395
453
729
362
854
204
829
563
521
532
83
963
783
989
431
626
357
226
646
927
344
450
975
259
38
437
67
937
106
774
890
345
240
87
307
819
16
203
8
9
994
284
148
6
647
220
234
554
344
753
971
687
78
538
827
606
141
974
913
778
245
772
186
175
582
932
368
915
783
868
316
370
315
368
925
136
898
945
859
358
487
69
861
976
299
527
851
174
789
645
497
774
452
80
465
74
795
593
812
813
463
126
404
721
240
99
681
429
137
718
38
282
318
139
215
388
906
862
618
238
122
614
639
406
730
854
645
760
881
608
818
94
299
843
902
652
659
819
517
409
403
743
127
426
730
405
14
657
552
42
123
675
81
694
190
976
939
163
88
483
542
951
958
352
728
631
684
453
594
795
636
329
330
753
162
274
533
713
613
595
961
607
44
42
4
55
58
823
197
547
231
400
101
416
53
409
505
879
116
953
215
199
826
568
659
111
979
485
405
217
88
188
200
306
775
596
841
447
703
471
42
865
15
410
266
625
298
876
883
990
856
612
152
75
364
387
585
750
349
296
668
523
540
522
690
343
513
408
883
144
618
389
439
202
298
815
642
44
137
110
306
321
565
722
360
971
645
149
561
442
550
943
56
865
812
904
570
217
343
921
406
239
631
131
359
481
85
609
295
383
871
394
561
508
416
222
35
99
906
842
775
438
464
230
956
761
101
171
622
701
619
602
134
17
137
344
439
363
972
541
447
356
840
452
157
306
35
805
686
327
134
718
190
262
177
880
749
702
978
141
671
942
938
536
960
128
28
549
683
555
514
159
141
417
102
320
746
119
426
339
707
643
589
285
211
943
283
738
461
723
431
660
964
521
160
319
838
690
565
744
126
774
469
267
868
321
399
939
364
985
971
804
952
803
940
716
258
325
43
288
921
670
193
28
719
170
144
786
590
290
223
132
549
456
192
964
587
487
199
768
590
241
993
211
263
987
710
958
374
819
13
726
398
626
675
831
949
556
952
399
115
915
670
365
204
595
374
967
91
313
377
531
708
365
760
853
358
567
456
912
876
958
813
816
455
42
786
595
818
675
107
104
89
683
71
815
534
694
533
344
209
626
985
152
788
897
107
350
800
251
197
660
960
665
319
777
56
388
521
403
553
548
28
562
204
653
981
463
728
291
479
827
226
278
4
652
168
8
88
450
842
915
522
416
477
273
695
126
701
843
269
284
607
394
417
144
592
276
941
520
629
974
305
60
529
753
477
178
164
983
353
685
710
404
58
520
432
89
257
83
290
571
0
752
367
2
564
0
442
750
346
503
115
372
592
902
209
742
393
871
126
633
691
946
354
792
505
558
53
638
360
580
428
464
121
933
470
168
618
188
556
238
441
150
364
985
774
430
409
499
483
101
520
923
226
750
576
420
36
80
303
283
530
764
454
742
201
543
200
87
663
233
108
944
348
443
244
760
200
48
666
155
471
138
206
640
251
421
390
996
126
833
659
821
73
713
267
265
782
224
9
580
919
99
165
983
578
169
297
270
586
128
497
706
354
241
797
757
368
315
55
229
123
597
100
623
955
269
529
237
892
678
68
690
646
878
227
65
396
533
532
406
455
873
91
132
15
591
313
654
197
484
743
937
64
249
775
934
842
333
595
902
854
676
773
933
224
253
538
249
313
370
724
604
741
472
930
421
819
182
54
678
352
451
131
638
688
304
824
774
483
220
238
648
352
814
562
331
473
325
351
107
554
588
619
422
663
193
484
673
57
964
639
513
900
77
557
14
720
398
635
346
722
936
100
271
375
321
157
269
372
970
260
907
597
87
646
637
712
752
60
868
205
293
97
236
749
222
283
399
571
120
203
702
843
643
235
407
582
784
835
858
503
392
663
309
213
848
321
824
30
401
950
419
444
219
584
883
646
809
256
195
422
384
813
207
738
626
77
900
793
287
415
811
940
971
763
565
455
34
239
737
827
695
926
272
689
212
391
705
733
748
216
720
36
796
804
665
35
633
448
802
253
227
30
479
281
414
460
455
454
433
381
4
444
743
321
800
73
187
235
178
836
121
367
576
881
608
622
839
65
3
991
13
14
830
972
104
8
982
734
559
327
393
758
862
621
261
218
999
455
197
703
811
376
309
145
449
634
918
876
693
258
701
750
442
742
894
92
874
694
479
670
25
77
375
247
834
346
277
524
473
271
612
57
0
309
900
386
77
874
276
581
25
425
907
482
563
4
799
563
42
839
317
270
673
548
422
484
941
103
290
565
619
414
22
298
980
735
825
55
410
334
997
691
404
473
681
525
389
961
811
725
163
63
995
452
428
249
250
761
315
920
969
680
943
855
975
953
532
954
826
315
531
113
422
987
980
143
483
453
5
907
896
885
834
66
6
107
12
759
776
689
103
113
766
922
106
543
617
760
131
610
953
162
763
967
762
448
69
799
948
461
749
157
697
376
195
236
394
359
214
363
91
400
261
958
717
645
169
97
410
780
798
507
403
104
904
861
773
263
475
22
450
665
210
476
267
746
449
897
203
412
246
208
935
572
690
226
50
790
78
425
677
248
448
457
979
993
573
126
779
148
840
14
391
181
681
275
249
670
633
501
228
942
193
450
24
391
666
59
736
930
311
844
358
826
590
95
535
17
214
167
0
595
619
164
639
533
420
471
231
889
158
883
843
673
905
334
355
294
912
883
204
428
638
710
826
259
116
27
97
733
935
435
105
671
294
363
456
438
217
283
201
567
660
96
346
146
875
623
531
532
968
727
994
832
921
961
956
610
548
751
678
256
516
470
65
156
109
481
444
898
274
451
44
731
457
489
870
372
852
898
716
734
88
171
758
786
914
827
224
649
93
456
770
13
312
621
957
528
941
297
56
47
341
708
322
26
414
416
571
443
950
906
499
128
593
156
780
63
103
88
507
837
617
891
296
434
753
955
696
981
545
942
176
408
700
705
162
655
137
794
372
155
47
499
899
461
418
428
967
705
842
91
680
569
140
970
534
194
602
669
14
8
190
46
88
961
981
735
357
232
454
283
590
48
665
554
360
938
636
680
420
462
937
848
459
610
187
242
486
34
167
926
203
900
256
195
339
462
307
681
881
519
977
183
277
518
850
714
462
203
350
139
583
624
230
420
432
20
714
903
597
36
700
658
267
158
330
882
399
435
321
563
841
80
908
330
221
530
124
64
562
339
338
147
155
101
167
378
940
266
196
556
903
110
22
686
731
642
625
400
222
957
205
218
961
824
334
872
778
863
661
143
687
751
988
483
350
545
15
615
609
961
462
935
351
283
223
93
614
459
424
583
596
167
266
441
518
395
289
749
767
200
847
963
233
691
241
142
498
470
634
117
910
117
35
363
322
271
836
444
9
302
555
28
583
165
875
565
202
461
73
532
89
755
992
537
341
498
876
642
356
377
91
667
428
337
56
827
204
382
953
678
118
575
360
99
137
395
222
793
444
73
51
547
756
900
131
701
590
81
26
937
224
807
952
163
633
106
768
445
929
748
938
367
363
913
216
759
424
357
462
786
949
940
930
180
700
53
691
153
80
572
879
576
889
915
452
801
64
308
696
531
917
781
851
300
428
553
274
550
957
159
743
74
59
529
883
476
884
507
542
147
959
518
70
539
853
760
123
177
893
730
275
474
163
606
521
609
947
34
31
219
255
397
517
600
321
957
554
32
714
43
431
815
800
252
787
55
22
172
601
368
733
209
230
159
256
826
214
96
214
402
182
425
441
524
484
429
875
428
146
58
872
368
810
480
774
90
987
710
281
843
162
570
995
461
644
76
776
452
15
239
336
203
305
990
582
247
768
375
709
922
456
863
867
686
459
794
269
467
138
412
345
71
402
897
499
201
834
510
215
634
857
258
117
169
116
100
115
66
725
666
428
138
335
35
822
809
381
450
65
444
315
943
324
614
165
340
153
546
83
465
153
896
86
748
226
49
924
528
756
137
39
921
835
929
580
98
47
693
262
883
839
848
235
354
972
658
375
628
714
108
548
624
785
712
211
921
306
287
284
454
908
272
746
848
439
394
642
279
368
743
193
385
282
661
637
961
766
369
948
671
969
666
841
745
300
599
717
742
505
575
273
3
337
436
842
172
10
762
669
640
486
833
202
321
959
996
494
479
150
614
16
89
706
241
485
375
294
58
518
94
356
180
791
921
261
151
875
632
178
933
595
16
500
825
757
695
312
964
737
513
599
741
231
956
402
740
348
485
938
212
380
790
477
683
705
28
957
759
121
104
18
454
310
378
456
834
886
877
763
7
995
372
735
2
325
935
452
657
243
897
470
601
561
425
522
783
211
626
613
455
392
793
567
922
554
252
540
120
49
986
771
474
903
50
784
266
566
915
308
577
206
317
964
837
355
131
703
686
331
742
616
307
76
543
260
701
580
304
933
31
386
7
765
968
186
840
687
896
599
870
974
267
592
414
193
540
980
657
798
329
490
915
635
167
754
36
717
122
7
531
439
731
774
98
204
983
847
346
311
103
642
36
295
449
206
504
417
603
18
694
157
719
966
303
427
95
972
951
158
654
160
785
822
521
847
110
508
960
131
884
14
5
76
312
954
160
651
735
87
140
72
462
119
986
691
724
193
200
263
993
388
197
299
486
573
347
482
400
249
938
298
994
902
781
681
630
731
508
492
15
769
197
41
798
841
311
44
792
620
228
487
360
426
458
571
214
90
447
355
811
840
375
279
520
740
780
614
722
247
944
508
956
97
657
795
186
838
817
422
813
807
113
825
615
524
642
564
413
983
48
902
292
259
44
982
913
724
500
277
802
481
1
760
154
716
908
801
125
466
29
140
888
877
842
167
395
942
569
43
751
224
34
896
742
41
740
180
459
729
154
804
159
21
538
227
133
197
658
287
91
753
655
59
725
435
171
143
535
181
274
116
55
523
26
939
677
995
68
101
665
433
291
965
863
439
400
834
272
290
448
697
352
887
226
7
704
156
961
723
320
548
818
586
147
786
234
580
646
327
568
196
166
774
642
877
77
748
991
880
457
909
72
338
337
817
828
698
901
414
998
649
449
423
685
553
301
690
512
528
644
120
267
782
671
365
147
825
830
631
850
506
466
235
408
848
658
914
510
627
472
147
912
67
886
803
150
87
666
39
695
185
692
42
59
278
304
2
738
947
757
460
854
788
809
776
683
142
350
639
559
796
644
64
161
823
836
947
610
141
143
5
26
756
761
18
369
81
877
288
60
345
182
679
119
528
520
479
909
536
473
323
905
369
959
33
711
551
614
251
565
850
734
87
583
910
399
986
956
850
379
380
243
974
934
381
769
669
404
702
354
298
207
306
520
703
227
858
893
945
577
335
394
223
196
139
130
953
579
465
526
614
739
827
621
733
961
137
167
573
425
391
934
16
861
784
610
218
686
302
600
359
704
948
30
467
29
219
621
627
73
600
891
176
4
950
196
52
697
896
309
821
763
959
645
270
711
769
353
189
626
91
610
295
903
269
644
239
189
291
494
518
459
973
417
973
297
444
942
14
813
964
329
808
94
185
452
840
48
706
281
212
756
99
600
276
547
310
305
642
960
977
839
576
607
299
770
712
318
911
671
390
294
707
805
978
349
699
622
682
188
846
152
629
744
635
695
82
375
900
577
262
601
143
182
300
545
230
730
998
454
693
673
162
266
440
5
328
110
247
279
144
968
690
912
985
954
558
586
308
872
762
920
479
934
331
734
85
100
538
767
835
127
624
529
477
500
336
359
726
308
434
939
895
975
424
109
518
790
785
253
112
769
532
385
778
329
295
547
897
468
324
91
258
523
556
148
323
545
526
725
263
618
360
966
793
677
190
397
432
104
929
308
577
263
814
521
779
360
511
202
443
422
383
706
887
143
871
453
231
12
750
787
832
869
373
69
771
103
584
122
786
508
432
771
139
172
285
811
221
261
857
37
510
741
712
65
495
919
987
231
879
426
836
951
972
194
260
250
249
432
448
424
537
637
434
343
114
591
780
732
316
981
7
218
736
765
929
532
382
959
389
112
294
582
741
763
184
675
426
323
136
365
388
308
481
433
133
291
578
49
431
640
405
653
606
804
68
339
912
863
287
291
129
644
440
764
236
971
680
557
339
59
138
809
383
978
756
74
867
242
871
8
731
979
740
463
690
191
958
930
512
509
702
455
603
373
113
881
917
685
950
300
723
902
364
769
773
94
553
62
761
538
805
216
50
208
348
823
455
503
602
975
246
219
16
391
862
921
677
344
988
643
553
380
317
432
939
16
291
51
18
823
35
598
456
500
442
516
194
955
224
224
964
805
901
461
1
7
328
346
944
926
126
1
635
753
735
685
313
370
164
310
19
466
461
387
108
320
487
602
825
878
834
670
551
801
113
622
356
618
963
566
246
766
470
284
456
710
531
466
131
596
916
619
929
187
714
187
909
457
419
79
38
988
961
646
105
830
974
851
22
902
683
416
819
948
456
440
821
233
670
513
86
665
944
989
680
694
703
52
271
402
420
55
660
816
233
643
261
152
905
967
362
477
526
652
803
525
201
713
502
308
371
592
604
749
26
233
363
231
736
40
206
999
718
389
536
80
341
984
15
132
853
607
61
189
918
118
427
108
188
970
702
341
776
450
843
597
136
994
46
914
833
77
830
789
259
374
221
22
403
811
868
781
406
311
187
592
544
979
341
726
325
960
33
654
455
459
86
973
606
765
430
666
413
118
323
728
497
382
456
639
501
488
710
39
640
267
78
915
904
934
198
134
24
151
589
716
149
535
688
15
758
102
831
229
242
119
298
186
35
48
420
256
184
73
506
479
528
54
293
634
450
850
82
632
522
370
3
348
534
387
375
554
254
881
540
949
338
669
565
922
613
777
286
811
847
516
252
985
377
917
778
337
81
157
366
209
462
862
673
832
621
633
597
207
729
993
866
408
738
586
833
857
916
261
442
373
776
203
136
23
535
163
697
572
331
522
292
668
720
606
723
293
487
959
136
628
964
251
956
232
93
908
338
709
347
839
11
602
253
180
330
432
71
333
895
855
370
702
169
550
901
295
716
694
393
896
595
293
290
858
303
170
305
62
701
665
278
820
213
85
443
130
222
789
68
127
8
13
891
395
50
626
367
221
473
681
764
120
418
612
935
555
270
634
584
316
124
850
633
584
797
36
694
25
97
716
714
989
103
284
809
494
201
245
189
44
574
521
687
899
448
472
87
274
710
388
479
770
117
547
41
998
15
802
257
541
381
761
78
522
136
334
193
284
883
897
376
783
77
945
493
886
675
674
470
170
546
836
458
84
18
25
393
787
894
682
322
731
567
94
490
306
472
561
128
920
325
877
502
322
173
559
969
875
262
648
825
576
855
198
452
118
121
783
974
283
774
322
627
221
884
618
676
323
571
551
392
790
17
266
626
971
688
565
856
208
597
990
139
48
857
358
18
941
468
441
754
185
549
812
985
673
990
406
672
15
500
709
613
874
845
726
472
588
698
641
70
672
868
150
121
966
811
488
161
340
601
828
499
338
388
797
623
298
483
680
952
595
856
215
53
97
827
853
972
530
128
901
918
919
767
207
30
173
9
975
122
183
810
3
852
714
786
162
11
804
717
356
594
706
802
497
914
85
121
626
891
232
206
534
878
217
74
882
30
705
432
17
268
858
101
763
770
44
360
605
575
291
442
117
345
89
39
519
65
164
618
841
928
891
911
120
880
122
665
5
85
320
260
344
562
153
716
743
879
661
333
267
16
980
44
887
785
68
314
341
214
752
985
687
903
671
927
911
993
543
640
164
727
700
176
785
431
808
965
467
705
872
891
424
570
537
425
654
935
462
32
607
325
999
604
191
957
599
699
559
428
906
395
794
889
337
752
720
600
564
611
756
708
603
38
287
456
424
315
48
414
436
757
841
785
285
646
518
349
160
415
284
535
833
998
411
214
869
49
442
697
528
914
374
538
455
635
638
632
468
872
374
290
234
235
966
983
732
459
839
515
110
910
121
116
263
917
147
827
378
519
873
661
151
237
867
409
971
621
336
316
881
234
950
888
331
657
748
523
113
982
646
20
932
965
388
384
624
52
856
114
492
365
953
114
951
66
521
380
81
673
296
641
859
599
947
931
532
257
805
849
1
821
48
522
39
943
519
295
624
7
627
97
761
96
920
450
412
308
740
815
462
803
67
75
790
146
938
183
185
399
734
269
958
459
96
883
259
585
0
461
268
131
290
204
578
459
305
786
224
343
895
943
789
742
982
741
879
943
142
352
989
176
267
866
854
20
266
339
491
902
849
853
606
850
448
941
566
291
424
869
544
191
310
751
892
46
723
980
785
113
483
267
221
72
832
333
820
468
339
516
876
355
199
380
364
553
370
794
271
267
344
9
921
720
893
875
452
376
247
28
567
54
646
371
604
794
97
338
373
759
63
356
130
411
190
790
777
229
11
478
786
920
47
208
902
86
778
176
612
104
414
545
575
785
587
900
896
931
378
588
715
897
752
94
928
459
898
671
697
408
832
437
987
630
247
967
187
396
846
9
174
673
956
135
60
54
748
266
762
254
215
825
388
662
565
743
275
158
879
370
520
703
803
572
37
864
469
290
460
833
567
186
951
232
933
121
683
1
383
234
841
775
276
467
434
706
631
762
751
369
97
549
194
351
267
670
461
930
541
525
189
174
360
575
66
256
357
501
430
854
280
895
919
876
316
655
875
81
52
915
559
536
171
170
868
106
513
735
886
921
283
131
146
672
86
389
508
966
399
148
443
17
778
790
1
294
173
169
922
23
640
742
752
462
419
13
689
150
924
948
6
928
155
153
320
203
604
575
769
509
433
669
604
190
121
473
907
604
569
644
203
872
685
511
846
951
988
572
60
765
293
463
95
341
969
267
490
467
511
81
308
810
765
443
559
345
226
934
344
967
142
302
154
488
538
419
372
672
601
42
347
13
898
678
621
281
857
661
124
892
537
519
938
720
857
849
975
918
80
104
981
366
686
321
52
675
624
933
711
53
807
122
793
712
102
21
5
554
79
882
714
994
833
630
31
188
583
564
344
913
136
924
413
475
974
858
635
933
453
498
730
233
611
913
667
660
758
518
243
492
422
128
488
17
369
921
406
137
276
920
383
574
461
389
357
938
498
229
485
867
765
845
482
513
535
842
843
27
149
655
371
770
924
17
562
398
709
53
988
604
572
689
742
617
235
615
977
776
206
621
397
439
195
498
763
208
848
227
615
123
672
875
624
609
67
162
933
915
905
916
141
993
275
226
659
86
767
830
789
888
854
31
343
662
851
941
249
779
626
638
657
391
706
799
974
996
288
518
979
133
274
404
772
475
973
448
41
657
92
679
700
455
126
79
135
301
642
978
159
349
441
0
559
939
743
494
643
0
680
475
330
65
540
224
822
678
894
111
788
919
503
564
866
617
721
585
842
246
331
166
426
627
368
269
692
434
428
812
113
456
405
75
293
825
337
885
463
759
642
979
720
618
307
788
261
569
621
897
34
910
882
676
445
216
677
25
941
178
724
429
533
985
724
795
424
459
71
949
738
298
172
832
569
959
404
944
127
364
852
514
141
698
588
121
293
441
539
575
532
470
940
357
858
382
321
639
184
217
610
462
156
562
466
881
396
331
911
654
613
757
716
761
206
788
132
143
566
801
477
565
615
522
175
401
253
916
0
378
319
304
629
772
185
668
382
267
603
80
599
497
882
832
767
514
417
594
383
692
276
293
265
389
752
130
33
676
714
958
164
634
691
557
964
689
588
755
398
498
788
75
977
741
219
731
242
977
562
342
992
412
850
769
537
356
701
298
295
299
244
745
131
393
174
867
500
755
426
987
748
954
834
257
128
927
796
671
537
457
253
518
148
233
60
48
690
525
809
806
372
729
888
233
632
612
598
429
360
317
487
642
989
702
193
268
304
833
784
507
608
136
23
485
245
865
944
70
440
181
104
489
261
410
626
393
38
254
166
865
341
180
30
425
965
435
357
954
278
602
188
976
3
56
243
78
362
887
760
912
127
225
838
465
277
642
293
645
722
877
970
553
110
123
428
999
248
589
571
597
93
459
668
605
238
534
156
807
996
911
73
842
571
826
592
10
640
45
70
267
953
243
119
915
127
822
4
910
282
8
733
715
170
730
491
187
29
901
200
946
618
422
742
71
192
615
313
30
195
792
585
468
517
373
767
554
37
105
364
434
351
200
193
718
160
98
846
921
459
19
674
373
477
143
684
955
50
51
380
66
90
246
585
918
179
847
528
513
188
256
198
888
899
896
378
428
323
319
25
473
542
362
647
51
819
790
375
708
76
329
959
602
663
612
283
341
919
76
557
878
270
192
598
491
673
37
964
328
784
725
95
399
528
991
433
16
823
535
642
739
172
310
149
666
56
340
211
740
61
74
74
356
681
964
17
944
927
227
347
741
66
585
685
152
615
982
86
792
830
431
386
167
972
494
355
966
249
252
748
0
17
411
787
687
113
505
435
427
31
854
835
329
102
494
775
376
341
906
864
766
3
969
403
1
466
148
691
218
949
360
571
332
30
860
468
443
105
161
8
735
558
681
553
743
983
681
136
202
31
256
717
704
387
714
672
504
704
118
611
403
96
514
12
637
650
521
194
4
181
586
91
304
129
458
655
787
130
100
893
778
929
621
448
217
121
68
862
277
715
150
805
395
551
536
98
894
864
149
439
925
1
784
984
427
906
995
723
664
90
629
970
205
191
914
894
853
681
765
537
63
31
665
791
63
637
389
690
396
947
805
841
428
339
845
461
540
30
617
56
212
923
695
10
943
701
958
321
72
464
840
228
624
136
155
476
316
942
133
464
602
976
645
811
980
532
679
548
462
641
727
738
330
458
879
538
979
799
108
302
22
745
626
380
204
458
911
184
148
607
813
935
21
420
313
1
409
954
17
210
414
783
691
125
638
482
728
589
286
353
879
866
147
985
285
636
152
521
386
888
940
164
176
572
881
969
605
256
943
64
231
634
871
659
943
878
684
863
710
529
107
