236
483
512
250
47
373
257
31
944
33
809
637
984
498
128
138
621
472
525
360
676
614
308
543
332
286
974
853
759
380
950
868
4
676
608
992
271
601
460
187
459
867
480
919
998
387
723
240
314
606
382
499
963
708
877
599
548
268
923
735
748
950
428
528
998
36
35
837
815
437
212
597
897
280
140
174
588
26
324
920
147
789
933
768
764
701
509
143
585
431
639
455
12
592
985
130
152
575
599
174
394
920
533
577
518
134
937
301
894
76
127
488
389
169
342
866
810
502
423
444
680
316
934
834
154
303
746
516
924
393
198
927
621
572
234
874
224
712
811
16
121
77
606
50
68
718
61
846
794
866
848
264
469
880
757
555
539
566
578
163
319
350
110
778
322
150
703
782
481
610
551
916
816
216
224
195
988
344
270
439
870
358
300
304
292
470
126
86
129
42
493
715
637
771
618
350
111
873
730
735
518
121
487
588
727
458
31
495
209
948
693
673
916
614
574
408
896
546
398
280
410
599
849
497
505
722
597
292
359
171
340
451
67
527
768
332
707
407
807
418
254
20
870
417
976
606
722
628
31
56
297
604
194
161
239
990
241
625
397
450
943
37
92
28
892
66
326
297
359
882
989
544
561
430
398
562
812
617
981
335
547
924
980
871
395
715
142
649
543
731
21
644
41
318
611
703
52
37
366
911
567
584
421
117
44
453
271
857
598
275
275
23
96
698
697
596
939
546
767
485
816
396
72
756
947
952
760
681
952
172
490
209
120
469
658
493
627
933
662
9
169
538
79
799
636
567
902
983
797
753
89
230
935
408
596
153
985
144
468
684
644
731
760
163
380
860
96
995
836
395
151
678
842
376
213
682
521
942
5
709
102
165
302
927
474
515
804
804
381
145
366
701
988
926
90
497
889
274
597
117
385
633
407
981
76
530
994
837
61
282
875
385
744
186
642
38
835
770
36
691
421
256
784
615
884
185
174
320
715
331
522
141
743
613
416
753
883
203
498
309
66
561
933
8
233
868
642
141
735
792
144
802
324
201
382
160
63
153
334
540
140
970
853
57
914
729
535
695
731
232
408
396
44
543
389
141
908
494
257
394
410
776
292
571
167
311
565
347
138
9
72
631
642
628
546
635
894
491
553
554
896
733
513
367
969
422
681
733
654
572
860
823
55
72
700
573
344
735
976
203
729
693
542
600
256
789
204
296
183
918
920
78
311
741
488
386
755
507
564
131
914
748
511
897
292
740
100
529
445
565
916
766
976
745
502
48
699
312
872
476
432
191
130
304
619
517
274
369
431
611
65
859
428
656
909
820
379
566
432
341
186
580
597
670
650
641
410
389
5
138
81
723
742
536
537
667
505
841
794
888
129
905
734
58
880
165
458
100
529
403
604
85
809
505
22
520
892
153
648
699
684
6
852
721
261
607
571
748
747
140
677
115
189
65
390
331
659
614
251
845
194
32
140
964
792
992
300
633
842
854
723
229
740
666
525
138
448
150
570
598
199
739
446
629
310
823
244
850
712
864
908
34
393
992
540
350
954
172
986
75
304
643
407
455
151
391
134
417
573
763
532
237
81
50
882
748
57
343
158
92
347
271
888
873
907
815
640
719
284
10
452
379
658
419
567
189
691
996
102
44
574
585
724
86
251
532
797
714
2
822
447
141
408
950
476
709
268
353
220
269
520
206
992
85
747
724
761
468
971
35
743
621
880
596
261
973
691
190
682
469
93
262
827
551
284
378
755
329
24
322
316
833
804
731
295
828
960
634
984
968
700
729
277
722
110
633
501
780
236
356
421
335
733
957
965
137
234
687
330
106
635
478
189
545
915
510
968
742
453
567
480
380
408
561
957
325
846
466
687
505
539
841
763
525
960
958
819
84
902
480
444
421
48
122
233
32
154
603
116
158
694
944
357
668
37
945
803
547
706
549
287
768
98
378
24
563
328
957
576
574
205
106
606
564
668
881
197
59
996
717
570
271
670
922
667
861
454
434
402
425
607
524
8
620
871
891
199
285
970
342
328
266
50
449
611
980
539
359
453
301
37
225
636
167
363
808
182
386
904
379
671
649
33
53
560
569
485
239
549
647
49
69
703
229
81
120
496
649
217
288
222
675
473
267
22
392
63
614
690
759
726
230
213
232
428
348
906
900
313
851
589
165
163
175
41
962
551
876
873
791
81
672
34
855
461
654
357
839
183
400
691
873
780
400
568
881
659
539
450
448
462
642
611
218
898
527
362
582
326
840
377
602
169
843
967
424
68
455
924
48
854
234
205
171
734
76
894
378
139
831
716
785
792
898
373
172
931
272
470
676
212
82
148
253
979
974
463
71
402
489
480
296
850
704
36
298
689
415
768
830
888
301
364
396
315
492
84
822
634
752
481
504
925
868
775
390
492
571
463
843
979
745
917
104
109
103
148
1
144
805
13
632
382
239
702
725
748
359
391
659
626
883
911
871
859
274
622
423
935
656
180
453
380
59
374
7
348
402
441
733
543
321
758
550
808
571
478
158
502
253
351
648
137
707
133
804
572
545
676
734
298
160
584
979
328
179
664
728
50
549
47
209
626
976
938
146
108
332
464
590
237
987
891
689
249
773
77
92
867
141
613
965
575
599
841
160
412
220
606
391
949
20
970
441
118
326
435
42
956
871
136
446
37
556
125
131
311
30
916
34
316
314
606
929
243
193
986
961
394
267
748
375
55
283
543
250
998
631
893
984
53
998
34
116
19
30
41
968
991
545
454
403
668
483
771
959
114
387
366
913
0
67
759
142
253
110
392
487
223
94
485
521
186
622
218
491
98
146
116
557
676
746
664
913
166
789
527
49
119
815
35
717
937
873
371
350
611
562
58
148
731
119
38
897
65
388
757
440
430
159
873
437
691
725
356
499
814
979
303
28
184
195
28
104
858
969
475
301
549
817
825
846
552
520
293
364
164
275
365
974
292
495
85
894
336
582
111
610
609
698
982
292
431
138
820
126
557
639
124
557
78
385
906
409
785
811
238
790
48
79
967
714
703
719
972
275
911
17
694
508
306
646
457
28
145
944
561
708
888
398
441
115
491
285
487
248
387
812
92
258
761
740
463
567
547
90
633
175
804
963
371
637
805
83
571
658
809
673
422
565
191
35
975
939
824
481
838
615
889
800
963
854
874
494
882
113
252
645
537
664
210
871
315
632
126
724
577
649
381
546
895
686
620
81
722
633
881
993
457
106
863
851
857
324
721
394
106
277
799
468
479
144
86
40
723
713
114
758
222
772
175
269
392
882
349
501
644
1
514
386
509
814
81
849
703
562
688
482
564
630
935
130
655
373
100
900
549
821
452
68
999
864
324
640
788
365
365
827
404
687
222
695
543
431
547
573
875
682
180
692
197
817
296
325
319
817
744
567
319
727
928
931
488
786
160
774
737
468
385
494
932
886
10
491
674
295
690
804
169
681
400
507
47
313
103
310
80
297
741
579
11
539
659
455
396
476
742
19
866
610
531
979
920
660
618
628
633
693
241
266
116
452
858
939
880
771
575
724
688
953
449
101
151
182
967
603
47
27
204
739
987
652
609
94
565
907
546
413
114
146
645
178
345
149
228
864
602
121
332
569
731
565
70
242
734
676
354
852
30
35
236
778
248
141
903
474
111
649
861
874
383
612
321
537
619
849
755
135
139
490
290
737
645
553
809
5
171
631
584
302
125
672
155
205
349
1
327
116
297
208
152
456
550
263
161
635
519
444
899
290
797
751
414
882
0
200
429
898
444
13
267
845
391
446
292
326
54
765
535
936
720
405
207
801
690
686
769
675
153
9
520
511
30
846
203
830
99
688
512
229
492
242
345
956
113
273
133
691
247
245
890
953
335
116
246
507
270
565
45
94
99
694
717
1
704
259
797
761
80
756
764
706
814
81
342
783
918
236
312
7
805
987
101
36
986
673
825
833
904
608
994
383
612
558
559
612
161
433
297
857
675
527
326
726
736
814
996
564
570
309
362
750
10
341
202
565
207
632
291
327
43
644
451
99
174
284
2
476
612
60
162
424
385
558
778
19
917
446
265
685
699
222
487
932
563
951
311
823
263
549
561
889
131
333
981
486
317
254
698
653
212
305
588
850
166
102
955
471
249
412
328
78
674
133
211
78
172
284
487
87
721
956
559
619
628
158
762
340
854
726
922
84
111
843
387
148
357
353
302
925
352
37
333
557
190
900
57
782
697
576
495
961
486
752
161
162
322
499
336
728
829
793
408
371
128
654
364
674
730
44
680
937
678
20
965
68
985
48
734
298
751
640
434
0
949
799
563
200
921
945
819
247
309
387
110
224
395
871
490
680
170
483
930
575
231
965
747
119
327
45
958
109
552
87
732
529
967
811
800
83
284
779
621
948
715
520
880
614
163
969
225
985
953
586
683
755
119
237
411
659
477
79
653
955
17
177
785
911
475
737
693
134
529
837
516
988
930
300
372
889
814
481
229
706
306
357
614
850
18
263
761
12
718
226
198
368
735
915
70
440
635
102
942
389
419
132
515
763
654
163
900
366
903
346
387
879
978
63
758
311
60
56
898
734
727
930
127
656
244
289
254
902
443
700
534
132
799
364
726
244
893
361
78
279
946
673
814
547
732
398
416
157
393
291
697
932
340
579
794
992
670
701
429
5
352
560
235
744
847
327
322
916
272
17
980
753
539
9
363
155
797
500
568
762
757
548
722
43
824
928
388
650
655
85
287
778
630
198
215
163
264
435
314
23
502
905
98
129
326
910
684
642
0
503
585
626
28
704
26
71
143
439
912
300
301
373
881
585
40
898
951
443
558
964
610
137
416
155
110
10
951
557
327
549
450
641
528
39
650
2
564
579
726
346
156
849
346
296
510
654
18
880
599
731
93
117
823
261
517
789
962
672
746
945
391
120
606
295
834
670
163
519
852
76
929
998
986
45
820
82
603
684
761
843
410
455
185
522
652
903
871
785
75
951
867
606
273
175
193
190
192
220
619
842
238
517
651
336
39
821
117
592
370
616
753
49
925
659
70
192
77
869
378
140
325
916
462
553
207
517
558
520
937
180
911
663
767
612
241
170
327
147
603
997
161
13
725
828
780
4
921
266
126
889
755
578
324
649
880
862
663
223
522
186
544
2
873
235
306
354
310
369
477
637
105
254
939
832
186
930
11
84
268
109
