913
847
868
166
903
645
875
157
90
178
494
579
165
108
379
493
165
484
825
407
66
451
726
699
540
523
427
128
143
83
53
975
901
181
497
825
615
601
131
253
464
813
754
222
13
76
947
592
716
778
313
827
769
762
110
432
567
94
497
656
985
230
764
644
477
189
360
367
457
396
207
752
870
905
126
508
53
931
805
88
474
60
517
884
988
961
309
362
637
430
296
758
701
762
486
112
381
994
861
460
322
826
653
635
761
581
597
642
409
285
565
824
441
414
577
390
103
477
62
311
674
543
348
974
5
804
152
494
89
210
205
76
93
669
815
217
837
828
731
5
244
239
174
357
214
532
529
357
743
937
686
40
674
396
545
452
575
343
750
963
205
767
51
843
215
899
393
855
277
769
349
175
866
420
533
371
614
106
761
189
807
898
328
731
225
986
964
548
23
983
107
170
372
214
459
53
987
679
512
289
127
321
477
494
208
552
374
693
675
131
613
442
740
90
249
524
554
269
583
802
160
672
204
88
812
947
312
702
149
781
360
842
822
128
937
516
505
967
228
879
490
932
538
176
337
239
933
366
115
265
72
906
430
455
908
960
207
721
369
891
898
442
181
782
37
882
900
47
818
478
732
230
407
393
219
579
971
340
407
638
215
290
346
568
334
495
0
783
794
470
671
606
245
928
74
554
458
514
434
897
638
472
481
894
245
798
364
591
941
102
156
912
425
491
433
904
371
12
324
784
338
916
535
756
699
14
484
282
327
533
263
408
41
850
576
234
354
399
881
688
595
16
944
950
38
809
705
726
570
602
468
192
545
200
718
753
399
637
215
665
977
287
863
326
984
830
605
399
441
71
486
779
282
422
174
847
58
816
175
878
534
582
331
706
300
133
687
881
165
643
430
516
676
500
830
873
734
122
188
96
597
867
399
850
957
612
811
933
129
460
269
188
539
435
166
91
111
281
78
273
706
947
758
854
156
255
289
628
799
441
88
921
395
191
177
26
32
279
483
52
407
224
689
932
334
157
152
879
726
318
367
723
978
481
210
700
165
142
403
194
696
152
590
248
768
871
814
840
288
650
17
385
608
289
317
970
394
353
502
65
76
753
670
244
983
217
559
609
51
251
744
745
565
145
553
606
126
78
452
150
265
321
178
96
520
11
975
99
883
114
100
229
335
94
295
737
335
616
529
314
258
43
708
988
105
714
326
338
858
809
998
929
309
312
298
828
115
570
891
793
310
468
614
520
594
24
647
172
478
209
852
698
22
545
195
311
992
495
929
86
952
676
944
454
219
748
332
321
589
698
531
449
703
795
847
822
360
453
769
11
783
905
379
102
106
883
169
109
38
50
965
262
164
835
863
599
996
536
125
692
465
702
676
367
73
332
507
154
31
959
888
480
622
130
58
89
612
251
947
124
888
105
231
487
554
833
37
602
222
672
913
609
645
795
515
600
400
418
32
537
121
187
250
216
0
882
431
432
358
350
419
535
978
671
163
220
622
116
776
217
61
65
795
299
91
493
91
174
552
353
360
918
883
285
59
456
696
893
820
247
693
616
487
194
343
569
500
722
403
558
562
346
579
814
984
399
112
840
296
127
727
238
64
86
273
456
653
307
858
421
454
473
934
77
242
321
619
969
48
925
223
436
889
167
599
419
428
576
520
943
990
37
526
364
891
68
951
801
333
980
923
984
928
690
819
896
656
96
650
925
576
616
52
242
816
870
666
36
98
811
791
983
17
302
971
815
606
629
801
509
288
105
630
57
63
263
713
838
966
603
545
849
587
71
880
171
83
57
986
422
823
691
993
644
461
148
217
43
541
364
667
557
817
644
960
252
527
652
596
123
22
134
84
343
395
535
333
628
79
46
699
276
670
253
234
850
151
37
485
61
147
318
201
256
788
419
868
286
667
940
783
259
174
325
758
917
316
780
608
825
822
728
407
402
581
412
62
93
178
43
290
720
909
182
150
992
909
897
703
602
520
459
864
561
225
524
403
822
644
881
469
566
102
603
301
845
845
421
441
304
593
148
68
736
311
977
296
875
528
458
196
956
154
111
362
538
274
175
280
943
181
243
328
127
922
282
222
784
189
620
678
616
306
747
272
674
108
946
769
531
546
337
711
545
356
129
840
186
176
786
280
50
939
541
509
855
158
907
392
943
103
620
523
129
153
363
505
913
305
878
487
556
261
876
309
443
547
312
456
629
388
730
455
461
619
692
760
739
526
217
727
870
616
377
730
807
984
402
724
113
137
769
556
956
927
150
897
184
851
869
820
727
931
753
394
171
841
963
261
471
350
16
46
378
187
344
577
677
356
171
180
646
410
894
501
341
531
907
536
516
223
263
258
787
146
676
436
465
457
759
159
591
51
924
289
558
870
621
954
273
106
169
430
245
302
650
702
476
101
759
605
185
500
495
260
670
659
375
738
282
374
731
492
534
783
113
733
902
2
75
410
669
469
298
84
321
897
856
115
581
777
638
124
389
798
444
447
628
996
671
711
538
349
676
686
650
392
459
637
295
822
814
181
6
977
217
741
726
113
588
800
572
107
788
290
227
536
408
487
721
392
614
128
965
754
109
395
413
161
550
709
867
956
388
295
15
122
34
667
848
343
715
729
356
464
965
274
360
111
879
296
209
124
385
896
608
848
219
909
427
990
758
762
25
889
462
836
142
924
793
354
372
938
17
105
938
35
357
424
910
247
238
661
335
522
477
739
614
788
850
665
866
20
759
903
978
736
514
575
797
267
642
310
725
20
897
614
114
823
992
137
683
939
776
500
440
95
652
254
667
81
621
811
340
861
229
497
156
678
476
414
265
716
97
420
672
618
792
67
160
690
642
185
627
24
594
776
704
968
324
388
139
781
560
439
623
799
764
955
770
127
39
540
206
170
42
895
111
144
225
259
448
400
215
843
552
210
304
516
458
496
575
313
347
881
392
657
685
836
904
186
200
550
328
340
343
761
769
444
616
993
689
651
125
539
811
403
48
156
237
974
412
907
787
594
118
700
633
493
50
714
269
337
594
552
579
500
105
237
810
326
470
682
691
200
780
672
450
614
870
483
998
104
568
989
906
803
465
752
118
526
412
772
447
732
749
737
186
382
152
698
697
330
150
102
220
996
873
844
465
967
359
882
758
375
355
466
490
150
30
18
731
58
501
190
995
272
572
236
948
599
448
948
682
99
66
778
376
132
504
426
378
210
573
46
657
247
617
999
222
850
419
117
990
411
338
613
835
504
699
726
891
627
389
16
273
397
528
130
770
76
244
22
634
948
678
939
357
333
757
518
905
784
171
647
64
255
271
611
940
272
47
107
779
606
954
344
378
709
132
738
982
272
195
196
109
632
582
517
931
578
285
133
937
742
211
1
536
224
152
126
538
797
403
910
321
76
917
226
26
254
776
77
417
715
735
720
48
179
175
623
866
77
971
959
953
368
533
898
231
915
656
985
250
995
715
132
49
305
352
537
283
749
538
327
879
643
924
758
853
736
831
518
795
657
820
336
252
192
423
972
684
365
332
384
326
621
660
89
790
497
815
897
458
285
981
286
659
435
840
347
66
907
849
805
53
690
427
620
808
461
725
4
672
952
792
111
596
839
960
752
276
759
344
431
91
434
382
532
161
206
597
514
601
705
810
993
258
979
262
247
584
88
361
589
850
553
40
786
974
741
45
998
641
433
933
61
395
753
280
590
110
393
977
214
711
845
580
638
654
682
447
78
848
879
729
604
396
707
240
717
218
628
399
39
934
177
915
1
316
581
295
327
870
433
846
93
25
252
117
472
254
137
651
124
148
822
448
117
642
980
915
957
298
480
488
286
409
237
574
773
403
763
623
308
884
248
592
355
433
593
384
282
317
494
478
796
928
175
763
683
545
743
942
917
836
555
150
712
358
407
418
487
757
902
796
17
877
203
189
514
285
505
418
256
992
891
371
76
160
513
708
147
716
207
381
593
282
636
12
569
656
364
579
234
668
186
531
217
284
382
79
375
664
31
990
488
699
141
672
240
152
381
41
177
360
418
340
109
162
164
151
308
388
216
220
851
942
860
23
185
334
797
995
719
509
383
232
996
561
560
535
762
244
329
526
896
305
194
678
645
582
921
489
582
301
415
74
636
125
151
741
781
710
940
245
861
698
750
860
801
638
296
597
359
272
905
221
253
458
796
152
205
340
175
248
426
160
725
97
195
607
848
719
744
625
431
225
149
962
71
7
922
207
569
558
148
160
16
300
596
600
77
990
122
943
545
968
654
521
662
436
50
918
738
243
887
714
769
810
755
544
622
948
724
488
54
805
532
336
154
46
928
134
759
316
175
579
51
691
131
810
749
169
47
368
753
85
526
694
16
269
867
810
808
791
539
420
365
719
731
684
795
496
966
104
911
598
319
411
521
727
88
666
24
866
101
416
50
535
608
137
38
350
474
459
521
4
986
592
841
200
461
264
961
204
930
356
81
295
680
821
888
103
671
147
465
116
496
785
721
887
98
470
521
705
546
415
243
776
222
271
789
396
422
512
485
304
487
547
736
588
38
692
140
360
813
689
198
874
493
377
384
648
112
689
59
617
225
81
245
990
883
310
110
135
290
617
677
447
434
836
18
193
43
444
864
444
293
585
929
178
110
747
597
135
125
775
609
124
178
919
344
90
900
136
761
316
350
21
108
278
583
648
90
74
876
129
744
833
941
127
679
334
281
203
716
222
950
860
319
956
593
500
826
321
126
210
616
712
93
401
719
88
457
718
211
482
222
567
649
754
550
590
157
715
544
764
704
475
471
171
417
6
826
420
278
686
773
807
936
263
811
881
833
817
829
968
595
487
148
178
374
44
535
755
309
789
689
980
157
305
683
81
483
557
329
747
929
453
956
972
341
949
396
258
895
181
415
10
500
347
546
166
627
402
290
25
876
512
232
478
272
933
679
337
777
319
459
621
854
379
464
741
163
45
244
462
875
329
370
793
651
267
884
31
21
224
996
804
413
735
671
150
268
954
454
751
950
646
523
798
978
250
868
757
590
309
551
499
180
496
987
800
596
938
110
209
543
242
376
938
782
327
867
184
629
132
254
257
464
975
340
642
168
728
270
288
609
839
474
563
499
134
429
460
796
630
220
800
150
445
707
276
994
644
321
80
928
559
440
880
34
150
748
597
788
97
440
579
802
336
735
819
703
631
613
513
428
193
91
592
837
692
617
329
468
674
275
810
169
912
555
203
599
550
983
387
923
255
782
122
747
571
44
584
153
208
719
122
267
136
46
77
73
315
245
146
522
884
79
258
178
978
841
691
692
229
527
473
56
736
693
208
114
310
492
404
103
756
367
300
636
206
969
155
117
118
900
702
446
376
368
212
354
25
367
207
309
621
601
937
256
87
313
697
9
443
987
493
236
560
720
186
547
281
40
478
997
362
554
799
766
808
619
340
266
569
264
977
423
603
946
336
278
560
750
658
237
167
261
166
397
198
735
528
387
931
311
499
726
738
3
769
252
41
890
790
512
983
210
925
772
899
653
682
527
352
399
95
243
838
95
170
765
92
911
667
802
185
610
788
875
739
218
353
709
198
866
814
71
910
430
288
633
72
590
332
117
330
905
27
13
515
987
135
161
117
669
535
106
375
230
358
632
71
899
122
53
445
144
145
724
466
139
525
993
799
521
952
319
650
695
363
488
668
695
848
20
270
989
47
137
713
757
437
978
244
220
33
792
944
479
633
866
8
899
169
706
260
338
507
982
933
918
642
408
787
342
360
514
809
731
752
113
474
229
358
933
125
991
466
522
364
915
219
30
459
531
728
919
755
413
618
704
382
898
885
720
461
564
573
272
988
106
445
567
391
425
251
628
151
744
856
174
437
168
995
563
487
782
61
795
904
471
583
329
873
807
239
486
189
989
586
777
963
775
227
119
468
541
506
803
325
700
407
562
190
778
598
901
776
297
869
148
254
283
487
476
578
280
789
341
825
822
939
370
880
669
414
909
949
5
269
126
51
351
285
688
997
870
102
761
683
296
411
4
586
644
503
117
614
66
234
992
459
633
620
686
433
273
520
397
598
558
473
882
813
821
515
470
996
438
952
922
267
310
819
217
624
600
497
177
464
672
899
796
768
556
608
937
953
815
528
411
706
699
963
779
503
305
391
926
632
192
873
765
892
169
459
173
388
763
379
531
540
935
964
846
508
274
485
928
325
658
864
154
246
175
974
51
614
528
693
429
564
215
923
29
387
90
172
141
953
343
279
215
815
235
320
952
282
119
574
726
663
271
300
224
46
952
829
1
709
630
928
72
286
295
60
103
51
144
820
477
205
945
811
962
827
391
595
439
296
671
967
720
293
690
177
175
222
513
398
342
353
14
709
89
984
556
798
829
408
293
279
761
50
350
826
368
934
560
154
775
488
110
212
753
547
950
763
861
281
998
187
400
797
205
775
109
183
979
255
70
158
621
745
981
869
705
415
555
820
346
785
68
895
369
937
277
99
216
293
316
428
732
130
539
997
975
339
400
855
54
105
907
170
982
20
220
481
838
472
65
599
969
27
994
96
90
954
769
651
156
740
193
891
413
542
418
93
351
781
941
844
387
530
74
727
42
871
228
644
497
616
774
837
56
765
53
649
39
779
217
86
957
259
376
506
223
66
209
697
306
423
258
409
429
172
263
873
293
724
840
416
766
202
373
506
435
810
496
84
611
985
815
753
888
662
29
269
125
260
692
54
803
736
610
603
512
453
357
789
349
15
451
466
130
292
306
968
848
878
937
358
442
782
89
206
905
387
68
143
251
991
832
63
583
890
112
486
368
952
256
894
476
589
362
430
991
401
506
37
361
431
218
867
936
975
331
259
579
315
233
485
557
703
713
769
714
985
642
102
129
664
861
760
846
106
450
967
83
805
864
108
706
438
841
207
426
144
832
787
171
269
416
483
375
920
10
118
176
282
890
830
688
699
111
807
136
193
301
226
513
332
633
537
729
130
424
205
250
605
828
899
221
474
644
805
406
782
119
836
508
985
149
92
775
68
722
272
134
86
272
300
685
762
968
929
528
493
484
882
822
491
956
862
916
817
139
263
916
413
821
455
843
257
431
946
700
215
739
734
52
550
63
678
931
11
753
607
643
979
305
906
313
828
123
800
573
883
503
332
959
320
119
273
352
383
596
932
858
231
373
677
845
325
566
519
719
867
161
279
823
801
363
273
975
757
765
573
779
751
989
97
442
685
393
720
432
342
832
512
197
810
69
425
590
574
529
554
334
566
547
197
720
722
198
258
732
267
887
706
876
607
658
50
105
975
320
399
895
698
775
336
810
699
798
591
755
806
139
994
75
272
380
142
746
723
894
115
52
824
653
682
170
647
960
442
168
99
144
778
304
849
757
826
235
374
989
194
47
368
538
844
281
341
615
381
688
472
655
446
148
602
57
937
121
644
108
183
716
531
379
270
560
636
101
336
21
623
869
519
343
305
80
260
822
841
936
510
783
188
524
512
454
875
913
683
278
418
626
3
919
92
927
246
147
866
957
926
405
754
258
824
894
972
699
317
110
264
852
326
715
315
779
212
680
793
801
965
349
756
686
875
239
938
488
854
405
236
711
850
470
547
73
739
25
998
901
956
987
30
62
464
255
938
942
408
597
22
276
602
490
238
460
867
407
201
753
67
577
641
57
918
444
702
869
619
940
18
811
262
738
591
571
536
184
541
530
862
641
640
862
15
744
85
183
670
203
141
70
472
939
715
581
831
883
511
618
293
243
925
74
156
856
975
774
218
665
327
420
635
905
969
948
582
628
333
125
441
255
466
644
761
185
102
304
329
512
786
541
899
49
298
628
677
856
691
291
299
384
125
886
931
399
479
353
349
49
681
800
608
280
941
630
498
813
31
502
656
485
364
802
987
571
70
350
124
982
549
831
678
190
202
493
153
953
221
506
447
836
542
318
471
456
920
289
992
203
9
123
847
848
455
852
409
884
357
267
732
958
314
741
511
922
722
613
474
673
678
458
457
193
591
801
346
725
584
975
741
161
665
675
443
636
688
527
431
929
650
937
874
148
623
186
419
262
59
778
739
749
272
933
173
948
577
350
740
34
282
135
992
489
707
986
560
117
179
551
451
46
881
155
130
244
262
825
245
887
38
255
509
224
750
272
217
472
391
433
667
859
976
947
562
167
250
860
978
511
348
793
696
519
311
772
647
363
596
766
361
656
458
290
231
351
292
574
329
945
766
702
505
212
160
751
137
249
99
957
813
478
584
281
123
639
712
146
151
484
422
502
987
30
937
790
180
916
965
572
447
813
625
761
426
329
572
703
720
73
985
440
796
807
129
506
823
554
951
983
756
242
190
341
112
125
111
214
751
908
135
701
665
46
133
486
892
902
921
744
659
259
224
275
676
628
820
304
512
694
761
49
435
899
258
117
203
513
689
376
669
988
757
365
594
377
102
761
297
528
468
742
783
724
333
752
633
299
510
671
826
29
497
690
528
179
796
236
688
901
306
862
234
519
499
289
679
801
911
470
46
458
424
412
751
472
708
20
927
583
577
748
809
452
548
279
902
44
82
862
635
206
263
597
193
889
749
708
922
643
860
32
127
568
936
302
983
763
208
731
745
668
187
91
210
918
85
884
274
307
799
326
625
799
228
617
712
446
223
763
433
299
258
421
352
574
114
72
987
944
510
393
341
782
518
167
96
664
649
149
64
861
366
336
45
909
636
334
793
74
333
321
272
836
885
311
916
224
520
855
264
180
361
306
69
289
560
140
856
470
779
758
764
37
341
569
764
604
19
960
969
90
803
298
649
331
488
955
809
570
472
543
369
27
310
34
253
626
171
359
813
347
648
346
954
255
430
428
40
591
367
771
739
368
933
523
658
892
951
5
1
793
749
43
554
200
929
869
123
884
893
467
410
644
219
111
13
247
879
173
295
643
1
347
461
386
575
39
590
234
311
650
376
528
994
703
512
416
213
479
217
587
896
292
126
613
465
160
482
697
987
697
932
668
31
963
913
827
293
491
378
354
924
996
500
210
813
927
342
198
942
899
996
131
218
63
298
113
461
856
285
50
478
316
372
405
429
1
740
7
403
522
384
528
945
471
823
629
569
385
272
871
529
415
496
512
894
159
932
949
188
316
434
140
356
80
858
771
974
95
682
738
30
849
318
519
315
881
679
677
754
574
122
815
865
613
425
438
968
433
583
581
210
193
357
405
776
828
922
826
535
379
439
121
744
474
439
172
181
717
5
828
412
524
353
850
195
907
899
82
699
824
640
468
114
497
297
800
832
561
288
205
211
39
454
254
686
508
592
155
756
367
920
303
611
366
448
51
875
707
193
734
461
432
857
607
72
641
691
705
519
333
841
193
351
672
388
231
452
712
180
87
555
506
131
419
786
817
107
879
676
474
392
176
369
998
696
769
514
293
783
484
617
588
87
890
6
786
677
511
463
197
23
469
847
924
561
915
783
56
606
89
811
476
796
819
659
374
984
512
25
97
881
973
994
816
633
203
685
505
965
762
913
60
45
344
60
711
159
123
413
399
22
70
963
549
760
155
447
570
254
13
203
137
484
905
526
271
552
993
656
73
919
492
95
307
955
414
693
56
689
167
360
19
678
442
689
793
722
276
176
984
701
911
140
336
293
219
441
637
18
336
10
318
385
906
542
477
700
344
430
163
410
891
956
976
643
840
360
619
44
755
972
252
817
848
319
604
328
182
335
981
530
643
591
748
101
622
760
599
916
661
868
196
504
931
302
720
911
429
884
753
827
946
806
985
942
205
577
487
41
104
908
219
804
847
724
774
279
550
331
100
151
239
275
111
621
460
312
729
288
373
843
566
483
543
978
731
433
770
229
55
892
389
964
12
749
495
581
810
285
156
537
337
490
843
894
624
942
777
295
199
546
500
63
13
143
365
764
575
917
234
728
526
804
239
540
892
319
561
813
786
114
598
120
897
192
397
1
307
135
926
919
925
391
573
724
388
317
640
24
496
462
522
373
57
790
763
702
469
353
510
8
12
793
248
970
112
974
408
673
412
507
639
60
951
957
348
479
77
487
468
34
187
960
589
145
812
214
614
959
397
164
37
227
986
935
668
77
587
286
481
10
582
783
584
226
586
95
759
3
901
258
293
463
515
648
576
0
371
816
139
155
240
406
400
306
17
927
159
820
397
310
923
495
703
776
125
382
649
657
304
549
104
385
744
737
796
433
559
453
58
967
14
326
264
58
540
480
629
263
582
34
307
593
147
149
465
199
979
178
33
768
35
928
402
818
832
501
475
63
414
292
733
505
331
469
516
604
933
2
882
97
508
501
600
572
461
887
481
755
900
995
845
375
214
921
263
863
520
55
147
343
40
450
800
680
38
602
493
120
734
795
540
778
596
904
168
329
4
434
524
927
158
798
273
722
219
340
131
661
414
643
49
596
826
763
959
96
147
282
593
307
851
680
687
774
5
142
440
182
782
145
140
398
980
981
162
821
118
460
178
192
998
22
944
178
231
610
133
415
335
482
452
896
474
524
542
569
720
485
99
559
780
625
214
909
250
501
179
605
325
110
111
995
402
578
364
181
20
667
368
575
789
68
809
76
5
908
839
846
170
72
589
54
189
717
254
655
180
235
584
189
962
309
400
203
191
324
602
298
557
187
658
70
744
22
276
161
921
828
580
51
816
947
819
433
403
826
752
722
7
969
646
297
321
845
199
805
42
793
221
708
397
926
64
157
734
490
922
821
385
615
531
290
956
642
57
747
834
612
143
56
941
389
657
910
328
588
274
163
310
915
450
295
889
359
799
835
59
510
702
68
970
969
918
447
988
273
562
161
48
533
81
478
388
521
540
71
144
619
987
769
903
287
852
776
885
899
369
155
81
748
524
224
896
191
570
456
171
780
58
133
807
196
713
880
655
347
411
216
88
984
695
605
169
938
175
210
52
397
515
648
989
618
993
775
431
708
139
71
269
215
814
421
396
707
866
754
338
110
786
365
682
439
26
969
792
662
776
721
187
242
33
991
140
707
249
4
106
101
69
162
391
750
337
677
258
78
185
375
553
141
390
427
315
980
96
386
928
625
90
9
702
741
447
828
105
986
134
531
981
534
876
386
179
509
31
511
502
51
339
909
545
686
147
125
503
801
965
628
70
765
810
959
592
211
144
187
360
581
702
921
190
810
932
206
207
880
693
921
316
547
474
350
972
940
996
687
289
909
325
698
204
936
51
94
526
295
914
55
325
15
749
369
879
174
633
521
125
3
390
174
175
556
523
79
688
202
77
398
662
394
891
994
224
789
505
482
44
582
575
901
396
427
798
167
620
453
183
638
907
90
591
595
36
810
386
211
8
670
387
373
49
716
565
534
165
983
9
488
893
916
365
185
626
159
357
304
35
652
577
338
956
457
379
274
375
960
499
432
784
211
969
144
127
64
645
259
231
556
798
971
886
540
654
743
449
62
215
782
822
350
981
41
605
852
510
329
83
19
226
680
956
317
355
411
228
489
577
340
171
903
293
223
115
346
16
698
359
660
471
23
601
88
5
238
424
440
77
619
525
702
98
392
792
96
6
11
892
757
987
615
491
739
105
520
351
11
85
840
623
373
610
39
682
909
958
327
35
487
28
885
672
630
65
819
201
904
349
755
666
93
608
198
805
694
391
707
31
123
122
635
245
957
787
152
819
706
604
702
968
246
869
234
218
22
106
903
193
384
117
23
219
655
789
646
68
563
554
283
71
197
907
416
85
64
790
272
848
850
523
200
621
297
286
342
21
307
280
462
718
726
225
284
530
63
348
355
172
974
110
580
802
389
388
34
107
185
640
114
831
978
631
209
245
85
307
765
813
336
720
237
179
565
5
125
100
184
266
209
153
363
904
258
205
265
72
447
844
142
212
387
306
933
724
124
340
804
663
556
647
402
239
712
844
161
38
102
349
287
10
579
215
934
779
314
907
274
117
529
987
531
727
574
357
48
814
366
847
60
238
694
23
805
935
435
941
166
280
99
865
791
754
54
722
651
251
519
74
759
750
5
787
490
276
271
141
823
969
908
608
591
413
175
873
332
717
305
11
312
29
561
659
261
229
518
191
326
285
782
467
825
798
663
106
192
143
474
982
405
0
599
357
235
847
803
576
643
173
231
40
804
659
883
159
716
822
127
233
851
829
825
405
527
963
738
692
817
645
771
764
878
361
606
433
714
401
511
833
399
411
585
226
460
886
733
915
241
203
229
756
598
397
494
122
970
727
124
867
913
225
951
2
479
830
451
432
794
309
214
623
108
138
435
276
85
281
11
89
839
54
67
748
243
123
320
495
137
71
503
268
468
368
937
621
140
61
468
366
781
682
493
800
421
824
280
42
771
200
610
205
491
116
950
613
294
387
884
768
926
767
368
524
366
709
902
889
440
320
451
735
577
658
30
989
983
336
862
528
130
80
461
261
792
802
34
571
227
672
972
984
501
939
850
814
852
724
168
113
760
36
420
480
832
297
7
781
837
717
415
211
223
316
512
747
91
466
979
483
14
470
479
667
979
151
435
710
616
506
421
962
375
893
941
955
712
963
603
754
740
389
352
749
948
865
216
916
280
793
980
679
331
186
502
783
355
239
893
80
359
874
577
431
402
487
896
902
244
493
623
257
271
2
204
124
542
202
592
67
770
299
802
869
806
847
302
14
74
7
101
104
326
225
86
29
148
606
66
860
383
971
653
917
259
385
473
275
538
227
636
93
901
596
1
992
708
874
588
85
652
795
671
634
735
418
722
832
146
646
327
857
79
231
515
659
299
774
441
350
362
473
825
973
886
367
797
556
135
838
467
159
68
150
815
907
935
233
736
884
463
298
779
673
639
160
949
807
348
725
9
457
35
847
849
473
1
162
138
630
20
151
976
113
327
302
432
77
59
35
797
524
768
264
609
784
931
935
13
229
593
146
677
488
874
793
802
675
89
247
947
552
799
930
270
407
488
621
375
742
565
652
763
764
248
587
999
827
871
906
9
328
399
585
600
39
345
524
648
183
778
172
493
304
653
730
209
605
811
16
232
761
995
110
424
298
172
126
127
205
631
877
644
428
161
878
263
643
806
428
381
459
770
611
12
704
840
388
437
718
669
652
343
715
199
535
479
88
896
598
149
105
614
963
667
895
436
996
295
263
107
604
295
761
906
641
268
454
830
507
558
734
978
131
687
182
895
899
781
947
382
583
575
957
674
48
208
163
20
905
473
343
662
408
705
989
249
171
368
821
465
643
457
971
341
194
950
79
469
749
229
270
709
734
143
813
446
496
833
692
836
431
68
471
154
236
8
428
760
91
53
762
407
121
233
719
771
45
750
987
983
329
867
774
319
133
866
947
814
424
650
128
664
740
419
891
522
965
86
922
54
830
407
871
242
264
355
550
472
191
572
125
72
620
579
447
433
688
628
852
902
748
533
897
605
410
553
391
652
631
641
587
860
88
282
457
352
725
186
382
30
566
283
81
579
937
450
76
502
365
185
149
842
551
304
204
103
118
587
224
107
469
741
322
633
804
498
813
147
523
137
785
196
693
873
19
910
692
611
418
114
223
21
721
311
949
310
756
225
852
677
864
90
435
828
620
39
184
402
366
417
423
143
115
652
655
664
455
348
306
810
941
298
890
363
588
767
795
596
814
504
688
586
861
47
438
900
340
50
191
911
32
285
596
397
594
730
354
805
866
801
799
523
728
514
65
112
2
183
340
380
637
863
270
920
298
541
217
952
504
999
284
205
95
146
398
481
328
123
208
235
286
512
718
267
144
917
994
408
519
827
52
460
367
219
18
561
459
72
656
781
921
634
261
608
695
702
193
342
865
475
910
520
377
791
99
269
305
792
967
222
295
463
24
103
878
279
648
482
573
116
616
165
790
254
460
419
437
20
939
953
931
29
865
326
70
521
114
45
126
366
93
352
175
384
771
218
30
144
163
110
586
212
900
758
9
791
22
636
252
343
757
460
279
157
323
546
457
578
160
872
12
388
265
504
186
856
514
424
765
865
289
11
672
870
761
779
39
266
735
917
791
341
741
917
556
592
321
936
598
734
577
569
823
734
221
715
475
460
832
173
588
511
260
531
930
517
634
809
611
779
819
795
76
41
742
431
452
946
311
932
345
409
639
180
298
942
518
749
232
544
354
109
858
485
690
947
60
973
131
755
330
157
190
129
854
151
109
895
628
414
16
633
87
23
817
262
946
211
647
121
5
217
155
901
153
944
861
503
474
618
265
973
944
509
124
861
386
883
749
672
936
937
674
485
27
732
832
121
387
887
302
220
284
345
487
368
390
932
210
371
488
80
152
675
577
782
161
489
994
993
379
678
347
894
272
954
160
524
530
963
160
550
902
234
434
558
51
434
141
260
941
562
714
323
666
618
616
565
72
722
764
789
986
957
890
386
469
852
900
403
419
280
102
357
563
343
180
250
410
319
225
292
714
225
957
440
693
709
689
501
463
203
226
299
590
762
936
680
39
529
746
765
605
906
481
672
864
255
85
483
896
372
215
697
229
20
420
417
141
616
298
59
912
130
546
351
164
960
907
965
928
235
311
30
655
919
828
202
931
357
241
51
66
676
970
583
122
47
530
91
677
56
941
82
937
929
823
981
551
523
156
380
677
663
461
3
354
602
164
183
902
679
820
224
476
244
327
657
924
445
614
722
937
839
143
119
476
661
822
233
195
231
506
170
626
825
450
950
236
440
156
661
310
534
202
820
824
446
818
884
521
900
529
682
158
139
843
53
678
482
297
47
869
233
727
482
475
581
161
708
657
699
153
869
903
617
784
13
717
384
543
347
260
814
512
728
335
216
110
105
155
940
749
187
857
916
488
161
580
919
62
689
908
577
375
13
21
251
416
598
140
733
833
906
544
40
280
958
401
768
980
79
55
870
943
609
897
708
256
835
249
586
501
786
905
341
978
89
532
87
824
450
155
826
957
639
746
573
443
65
575
345
24
90
790
478
978
926
716
726
548
291
478
419
410
473
612
332
53
972
152
730
131
751
61
673
966
899
710
971
23
750
789
966
879
134
932
182
298
732
587
741
600
445
743
78
129
995
267
201
725
683
29
96
645
448
15
464
289
709
745
212
439
127
584
380
373
488
877
722
787
16
916
661
864
358
711
718
863
565
871
640
829
914
175
349
698
137
828
707
466
390
573
637
839
529
131
254
149
652
453
200
857
262
963
738
559
138
292
833
198
233
678
661
170
547
401
516
167
69
681
196
332
957
703
146
499
665
618
168
540
717
575
370
385
579
282
457
121
484
24
81
444
541
755
885
584
389
289
146
382
338
737
281
124
268
938
950
432
633
282
542
989
984
329
765
709
97
504
573
764
529
864
659
548
427
59
27
819
474
641
939
797
299
952
837
14
415
252
463
248
415
223
956
726
352
445
237
171
357
982
298
338
20
425
50
131
161
201
691
166
886
102
659
503
300
971
61
454
995
784
807
881
341
388
407
393
313
264
510
78
948
682
341
904
450
493
92
691
401
889
826
965
86
853
78
208
57
510
971
431
308
809
691
670
97
341
363
58
609
334
507
618
480
48
681
713
710
9
363
281
169
288
554
566
814
744
255
956
38
291
101
109
277
5
846
899
518
678
402
590
945
11
98
723
