350
230
665
335
365
171
76
272
910
737
930
432
962
585
236
740
471
504
922
772
936
43
469
489
143
166
403
424
150
481
168
974
10
975
561
735
288
444
356
528
754
498
644
324
954
280
73
214
183
168
684
285
181
291
648
373
423
748
955
951
535
406
588
199
126
2
406
822
576
56
778
884
110
834
908
555
47
624
340
755
536
739
453
13
944
986
418
175
345
482
107
499
480
478
527
92
390
571
532
734
247
141
657
600
839
380
837
561
668
77
553
284
271
350
712
306
956
298
447
883
641
357
606
24
524
925
590
224
900
533
853
164
673
839
421
465
888
524
708
882
847
435
212
160
551
637
505
983
711
345
195
637
116
913
809
82
630
759
478
743
134
109
848
925
604
208
954
626
598
416
412
26
458
471
89
64
644
867
846
760
331
882
202
258
277
825
288
133
67
481
417
606
496
630
327
451
506
877
765
208
43
754
690
325
602
979
428
970
338
357
424
184
844
297
520
862
328
242
142
60
975
229
125
528
404
797
766
155
113
475
544
94
21
247
553
30
523
965
657
137
270
422
310
204
216
354
577
164
362
991
343
885
670
41
892
441
912
958
842
24
987
444
200
793
663
906
782
643
528
248
716
530
523
804
889
673
201
121
761
408
206
541
600
42
819
552
148
726
559
605
279
944
700
646
929
300
510
896
188
238
510
248
601
976
957
624
152
169
540
707
268
39
880
480
901
577
299
158
847
3
813
189
88
966
570
636
815
27
157
685
672
564
482
913
412
152
456
825
325
593
917
290
78
460
836
44
169
292
202
31
339
698
47
451
122
837
111
435
822
155
8
284
805
657
397
527
433
29
145
297
924
21
88
36
900
427
679
36
305
240
596
480
58
826
688
418
128
539
704
381
611
455
307
202
672
410
126
239
12
483
283
917
34
145
760
932
424
713
964
813
152
521
140
219
290
476
668
87
767
482
217
607
40
539
923
835
365
657
760
724
9
903
426
632
346
809
307
934
127
385
423
234
219
827
568
342
982
934
103
142
18
552
950
174
202
876
2
514
551
331
774
961
212
788
211
79
377
353
99
150
806
544
621
977
845
242
906
84
697
451
398
875
254
271
482
653
142
342
199
52
586
723
69
924
562
631
865
270
979
772
677
385
471
801
681
995
179
194
327
161
33
752
396
793
870
516
490
24
806
723
3
237
163
167
433
25
341
323
936
513
843
208
724
905
223
608
855
631
136
494
330
33
281
328
717
428
359
187
282
243
279
522
652
120
38
418
253
698
586
788
692
571
358
952
46
684
539
458
107
471
521
404
257
497
797
688
510
538
700
592
726
898
6
700
789
666
406
215
526
876
406
551
146
592
991
263
589
509
645
762
482
600
241
318
430
907
265
635
666
277
546
679
362
538
477
383
514
895
247
548
409
892
811
823
749
982
378
522
174
216
683
589
247
381
869
186
334
973
17
390
693
402
372
980
17
901
434
799
616
162
431
91
7
437
518
641
417
687
645
189
860
89
879
262
230
515
353
898
421
234
713
611
995
332
367
922
680
65
359
518
354
272
23
593
831
307
612
704
707
728
425
989
189
140
103
818
3
670
128
59
951
110
500
449
921
832
455
575
747
841
602
707
780
92
70
842
956
274
767
560
190
12
477
660
835
150
373
268
779
345
974
25
463
341
296
545
50
962
183
221
174
793
790
847
442
820
981
226
665
318
45
718
334
56
874
582
307
641
215
480
209
482
736
24
226
179
64
425
474
645
155
834
596
989
54
240
849
746
523
933
515
283
648
693
951
920
263
673
57
563
152
923
730
650
210
308
372
141
696
77
446
158
440
504
650
650
128
682
796
914
42
687
54
134
142
58
190
695
341
336
817
551
99
152
920
232
711
513
9
453
781
80
777
177
2
772
76
418
727
743
511
97
662
68
21
97
281
408
222
338
291
911
518
9
254
275
353
638
923
515
20
713
545
766
15
561
572
138
614
363
158
54
719
491
540
888
262
538
119
331
475
981
307
657
325
717
580
977
216
408
908
198
194
884
689
627
852
939
843
894
628
528
627
880
167
548
487
222
763
292
259
312
322
419
497
292
954
792
385
942
906
300
443
253
575
562
113
869
773
267
394
604
281
453
57
899
19
767
140
372
1
323
496
323
846
841
706
522
809
396
496
892
914
468
886
62
15
583
461
741
637
4
54
904
682
430
668
619
711
921
959
772
875
620
388
830
883
915
50
504
54
47
935
794
36
532
361
435
486
136
209
729
688
619
530
190
691
599
552
507
432
405
771
780
431
801
482
143
381
988
268
634
92
556
425
313
948
218
463
849
535
327
106
924
611
540
475
385
584
429
521
199
305
912
36
110
39
688
717
338
33
945
900
332
392
735
810
447
31
152
949
596
431
498
562
787
712
194
636
839
788
514
658
228
902
470
119
95
608
228
619
650
930
893
223
682
422
36
606
887
855
482
287
256
762
804
46
153
989
906
330
818
125
284
273
829
516
675
576
651
494
961
991
619
492
550
305
8
818
840
161
182
459
246
488
17
596
25
483
386
486
471
648
912
765
670
369
454
237
122
690
822
309
323
237
882
659
342
933
434
719
733
895
119
684
606
564
443
209
701
947
315
125
479
691
139
697
276
462
940
79
791
842
516
560
430
721
826
172
41
200
420
746
961
852
903
720
198
856
34
92
252
19
664
840
235
239
320
260
162
972
154
622
280
67
169
4
574
679
247
410
932
13
409
31
879
924
73
946
51
927
162
642
723
376
675
875
218
687
691
244
237
552
709
516
927
338
768
125
384
3
54
858
211
81
695
538
451
611
233
326
737
742
278
943
748
556
531
976
830
831
704
235
207
748
616
279
905
554
695
863
991
929
787
238
866
839
504
607
401
821
748
409
28
521
444
414
853
805
897
173
204
916
443
998
790
141
136
11
385
792
920
398
791
709
480
276
676
76
770
913
589
22
597
630
319
3
702
501
785
733
683
141
680
826
744
696
477
575
920
274
484
319
617
901
172
315
940
831
214
499
895
173
28
843
441
225
559
745
498
686
308
282
924
284
549
948
226
551
560
918
628
850
230
460
996
865
58
295
464
548
203
241
204
95
432
206
491
574
351
46
810
198
739
574
465
335
72
959
623
285
475
454
801
646
842
394
38
398
533
957
578
230
880
713
669
835
231
676
296
786
341
926
923
985
752
831
533
497
52
614
777
711
586
452
722
482
669
286
211
223
242
705
861
193
121
696
982
108
868
929
794
192
811
367
153
82
529
232
349
166
446
589
294
993
346
882
891
331
99
52
671
282
259
647
598
177
754
74
723
879
747
194
656
788
933
74
432
551
648
132
740
842
474
274
96
215
302
205
785
836
351
327
510
161
870
708
952
698
694
266
984
744
584
465
811
587
584
461
980
858
899
233
326
322
59
830
284
516
73
898
224
233
598
387
596
425
110
122
480
849
434
788
864
851
640
579
921
911
384
132
593
776
837
746
472
25
183
288
366
590
177
507
563
550
980
197
829
54
383
326
169
650
185
677
833
92
413
525
166
310
320
187
314
780
387
163
509
955
855
770
730
743
169
693
830
560
396
705
860
795
382
468
703
791
264
337
773
126
165
257
485
356
766
612
77
612
359
432
210
557
602
48
788
155
582
205
53
362
619
562
343
38
429
945
663
878
59
435
82
918
11
349
498
60
483
438
76
930
14
28
402
34
138
423
304
688
994
77
181
720
773
685
360
521
242
927
188
818
533
96
42
512
139
195
114
289
510
971
765
299
725
733
73
974
572
90
970
304
787
587
122
567
597
405
613
177
535
675
451
711
739
379
826
672
729
57
56
986
785
95
930
43
847
710
972
845
323
782
886
456
971
257
910
186
784
998
264
386
274
306
775
130
33
465
958
58
33
9
8
376
65
359
984
245
344
531
990
740
324
543
47
28
112
677
776
285
338
806
414
951
822
526
804
301
410
549
938
857
880
617
159
513
417
823
396
383
156
912
100
526
251
184
499
352
733
482
369
916
654
190
771
901
344
829
543
686
731
724
962
418
984
36
712
288
166
586
384
523
727
97
17
879
427
61
84
79
55
331
79
340
329
925
595
952
202
353
980
49
712
865
986
689
615
21
208
473
956
540
704
918
742
434
825
740
593
643
863
15
456
54
990
752
446
173
954
36
145
616
229
89
508
985
70
489
840
722
346
1
318
986
994
276
147
823
273
168
233
806
776
266
550
598
257
700
834
602
140
309
322
445
320
50
772
759
994
352
479
78
435
155
417
344
497
368
36
596
973
975
694
697
268
4
643
390
556
845
689
633
804
518
304
595
201
944
356
112
41
304
752
412
286
651
833
209
281
799
500
157
87
589
589
497
381
491
389
100
947
942
39
925
848
796
831
704
923
103
615
87
649
294
816
114
679
854
985
210
501
741
599
983
517
511
210
801
183
409
119
563
387
691
871
3
491
867
211
382
810
460
530
961
332
838
105
267
627
542
190
966
675
662
9
100
459
296
168
326
480
819
901
463
672
104
934
7
224
679
201
59
507
578
425
938
423
787
329
539
965
97
652
738
997
22
527
97
36
484
476
459
907
661
748
180
197
738
775
396
876
43
131
850
545
286
391
717
790
379
931
334
690
475
902
937
560
312
155
610
732
296
649
77
204
395
838
573
206
684
935
966
980
813
519
767
608
298
777
14
661
456
483
128
157
486
361
920
785
121
51
580
8
678
213
799
870
321
249
456
392
482
378
338
362
655
271
829
853
92
267
11
432
863
253
772
954
688
697
346
522
781
90
393
827
180
634
270
407
738
935
888
38
961
596
236
99
309
433
402
331
231
80
565
931
419
182
408
62
572
121
172
8
448
956
390
385
414
420
765
641
955
390
569
460
364
136
591
227
317
64
673
471
424
821
138
666
66
736
215
444
959
910
449
558
709
613
720
87
342
240
697
769
376
33
55
807
223
99
368
222
2
769
230
956
202
277
702
529
886
289
13
745
636
732
574
762
330
650
793
961
866
962
574
59
212
37
902
42
574
464
114
239
391
358
965
15
865
742
540
483
60
908
815
432
367
142
879
103
577
653
686
449
230
198
503
99
669
644
210
586
862
796
570
476
689
701
130
163
457
818
745
6
176
837
351
325
740
425
375
689
463
220
716
573
780
935
80
469
173
404
928
546
186
907
243
879
923
928
313
596
7
693
304
916
637
520
722
405
975
472
602
523
847
417
973
1
386
970
190
605
25
655
666
903
126
768
986
686
779
197
30
983
446
476
774
907
137
73
724
763
277
953
406
995
47
514
319
248
315
74
61
31
429
339
869
692
134
976
242
67
859
791
533
479
794
419
414
405
942
709
73
836
313
998
796
203
137
347
517
326
179
965
768
783
492
187
437
733
743
55
648
788
712
963
770
680
671
262
389
359
289
494
181
371
608
459
114
40
226
190
122
872
879
652
107
720
539
755
870
303
524
16
303
323
694
595
673
279
74
872
135
725
661
474
477
380
285
517
36
870
126
792
740
945
314
598
452
752
95
544
405
813
737
224
692
453
73
700
654
584
238
302
847
43
880
12
515
884
668
152
397
73
640
150
397
974
800
5
380
465
769
380
724
731
379
699
627
558
28
699
318
390
303
491
433
829
188
16
636
526
177
192
234
965
198
147
163
186
845
510
113
320
8
413
608
398
397
428
135
34
189
995
83
197
474
276
290
15
38
866
524
743
192
592
214
46
338
826
825
353
742
956
679
786
14
366
566
306
827
472
188
765
286
392
378
649
330
157
782
652
634
39
608
506
694
813
414
976
881
994
107
744
758
620
570
201
73
995
696
402
394
315
855
66
419
46
391
799
819
129
8
386
59
617
602
395
798
482
301
175
262
796
708
850
793
578
668
234
235
864
483
506
676
584
348
687
442
609
39
59
977
701
164
483
223
966
600
175
493
932
416
742
15
117
66
676
452
466
612
249
680
913
284
326
39
388
902
631
173
966
900
383
161
381
895
621
88
233
764
642
381
895
146
875
174
826
104
449
410
975
828
322
982
811
981
419
479
243
498
925
273
807
963
218
950
573
997
538
371
662
404
806
332
606
848
320
16
773
298
541
255
261
304
96
927
280
636
637
582
152
355
734
186
746
985
485
492
16
889
559
820
849
58
521
21
535
582
202
481
484
620
813
327
626
797
841
768
326
115
390
170
632
86
543
204
618
416
806
240
634
664
152
958
582
668
735
493
51
23
294
868
522
18
516
383
696
246
976
621
728
552
757
174
351
102
498
954
731
542
889
237
505
845
777
822
146
236
835
207
81
991
318
575
139
960
975
738
699
504
448
178
26
838
467
15
488
496
884
842
897
237
553
503
951
613
590
345
559
208
977
751
507
971
631
156
84
514
417
516
945
455
174
850
648
408
318
159
232
823
417
430
57
235
634
970
632
851
731
248
171
171
446
209
333
375
341
80
855
548
638
914
516
446
327
595
247
196
58
828
234
896
765
426
797
954
705
755
2
308
708
242
833
104
757
970
125
318
171
342
234
466
579
751
641
986
981
279
401
333
42
754
612
294
963
444
299
600
953
629
695
283
644
441
893
997
34
245
733
677
991
532
271
656
803
967
331
470
485
195
476
614
962
987
143
238
465
118
46
823
302
108
107
613
585
75
67
133
594
198
10
63
788
572
836
586
763
590
527
694
667
538
83
421
398
861
370
955
730
470
90
597
693
53
796
646
885
418
960
580
929
265
271
728
733
339
860
500
726
649
32
344
3
201
458
157
147
827
295
634
393
805
195
709
473
699
764
865
366
378
390
685
361
787
521
982
920
717
380
115
209
315
140
149
905
885
797
978
21
690
931
575
852
218
237
2
135
610
519
746
678
945
907
310
569
591
540
698
127
286
94
433
182
232
101
660
152
56
800
392
15
180
153
941
549
920
21
114
402
950
835
670
10
521
402
194
842
74
843
883
855
873
664
283
956
669
991
46
686
934
64
314
597
575
639
400
681
634
517
136
886
380
105
657
190
15
911
397
626
990
579
618
149
75
820
29
604
484
720
930
710
437
199
182
940
951
166
845
716
773
651
128
984
271
120
270
70
335
630
355
612
505
168
534
331
360
216
932
485
939
73
354
99
735
803
519
343
478
765
0
682
557
674
318
580
547
242
882
182
877
116
304
645
22
229
601
422
604
551
698
56
78
265
666
66
665
927
265
362
770
406
572
455
438
86
629
564
196
76
808
210
716
419
432
480
554
735
391
690
154
565
852
915
415
218
255
832
623
271
616
778
742
950
830
575
299
331
827
886
55
770
972
622
145
801
47
170
351
617
133
10
32
127
239
657
388
649
540
903
196
527
920
267
806
640
17
62
73
502
411
934
207
95
812
749
24
505
417
486
427
193
406
68
712
775
989
655
809
482
118
68
582
332
973
727
655
145
362
464
780
817
889
743
177
352
929
453
309
351
922
376
858
392
343
827
527
419
36
680
376
576
809
883
495
832
132
684
188
909
164
792
224
2
561
133
807
864
642
176
508
23
46
165
46
461
228
674
224
134
86
185
719
976
616
224
812
49
935
214
33
879
68
100
576
252
455
133
751
597
752
628
960
189
569
321
885
514
896
247
569
764
33
149
913
413
183
798
409
74
379
648
395
364
933
294
266
339
55
570
52
64
498
107
286
429
544
782
282
212
128
684
324
625
175
640
290
316
460
963
321
543
996
342
364
968
372
539
288
603
957
601
819
904
850
218
530
516
877
98
826
831
191
46
110
657
454
55
135
625
24
442
866
540
158
573
746
78
292
303
287
193
373
109
159
551
692
509
896
869
757
417
111
966
137
569
51
792
457
253
907
96
105
758
22
405
318
608
105
659
514
527
354
487
324
450
36
818
821
160
995
180
924
157
375
638
492
489
54
955
659
486
354
60
907
925
778
751
822
796
971
595
226
957
655
715
860
957
910
636
536
711
393
565
727
613
326
98
41
2
900
629
794
167
856
154
905
433
737
84
75
771
814
873
327
734
952
456
498
433
186
994
42
542
140
884
600
42
222
375
783
88
650
282
337
76
418
669
528
967
449
290
865
260
333
322
261
957
722
42
162
875
738
40
327
40
776
477
52
698
917
705
95
711
449
22
531
464
667
466
747
547
180
772
149
473
517
410
273
208
633
381
40
774
421
730
978
227
323
829
536
233
606
180
592
515
792
573
126
895
615
565
39
209
119
862
185
694
561
964
671
770
328
901
825
294
364
995
464
601
271
407
878
906
909
379
140
615
338
355
461
685
539
945
328
117
486
965
243
687
957
125
346
846
101
750
175
384
245
399
532
912
682
207
140
953
183
883
559
945
538
253
748
375
802
915
296
859
196
539
597
473
797
273
471
554
514
709
847
55
235
372
18
146
926
585
492
571
215
767
790
451
421
950
815
97
856
855
206
767
606
822
453
280
894
963
633
664
268
637
694
416
986
220
536
684
423
201
356
651
577
148
436
91
231
249
394
86
777
825
556
180
809
456
565
567
114
768
501
181
254
2
454
294
47
20
567
26
307
899
430
429
346
358
134
83
115
428
409
34
146
436
366
736
782
551
267
170
184
900
390
797
910
464
997
189
844
455
37
440
740
124
872
814
549
704
888
608
543
51
680
826
646
52
897
133
380
422
305
925
641
610
897
756
758
243
181
2
824
954
638
834
687
606
956
882
742
567
341
654
541
576
107
633
713
847
393
449
54
58
197
357
843
207
433
838
603
559
228
384
892
353
94
732
688
479
56
683
777
191
905
769
130
136
974
579
960
831
857
814
303
141
578
550
489
198
939
399
913
249
412
444
798
279
367
938
267
842
639
871
67
403
585
373
929
992
493
413
830
208
206
345
148
685
659
675
303
517
738
123
443
988
619
89
761
585
752
7
571
275
340
706
262
328
545
45
144
619
60
322
607
240
563
382
337
756
614
464
706
462
515
294
463
819
700
595
609
499
123
593
69
46
653
271
545
674
132
191
297
717
103
775
431
425
60
329
689
40
838
985
764
613
953
187
567
277
562
111
946
304
260
466
997
320
981
498
933
181
703
790
65
202
290
319
779
311
599
622
50
436
551
604
843
631
329
648
688
227
419
680
177
261
336
896
103
3
536
344
192
532
381
61
732
766
681
758
246
808
757
73
94
676
629
706
403
320
823
471
342
482
834
907
377
350
171
701
142
949
618
292
757
259
435
809
685
533
240
993
92
230
964
750
802
501
715
561
271
468
838
862
588
374
266
83
967
198
952
182
728
497
311
899
384
96
884
439
482
172
940
420
610
557
168
992
249
33
31
884
67
118
930
823
359
684
785
717
5
890
483
263
223
611
506
720
990
500
317
817
413
750
223
401
322
906
765
501
9
182
588
648
267
450
448
311
203
815
498
412
681
197
433
100
288
471
825
871
98
934
809
124
475
454
822
710
770
377
325
671
756
534
622
840
955
558
244
450
508
635
41
964
790
157
166
73
582
602
903
29
704
600
125
124
248
354
470
279
294
710
343
948
599
167
321
168
568
828
225
452
974
788
434
938
465
364
981
482
7
806
240
413
412
455
485
125
231
78
905
327
176
724
365
366
966
764
473
773
381
57
388
65
436
318
512
625
709
502
827
627
453
585
528
804
211
223
20
435
742
124
116
338
902
808
443
578
805
298
466
715
583
336
800
21
771
6
689
133
310
408
123
295
797
62
595
245
872
267
686
433
151
449
484
525
12
542
142
956
47
499
40
284
88
726
306
363
799
774
680
747
376
662
762
524
107
153
422
540
175
344
512
789
150
682
971
195
180
481
282
232
33
525
967
798
758
127
421
313
492
812
393
583
136
604
459
988
626
726
827
270
221
338
710
65
9
962
687
88
252
502
58
218
607
538
612
397
428
750
414
881
606
947
376
995
473
989
747
796
440
169
527
6
101
396
771
347
739
117
618
81
679
584
362
6
653
840
177
732
271
200
280
913
968
903
593
749
375
830
261
265
855
782
158
753
531
883
131
605
71
999
554
562
377
44
791
8
878
970
427
311
506
41
88
115
471
868
945
289
950
594
262
909
412
802
428
234
323
786
707
212
586
324
362
358
527
390
837
363
576
356
910
787
681
269
330
740
679
662
466
10
227
110
857
957
75
432
237
405
466
54
55
421
703
913
269
801
308
850
951
301
869
235
894
195
528
383
288
440
308
90
441
284
169
294
515
373
639
748
110
407
619
571
162
874
420
320
801
639
172
171
850
160
866
409
992
788
628
11
953
715
785
595
26
948
716
894
760
921
621
834
57
795
938
357
49
440
315
503
305
733
883
166
337
609
18
452
830
169
536
375
575
705
51
988
377
781
689
337
379
220
65
734
811
678
428
983
111
18
305
945
248
599
22
214
961
989
555
519
485
966
776
709
790
518
422
539
218
156
475
596
56
196
591
116
321
555
732
46
513
782
554
170
292
383
736
640
61
494
119
422
314
920
464
937
203
790
414
371
746
972
582
578
700
332
491
569
669
526
286
93
82
391
298
294
592
804
717
344
74
729
723
261
359
506
629
81
938
892
207
41
563
113
270
168
827
559
880
72
725
260
558
777
199
120
716
626
232
47
778
825
43
802
611
368
346
808
106
838
726
966
548
367
178
840
640
570
8
195
899
525
43
513
169
462
836
135
662
120
775
694
186
296
333
252
490
404
301
687
595
39
652
470
354
627
308
460
615
763
656
618
264
508
909
871
690
944
995
726
10
702
595
253
713
241
900
357
622
115
822
11
349
374
151
226
213
984
907
826
975
264
646
705
219
505
629
348
157
978
251
179
940
919
839
710
443
415
819
912
273
307
503
959
795
352
372
196
9
1
605
53
525
829
279
244
727
712
617
788
486
328
678
360
250
55
711
760
293
999
910
320
32
63
774
799
257
17
366
169
673
749
748
641
236
685
6
399
586
254
75
530
842
624
536
642
702
858
631
276
178
669
378
475
894
587
949
791
723
220
602
197
890
853
133
3
896
949
864
30
14
925
417
2
964
972
462
549
598
148
579
936
6
397
195
163
745
483
170
508
838
974
235
916
392
982
477
574
549
809
136
485
464
403
102
937
281
145
940
565
491
450
911
568
374
58
500
622
19
931
728
690
53
523
702
810
447
277
511
615
144
356
779
8
19
739
685
442
795
114
637
542
724
262
599
399
565
360
745
94
521
320
922
348
300
254
494
411
643
908
694
425
156
891
908
786
141
857
348
937
168
804
134
620
748
542
647
561
367
749
503
112
495
293
846
870
176
812
944
34
271
649
736
657
997
706
864
281
632
985
150
299
699
771
346
818
726
229
748
451
952
515
74
208
480
310
215
133
348
456
263
157
488
807
431
929
120
692
986
63
673
904
430
812
265
706
102
774
175
279
944
624
701
182
701
514
906
639
665
740
12
383
592
439
538
578
369
8
72
358
559
754
244
664
810
87
213
150
525
570
467
504
536
196
201
859
237
442
815
308
448
975
444
421
175
811
809
303
433
927
897
628
523
780
556
535
93
384
155
731
995
884
189
805
104
556
896
862
765
139
740
505
591
699
433
206
23
734
840
304
507
869
135
329
705
754
470
360
899
899
719
924
382
574
667
616
364
563
207
899
138
843
653
938
572
547
158
677
412
221
165
987
290
555
519
354
61
136
143
87
904
565
790
438
200
69
871
399
793
838
592
285
951
596
413
924
634
908
7
703
924
858
506
179
132
175
804
803
197
586
728
936
568
298
579
597
397
309
366
933
545
592
737
257
137
812
649
394
621
833
841
671
608
10
700
828
492
292
930
559
594
124
136
568
527
220
722
884
10
242
828
118
273
550
790
427
404
605
373
912
921
502
838
562
350
721
198
130
678
631
685
147
610
218
186
833
193
690
95
8
682
360
596
526
998
523
665
630
587
380
789
202
866
680
740
748
58
443
366
137
198
683
458
666
49
384
297
289
594
181
823
829
578
899
619
697
690
851
408
623
146
22
541
516
484
483
783
752
399
763
118
373
384
357
548
306
386
417
866
643
422
739
413
934
454
838
909
356
987
315
207
761
390
37
688
555
819
969
265
203
554
15
763
931
56
799
568
101
578
731
945
963
857
584
101
192
361
583
854
313
779
966
520
938
915
774
235
129
251
568
872
393
382
529
129
758
738
392
992
695
572
616
369
765
655
926
308
358
863
129
634
478
936
264
329
443
292
180
274
956
977
748
216
30
256
719
539
834
394
490
154
221
701
133
543
805
420
60
485
493
941
95
844
422
788
950
621
387
325
173
497
303
303
800
595
949
731
155
374
539
772
169
441
363
128
463
560
271
676
779
372
601
759
134
226
293
157
348
704
204
147
68
268
726
234
112
223
554
812
291
350
965
972
425
530
357
178
120
437
568
532
601
813
614
656
427
654
288
197
740
631
555
178
269
190
645
38
977
607
387
999
657
695
308
918
487
288
710
311
565
997
387
550
610
813
711
173
88
236
169
26
253
813
75
981
851
628
8
103
574
863
10
111
706
85
909
350
415
487
915
90
690
499
652
639
281
855
873
185
610
802
942
519
96
862
754
801
627
794
868
610
676
780
379
472
946
603
186
128
219
59
231
743
275
210
823
779
866
223
175
73
677
362
681
591
603
198
273
953
234
27
915
713
822
865
884
703
957
55
593
56
978
457
999
67
675
799
128
599
177
122
967
408
13
729
704
248
289
434
223
530
570
277
339
321
568
682
399
871
351
931
685
907
405
443
303
218
848
6
27
733
99
202
434
915
437
827
358
277
575
861
30
15
96
954
711
199
207
43
184
606
963
691
266
483
482
456
882
551
941
730
621
259
684
950
111
765
419
620
151
138
296
659
355
933
128
527
67
69
318
265
741
677
47
685
372
309
781
281
157
54
405
457
809
627
439
951
360
275
242
143
688
314
537
393
801
519
270
712
668
473
977
95
800
786
286
859
256
286
248
420
556
308
973
445
99
195
904
603
210
48
501
450
811
915
181
42
717
650
806
640
132
733
261
409
685
1
459
818
801
96
754
4
195
669
914
795
351
13
788
773
408
577
274
191
742
920
136
322
627
753
100
517
481
439
294
356
345
733
99
430
530
696
212
509
677
756
446
503
337
175
782
473
231
529
667
578
772
85
463
485
862
905
603
825
29
33
295
139
512
795
867
907
457
555
52
860
22
462
86
516
365
107
714
379
163
493
693
41
713
198
526
296
699
206
929
153
654
993
636
954
646
638
141
717
521
155
150
787
236
246
94
191
240
959
29
656
383
521
116
734
441
879
159
766
470
875
8
920
95
745
673
342
78
139
278
743
166
830
284
233
1
209
370
804
580
989
123
683
665
608
28
214
304
900
864
195
770
92
486
244
741
63
347
857
109
917
562
982
213
390
109
943
497
730
990
703
367
939
430
736
778
791
105
613
275
177
493
620
924
207
845
479
562
494
318
809
303
385
157
894
512
977
946
579
810
774
782
516
12
108
484
276
481
881
479
975
500
450
128
732
432
389
10
902
547
673
461
258
383
682
234
290
845
929
921
144
270
464
5
814
487
875
537
426
432
594
938
448
769
931
56
39
801
732
793
349
861
974
196
134
626
861
935
768
63
60
918
386
465
677
73
666
444
62
872
878
507
191
317
171
77
880
734
905
644
184
702
8
147
976
472
275
499
790
191
138
418
357
460
229
833
441
964
996
280
600
501
877
696
508
998
837
772
613
288
479
749
52
709
338
209
35
100
220
319
247
157
349
26
679
943
470
952
279
684
944
357
821
309
569
977
684
479
298
194
679
466
908
303
941
674
384
371
378
636
277
170
319
807
644
627
592
212
96
386
27
819
922
9
929
355
552
842
44
158
381
780
168
519
332
559
718
969
326
677
75
205
59
120
400
55
733
242
299
302
872
285
226
86
429
343
383
444
894
913
727
437
164
492
549
387
164
537
268
573
664
236
105
274
465
588
967
10
138
898
83
473
416
691
520
329
750
51
301
555
13
264
658
505
393
536
578
971
662
928
458
964
345
715
192
728
715
11
903
36
392
366
894
466
326
152
168
856
225
505
582
20
267
723
784
206
833
99
436
834
168
745
709
768
526
909
796
890
254
656
940
937
283
676
503
693
493
449
902
823
754
502
406
140
851
232
782
112
999
561
349
924
206
296
720
623
571
872
457
844
221
32
67
381
239
335
162
892
874
154
264
658
708
52
457
318
722
593
552
155
761
550
162
206
538
424
392
739
444
127
947
595
388
615
528
372
599
460
411
189
104
423
983
644
484
473
347
103
763
274
417
939
737
406
192
604
578
782
777
81
877
23
942
635
199
592
310
498
304
429
990
556
267
675
74
27
574
168
584
154
618
80
709
484
268
382
225
80
26
789
294
789
97
818
334
462
203
449
818
579
894
208
239
28
935
987
682
386
518
765
148
131
11
167
281
833
126
473
739
809
692
202
795
323
405
502
767
882
123
747
679
794
37
263
786
569
49
890
62
884
320
780
388
199
378
395
473
856
91
170
256
232
206
609
301
207
941
45
221
771
859
981
442
805
368
432
371
504
252
718
823
622
151
505
690
337
860
671
232
555
30
439
406
571
603
182
416
733
837
93
709
676
759
689
702
814
805
862
126
188
196
872
788
141
520
664
475
158
324
224
522
408
140
539
47
517
207
412
767
264
449
273
73
481
836
755
824
754
278
253
655
898
693
831
415
155
375
942
499
585
271
809
293
897
577
203
521
75
695
344
647
910
492
461
310
495
421
145
740
285
720
290
610
309
908
717
996
741
24
278
238
150
472
424
786
795
473
545
487
480
926
197
747
793
203
318
824
657
527
773
693
508
102
607
603
137
692
831
968
975
934
148
993
746
563
431
247
642
176
427
68
433
296
544
616
639
234
902
20
636
420
451
359
729
206
602
742
243
129
824
686
797
759
92
958
824
356
82
488
786
225
747
54
649
281
61
561
306
557
139
420
875
370
321
559
760
442
126
784
318
872
589
83
738
237
42
258
389
231
846
440
511
313
415
992
76
854
888
347
639
231
600
181
474
900
777
161
271
759
487
147
446
868
850
267
340
508
898
578
860
953
31
460
133
812
10
637
671
554
84
25
914
365
81
372
950
623
55
56
441
9
817
196
304
697
763
465
502
178
681
120
730
325
88
839
479
806
841
763
357
265
950
632
8
35
554
347
10
117
961
32
546
339
800
327
824
243
515
914
747
433
322
689
905
568
975
958
283
930
270
501
787
816
833
131
106
357
671
360
394
148
249
830
605
643
473
433
961
863
991
977
16
991
993
338
32
660
613
181
715
13
327
511
524
522
394
575
87
983
69
37
307
336
563
742
624
195
734
820
463
224
26
730
962
77
946
781
608
39
641
559
485
635
342
925
140
147
781
399
194
748
446
264
857
235
397
523
229
536
877
341
686
899
545
666
291
482
241
200
31
204
733
336
19
24
409
115
736
975
485
752
87
41
392
523
271
99
288
722
385
597
121
609
284
850
768
749
392
473
410
342
729
456
382
93
914
576
571
701
723
891
167
790
25
786
574
700
345
747
291
726
448
720
982
194
122
83
706
166
821
357
994
954
273
118
495
689
878
230
296
159
218
810
287
876
830
627
436
581
795
248
208
244
278
675
832
270
838
905
140
914
14
451
195
986
643
130
741
18
67
135
517
893
864
640
408
878
496
487
502
172
658
820
452
783
303
115
700
639
803
336
178
189
215
39
59
168
300
776
884
89
789
95
4
795
505
722
479
129
252
35
296
932
186
605
899
860
215
380
204
155
486
205
831
497
331
389
709
442
927
485
287
284
248
546
19
565
698
19
24
889
791
115
111
432
734
895
432
38
562
490
142
989
746
907
640
989
896
464
277
987
169
468
987
935
488
611
940
631
15
271
198
305
107
787
742
574
370
228
896
218
916
144
909
8
427
798
777
611
65
693
543
743
92
265
708
125
545
856
469
365
778
250
870
46
477
631
776
457
195
418
254
348
344
91
349
642
574
787
