355
979
674
971
537
49
319
551
930
621
634
474
301
750
930
619
146
789
411
143
420
339
142
446
549
949
810
35
56
894
88
413
423
937
348
389
340
346
967
11
285
544
441
265
88
288
932
820
126
705
108
411
349
816
691
285
726
928
89
499
901
15
376
639
854
288
21
56
52
136
243
923
660
999
881
824
977
822
436
830
881
887
919
43
309
645
486
875
670
201
883
124
130
878
575
77
701
49
498
977
516
969
614
332
549
743
110
160
163
186
356
348
790
746
471
106
903
798
971
844
856
740
851
594
106
781
361
26
352
683
102
740
801
159
981
185
83
771
706
640
595
889
33
660
657
134
352
270
863
871
726
586
282
926
973
32
330
145
258
170
884
255
934
405
302
967
253
78
698
144
411
594
516
375
174
473
390
320
495
625
707
476
106
859
303
114
733
667
325
870
206
489
835
43
540
415
168
318
927
735
958
464
916
19
971
536
857
312
145
955
647
151
324
920
652
833
619
477
552
135
624
559
576
339
867
90
646
263
459
294
10
216
267
658
929
526
499
743
548
731
837
451
108
141
632
41
128
794
211
586
473
119
503
714
349
213
894
497
591
233
90
476
352
678
317
695
407
840
480
538
4
904
416
53
738
727
99
785
922
129
417
973
804
984
109
826
737
890
993
851
476
120
345
348
903
395
73
918
297
253
800
836
725
857
149
77
582
665
864
318
190
666
506
379
662
982
342
514
23
637
193
205
424
345
581
546
921
229
913
8
747
216
453
200
986
732
784
438
635
222
316
746
415
769
850
495
410
212
127
864
205
620
976
490
143
855
554
234
506
575
762
451
586
598
995
227
840
564
446
404
653
83
795
74
138
907
533
174
228
807
308
134
197
466
84
830
661
591
123
615
984
701
576
514
560
667
415
938
635
861
497
227
568
187
640
963
731
739
567
891
944
402
248
281
676
764
320
886
599
869
101
519
357
107
391
194
204
907
252
687
95
820
102
352
241
51
999
767
470
436
949
842
107
58
576
21
710
644
599
797
432
29
307
988
974
85
492
446
343
801
255
143
384
35
161
615
707
263
645
739
598
60
505
904
432
651
799
518
206
184
767
272
884
650
882
316
503
544
505
379
758
577
3
318
377
40
870
146
394
219
421
210
25
462
640
912
83
65
26
632
154
187
947
401
143
496
453
601
820
30
195
28
22
313
701
776
752
854
617
792
907
682
756
586
25
119
686
695
569
559
836
663
492
896
958
31
246
917
96
512
616
133
775
741
131
771
825
841
559
545
22
818
129
529
526
206
874
321
984
720
932
938
850
7
961
629
326
372
300
563
377
589
160
24
911
555
839
547
66
276
690
213
722
86
360
611
558
425
826
593
216
496
859
485
95
604
284
798
294
244
933
143
418
732
128
211
256
473
512
62
229
727
999
630
831
327
660
973
840
737
435
396
588
994
959
405
424
185
627
389
842
619
750
916
887
65
292
363
319
36
545
560
381
573
600
953
506
714
930
779
202
472
827
661
606
770
902
550
728
780
496
304
358
606
138
39
589
392
520
874
262
551
246
493
126
193
722
496
888
650
253
128
45
716
180
248
540
996
443
908
852
311
568
33
901
921
141
540
967
973
855
158
235
798
348
616
726
56
905
825
787
444
513
49
431
503
746
937
944
174
762
770
599
455
87
254
125
911
147
902
938
836
926
81
792
270
454
230
94
807
337
847
465
963
739
730
692
766
683
653
512
769
407
492
902
1
464
466
953
844
529
930
210
984
305
369
91
658
640
19
596
232
485
206
444
468
606
870
335
325
169
262
694
299
431
584
677
943
345
81
101
733
986
812
634
863
900
617
175
47
342
146
956
120
35
938
10
961
134
922
709
976
345
146
536
151
893
144
727
198
756
376
5
605
66
984
822
827
778
454
439
296
173
784
242
163
485
0
909
241
783
210
785
219
423
227
337
570
262
465
857
458
598
129
701
144
630
913
19
985
544
18
25
777
952
361
280
989
96
354
627
813
686
473
408
25
79
647
636
607
956
558
974
903
698
538
297
411
785
907
421
821
330
754
960
655
499
648
373
538
215
878
566
939
150
52
662
176
964
26
103
939
717
972
290
408
670
405
270
817
415
436
159
300
804
651
63
165
51
346
731
29
360
935
748
359
371
143
702
707
499
182
725
369
708
239
34
555
332
552
182
663
700
173
734
864
386
88
196
792
730
618
566
404
85
897
119
660
290
341
468
925
432
448
682
773
630
74
682
538
121
78
230
560
597
453
645
397
423
117
194
499
295
533
443
225
499
968
493
646
598
667
341
763
383
621
817
380
790
98
333
939
177
564
674
952
533
550
401
489
392
310
981
746
99
399
446
650
733
672
817
810
539
61
788
586
507
320
776
729
368
899
32
928
176
292
334
412
768
725
853
63
649
911
257
266
60
948
554
449
425
406
407
731
101
766
310
460
386
932
698
968
992
432
990
687
617
412
622
848
986
638
262
147
502
613
993
974
301
767
723
563
785
764
290
485
521
299
375
222
142
671
747
646
618
766
460
18
729
302
639
134
296
628
743
176
834
3
875
699
962
45
694
596
626
120
808
261
714
488
538
132
380
101
607
319
203
345
46
470
716
696
267
364
181
20
389
676
755
28
66
284
471
689
391
544
160
381
252
926
780
152
668
730
351
240
642
766
439
764
830
839
918
5
871
942
622
234
531
825
203
206
274
510
625
168
401
227
807
295
890
397
675
800
760
228
997
142
136
967
448
900
539
809
834
993
288
279
165
329
974
404
118
548
919
500
3
246
993
137
594
290
622
125
252
371
579
453
160
225
549
390
212
12
751
751
542
305
232
171
464
6
962
977
922
347
821
426
730
806
26
990
398
563
244
163
690
759
816
91
381
903
741
96
118
962
262
959
972
95
245
127
226
572
114
452
314
805
288
221
512
741
993
214
831
644
936
810
369
38
20
304
864
611
620
929
762
712
613
260
105
817
49
726
704
649
266
825
569
808
612
528
491
279
137
324
969
867
894
246
6
164
634
122
964
665
462
156
837
282
424
489
504
402
746
581
173
614
759
60
972
958
430
959
958
208
223
534
375
419
354
228
708
326
863
851
615
397
191
677
545
877
826
572
471
302
586
678
301
442
93
689
94
165
80
831
294
467
438
710
671
480
592
175
55
776
294
496
451
300
204
736
405
813
407
935
296
281
415
680
876
439
271
12
285
904
831
427
902
468
75
457
395
710
244
492
564
414
404
965
749
449
927
794
346
566
381
887
376
7
987
541
407
562
161
368
635
915
159
688
642
377
401
308
8
226
674
645
245
275
652
983
953
399
389
663
246
267
373
904
75
748
180
737
969
750
9
139
693
43
836
849
798
636
69
273
649
54
662
353
424
124
35
31
898
196
522
858
124
841
149
839
908
221
205
984
518
777
552
335
303
634
427
491
375
697
715
917
572
840
476
818
185
356
765
652
205
667
715
343
880
659
193
965
313
245
121
687
914
60
597
569
949
606
238
73
616
998
630
436
683
491
168
20
130
248
997
473
846
17
618
659
350
711
684
545
196
736
710
642
298
758
185
910
410
122
386
415
629
781
682
201
931
611
479
819
593
924
447
466
585
168
276
33
195
878
171
222
722
378
935
819
937
169
43
56
739
306
668
298
178
226
716
74
520
116
19
348
113
19
464
490
706
405
382
637
626
31
393
936
414
223
416
705
667
250
748
868
492
794
430
429
340
779
552
770
541
858
193
571
55
954
172
103
444
597
146
716
688
276
507
970
366
99
900
709
861
668
939
454
577
726
718
181
438
258
889
404
624
969
918
539
30
309
126
595
116
883
246
505
543
618
405
274
596
635
393
141
42
500
890
906
358
355
358
269
676
451
387
278
755
862
668
112
458
216
395
835
302
595
28
841
965
948
138
506
629
161
522
661
214
710
589
115
838
907
564
625
699
267
356
706
123
4
680
558
879
630
150
396
78
641
610
151
478
567
974
360
461
995
27
823
949
901
673
663
582
956
50
678
14
126
981
629
315
703
719
898
161
603
387
776
599
306
714
24
756
799
430
606
151
652
728
874
892
222
794
953
530
561
798
63
825
968
157
915
57
259
163
256
165
453
288
492
383
328
458
31
221
543
173
177
457
624
965
623
502
5
243
12
790
750
626
153
248
980
381
905
839
476
202
659
726
94
982
924
232
457
748
664
644
109
497
157
677
556
926
116
439
557
208
301
269
423
284
423
120
871
204
481
610
598
398
607
81
330
908
788
679
815
590
472
357
34
771
918
712
218
983
605
76
987
510
665
212
816
887
709
540
581
499
143
78
902
13
217
88
847
988
535
15
392
579
122
957
605
65
464
461
648
28
549
592
587
