443
763
329
36
799
813
199
635
641
56
25
177
129
501
989
687
935
33
953
815
578
751
299
710
124
679
421
165
602
711
508
493
850
357
471
174
925
926
276
701
436
54
310
248
926
324
491
79
679
537
474
305
757
573
137
120
108
591
669
354
601
551
211
293
612
265
859
878
22
352
476
349
690
796
938
889
328
873
716
660
652
942
514
546
782
271
84
500
602
175
614
299
167
526
904
843
349
619
889
750
551
718
355
553
848
333
585
71
635
240
53
120
634
115
903
902
576
176
472
612
178
742
317
899
431
730
998
507
657
752
174
818
388
6
53
372
859
669
896
87
210
917
722
969
285
716
316
176
256
411
641
438
208
310
212
192
14
69
938
641
116
259
348
39
872
722
541
442
270
129
762
532
233
420
431
450
938
310
662
469
185
414
882
869
888
203
106
259
320
116
761
522
562
625
954
25
255
344
664
143
820
45
483
372
69
697
424
887
619
373
448
57
624
867
696
461
598
985
192
859
839
707
773
160
968
61
689
764
839
898
938
343
787
219
760
752
482
551
952
532
301
3
662
640
512
511
575
619
406
101
884
986
330
583
754
929
920
851
263
971
321
165
199
471
693
897
212
15
467
780
68
317
196
127
356
725
198
366
155
17
556
27
481
917
459
129
742
368
191
616
743
899
195
501
530
105
496
43
251
691
877
450
856
279
869
98
911
28
782
548
727
221
749
717
995
839
806
760
331
153
497
23
317
439
425
742
169
715
951
868
722
345
603
302
151
421
98
858
410
547
219
77
232
890
515
458
415
902
800
335
566
248
219
421
853
20
446
788
334
856
453
280
187
516
370
349
759
10
208
970
825
516
745
629
18
124
867
635
416
147
709
90
827
810
199
973
756
686
47
803
910
292
416
340
580
985
29
185
338
260
796
487
832
227
837
704
561
343
153
638
978
741
104
500
581
737
803
659
605
505
160
742
236
379
3
507
777
716
705
151
493
86
272
828
324
85
475
369
657
175
890
327
985
854
85
243
26
515
457
892
293
32
291
723
694
273
106
970
308
600
849
315
996
309
810
430
848
278
366
198
93
361
40
960
138
603
385
145
828
515
454
124
630
584
759
844
918
515
145
524
891
587
850
193
338
283
508
688
968
578
827
241
626
663
680
368
256
703
880
348
520
69
479
533
398
140
318
151
993
12
995
885
185
662
904
644
293
862
796
742
329
812
141
144
84
967
703
624
967
951
221
286
346
117
502
821
105
425
300
270
683
655
334
666
219
520
918
266
631
544
756
261
286
409
704
885
183
156
311
790
364
463
581
236
53
383
353
152
185
139
686
22
823
378
981
798
971
75
848
494
261
15
266
936
115
77
354
589
822
50
854
46
42
754
627
202
142
256
651
73
324
717
88
355
739
913
788
958
383
667
67
963
578
350
72
52
28
739
292
980
390
957
742
938
645
637
852
140
705
250
471
828
269
428
373
305
833
158
287
325
187
118
459
526
68
370
852
524
302
368
333
366
787
745
525
865
145
420
371
286
722
699
915
350
840
516
737
396
614
198
290
768
89
110
843
228
693
477
153
772
676
367
551
327
329
179
821
588
331
162
949
467
61
742
866
290
418
217
937
192
414
462
137
865
839
839
183
879
906
773
314
897
922
854
198
283
556
198
228
529
142
236
382
929
117
767
655
732
102
766
801
697
612
809
841
263
712
583
420
60
727
300
389
206
221
839
623
245
215
614
84
980
694
590
344
26
216
42
456
1
352
207
12
667
725
891
44
915
696
528
438
255
680
440
165
936
760
958
669
619
23
7
859
664
152
723
474
140
648
444
40
37
764
562
415
657
941
440
527
595
508
230
8
708
336
324
358
562
439
104
509
535
376
445
636
57
510
16
150
217
825
487
507
923
455
961
349
985
224
532
654
11
839
631
815
935
180
340
203
529
558
953
955
15
950
868
682
700
655
305
752
367
425
345
844
391
508
496
99
477
458
539
293
646
789
453
862
843
784
661
162
455
906
397
186
645
252
537
771
732
788
33
677
192
882
869
345
365
456
165
76
194
566
946
513
864
643
700
258
398
896
729
726
355
14
519
622
862
656
198
466
957
83
133
993
177
289
599
149
186
581
154
173
124
969
148
156
974
308
537
974
819
135
494
339
86
38
828
916
159
196
913
979
596
407
536
631
462
994
539
108
874
313
3
977
255
663
581
787
483
620
784
447
101
658
62
125
470
103
271
960
186
333
597
882
100
212
528
924
963
841
398
18
831
679
221
437
975
396
777
274
683
199
629
857
129
485
863
24
47
395
381
845
492
590
686
146
362
910
855
491
939
577
706
875
368
668
364
220
440
652
44
94
187
522
603
911
924
36
708
976
620
601
386
192
856
565
352
577
745
410
441
248
852
791
701
499
878
722
572
467
790
898
426
753
903
600
887
53
496
627
826
385
969
730
689
428
500
588
600
34
398
379
323
993
369
367
898
534
439
367
384
758
461
531
640
809
849
61
117
64
178
341
331
167
699
588
599
198
595
928
264
993
92
373
313
583
421
581
557
352
951
911
141
360
640
675
288
592
824
413
280
860
742
104
597
670
325
225
200
905
0
292
486
898
991
397
943
521
838
493
490
205
968
276
71
989
805
253
56
476
85
429
61
908
880
661
426
50
187
792
471
850
713
574
789
553
356
438
304
713
246
554
685
818
697
564
777
906
62
103
531
607
710
344
215
844
755
995
592
56
378
722
722
148
960
728
985
898
414
100
537
875
794
697
51
225
355
330
136
579
41
243
189
775
22
546
507
945
581
933
586
562
846
917
450
76
939
7
686
177
874
844
789
700
790
694
974
759
540
115
111
571
344
766
938
150
114
600
917
151
897
966
861
925
569
20
878
421
84
791
880
546
307
912
769
431
918
645
876
984
904
577
36
999
976
12
303
810
261
461
169
649
410
203
507
85
562
811
960
556
336
548
580
778
117
222
713
969
966
681
592
369
402
474
528
26
965
824
166
966
244
101
122
252
430
760
369
839
642
687
716
997
235
449
181
883
325
474
241
382
74
320
678
852
878
354
922
113
731
392
269
309
578
365
133
555
783
233
76
749
927
27
344
611
305
876
486
650
158
982
148
593
662
452
194
78
88
91
748
711
358
406
855
85
171
599
685
963
106
369
431
988
852
243
342
90
494
519
741
803
588
552
623
830
62
801
889
188
62
147
675
305
778
383
368
89
948
929
639
551
27
117
614
169
910
699
778
183
325
726
550
906
324
731
285
546
829
21
325
792
785
845
82
954
226
614
356
749
24
63
751
372
422
169
573
46
920
32
458
598
756
983
875
412
562
92
579
153
929
194
468
623
343
597
566
887
892
913
536
668
428
683
48
557
159
529
320
865
607
749
40
794
373
204
393
931
785
374
117
822
724
982
449
30
915
688
491
539
371
282
430
828
555
27
239
791
674
449
620
684
414
583
360
616
670
354
981
820
677
709
134
509
955
875
88
71
746
945
765
291
962
862
100
616
113
282
384
525
979
460
803
237
385
824
239
51
9
413
386
636
970
765
195
100
523
93
413
168
159
548
663
355
534
265
741
332
971
101
431
156
93
831
91
414
525
358
9
295
595
353
148
677
629
154
8
844
846
594
468
475
542
94
934
766
115
590
261
988
436
710
775
352
430
934
55
749
517
676
770
778
505
481
407
93
98
633
248
852
793
660
122
222
140
314
245
600
814
371
432
300
329
491
332
692
432
925
571
468
630
943
309
541
533
907
551
494
940
693
920
813
480
608
625
884
757
292
857
982
57
490
130
496
597
616
636
52
873
983
691
433
443
41
567
999
756
721
48
430
655
411
4
78
582
242
63
560
267
448
750
796
921
960
392
20
428
687
145
950
515
513
172
815
592
320
244
690
850
952
879
943
368
685
287
609
281
198
143
784
396
963
215
21
17
40
852
532
443
854
823
795
563
775
160
897
930
728
471
946
938
587
150
767
858
977
446
586
364
503
157
751
948
856
961
461
471
624
60
916
790
808
44
593
997
493
429
621
388
827
925
28
682
607
907
713
649
195
109
766
554
674
597
704
598
971
328
634
214
482
819
344
671
833
346
956
693
471
102
6
867
671
129
163
301
553
177
344
258
317
999
256
353
563
516
265
254
320
663
469
665
851
165
533
724
814
525
559
855
776
943
744
346
255
72
4
542
747
452
386
736
341
897
461
211
374
540
613
217
572
163
165
30
47
206
349
233
642
339
975
159
229
844
710
134
959
718
691
939
945
281
690
320
438
959
441
165
854
411
744
610
490
872
83
215
770
3
541
785
569
365
127
857
162
393
662
649
388
423
923
542
401
418
11
301
788
276
847
340
249
508
750
558
798
849
46
945
215
70
481
64
216
306
236
424
483
179
907
34
601
726
400
708
997
797
163
964
852
317
811
722
353
563
171
336
309
91
783
89
803
109
957
955
394
732
89
282
11
764
737
882
930
384
271
769
154
221
861
615
625
790
466
164
923
884
611
84
50
266
725
249
658
763
574
909
587
920
395
57
120
922
796
287
132
256
244
937
804
894
5
853
671
202
472
838
18
172
722
159
953
369
594
558
536
252
678
978
895
82
757
571
292
776
136
525
754
731
594
448
727
716
823
527
915
678
120
27
812
973
732
972
838
677
98
732
24
740
939
927
283
85
140
418
987
738
505
639
208
821
118
754
310
131
406
524
264
934
95
377
91
845
357
528
550
378
26
990
136
279
111
135
938
686
308
459
131
636
859
673
466
273
403
139
838
799
40
349
810
509
808
827
764
95
17
110
908
443
965
578
466
266
271
103
344
616
344
74
198
411
626
912
925
932
694
382
331
637
624
552
525
344
800
540
411
751
196
354
644
293
824
147
451
47
240
930
409
57
204
563
634
705
730
247
428
834
706
609
617
808
426
176
926
130
362
282
187
833
346
305
211
235
879
52
486
340
708
861
306
19
293
666
457
140
719
610
459
367
52
183
715
900
282
690
655
248
467
839
834
313
991
502
980
51
493
907
257
388
433
747
662
298
479
635
959
663
710
646
846
982
967
323
343
941
124
545
687
478
270
136
978
196
967
518
147
518
423
282
54
523
849
760
282
747
725
498
538
694
25
391
746
283
576
530
247
711
717
970
607
944
440
97
784
4
270
4
548
107
272
150
826
750
330
361
400
410
572
618
316
997
709
783
618
244
642
136
680
190
255
576
413
945
484
846
119
503
337
652
364
292
700
643
865
799
47
881
174
923
175
169
498
880
734
837
595
203
634
89
629
487
287
367
388
910
15
363
197
344
986
371
198
462
25
197
54
212
883
477
351
409
491
489
568
52
377
506
191
716
668
849
540
532
441
508
544
178
13
420
140
315
686
556
526
452
976
16
335
463
252
48
936
248
835
991
922
875
584
756
300
413
539
996
215
35
65
378
38
426
673
733
81
332
890
988
97
892
744
216
150
486
309
766
979
806
124
728
643
691
32
862
989
640
931
542
139
143
491
910
961
514
311
578
776
440
688
230
234
951
986
937
40
516
426
740
606
901
137
910
304
759
950
429
527
769
585
475
812
996
156
803
701
805
36
734
101
329
597
599
981
260
669
543
288
109
6
117
277
314
927
334
21
523
36
348
804
294
121
247
853
7
342
853
622
841
644
655
715
797
846
817
22
685
571
85
532
134
615
382
338
440
433
628
830
484
911
896
99
225
118
493
588
546
318
145
777
423
930
327
311
847
845
171
34
167
616
209
774
617
688
202
355
684
60
883
671
332
196
292
933
46
429
699
579
603
321
834
121
134
707
995
381
491
984
582
756
829
993
909
603
476
133
245
19
410
995
113
579
881
877
452
759
155
225
91
703
604
817
37
874
888
162
464
161
605
729
320
904
732
217
790
223
266
474
12
359
53
547
905
7
477
256
685
502
369
927
242
819
99
212
181
737
921
756
792
446
609
814
317
747
904
101
585
277
279
163
746
121
722
928
142
831
694
176
634
381
711
978
28
37
11
348
350
81
247
460
208
50
964
729
184
223
829
425
408
251
87
436
140
639
845
293
574
655
559
888
280
81
119
391
109
575
809
286
797
870
700
55
484
903
360
304
605
730
638
584
520
899
950
169
933
389
545
990
387
690
821
798
482
605
326
657
529
54
671
287
741
92
517
432
879
266
395
534
73
744
631
926
749
722
265
334
193
381
291
712
507
581
938
244
412
125
672
853
852
254
906
10
43
976
333
588
775
638
752
958
351
459
94
840
843
947
578
567
957
29
751
743
728
620
868
816
347
573
832
870
402
946
439
34
754
365
529
566
943
665
979
478
284
977
381
530
949
724
535
576
548
360
272
926
279
35
573
237
106
817
27
601
631
736
713
837
358
471
532
275
970
93
608
473
219
446
120
415
969
359
555
661
35
411
331
378
868
894
923
7
686
990
252
193
70
26
500
381
428
11
580
775
326
79
572
307
56
804
461
348
33
233
682
74
293
800
548
862
155
856
721
153
482
343
880
555
285
757
940
336
616
787
787
565
165
603
665
192
632
433
654
804
323
54
112
491
95
189
22
503
176
6
475
737
635
497
43
171
54
101
782
737
228
774
101
921
540
172
13
379
726
752
575
356
25
970
706
789
155
437
830
328
318
532
894
466
387
494
737
796
447
797
444
628
918
749
312
416
944
231
467
122
38
725
934
303
377
192
714
2
856
773
896
446
363
838
468
768
385
732
301
834
882
578
396
612
826
214
838
782
11
672
119
552
453
21
709
402
565
533
902
759
919
368
487
588
129
39
787
679
574
879
916
58
380
992
944
919
723
620
211
70
802
643
285
681
791
19
688
640
658
877
473
952
414
626
808
455
670
653
693
667
937
945
937
360
801
75
342
80
909
691
284
452
536
108
122
673
142
179
533
350
732
84
503
418
825
583
87
610
940
426
712
496
155
648
841
791
973
551
657
475
925
191
605
965
75
758
544
180
937
257
878
704
95
477
716
911
35
612
111
642
552
491
671
674
186
639
360
988
108
47
366
436
142
485
98
485
742
863
133
174
457
826
79
209
654
358
877
93
568
588
389
819
415
771
351
13
9
418
817
178
753
785
191
975
396
304
502
519
485
97
156
747
516
753
941
645
607
561
820
454
317
67
332
248
395
472
570
53
261
542
122
38
738
223
186
720
36
252
710
768
603
384
57
799
454
114
732
633
805
819
47
312
821
221
250
757
873
652
358
894
769
102
196
963
2
997
649
307
954
518
862
35
886
666
528
934
177
50
832
489
387
95
64
277
517
79
64
759
76
884
853
780
138
486
126
654
68
1
234
260
496
969
153
485
832
9
933
76
532
124
724
104
967
203
773
315
352
636
845
482
842
867
941
795
882
779
978
354
998
749
352
807
661
457
292
193
934
723
428
166
408
980
677
650
499
449
882
812
426
569
411
705
862
903
729
16
96
551
452
756
34
766
952
128
810
915
258
876
580
161
674
758
539
966
247
548
172
30
137
238
184
704
751
993
468
786
645
773
942
353
154
319
549
272
412
115
325
249
880
138
774
538
354
521
273
647
637
426
38
174
591
219
629
207
404
597
87
153
678
23
512
770
686
496
403
463
401
692
425
385
306
22
240
241
824
875
493
338
828
231
494
548
497
153
669
169
936
745
292
600
102
418
866
711
77
19
120
94
740
703
387
103
883
252
822
41
328
713
763
11
855
40
965
477
474
235
853
619
332
603
224
11
427
355
785
445
266
795
424
82
448
8
766
965
345
73
28
999
286
301
264
447
619
312
98
606
605
724
345
823
71
668
845
789
640
500
705
208
90
276
943
391
689
852
775
865
509
961
926
591
150
988
63
696
28
252
88
776
921
930
700
771
867
555
392
876
785
59
716
330
48
971
921
713
843
493
721
894
366
511
663
956
445
387
420
37
190
207
219
362
687
776
770
243
405
737
837
850
858
274
344
881
610
132
449
492
882
648
376
129
542
679
325
668
558
580
780
343
180
582
606
807
148
738
519
57
384
149
952
467
311
390
497
120
370
994
709
499
523
842
745
37
450
606
722
193
125
293
442
844
98
324
31
858
77
68
152
27
137
281
685
341
765
244
786
819
340
490
375
939
736
141
423
318
709
144
43
8
758
840
979
407
814
446
32
888
764
34
321
156
508
241
544
458
974
678
671
159
782
103
333
920
575
878
879
608
468
856
492
404
885
43
682
796
106
952
151
733
127
743
477
121
412
674
532
383
120
2
381
967
826
550
665
934
115
514
28
855
371
891
618
763
710
512
292
167
867
853
614
268
305
689
472
940
846
408
447
296
182
675
247
55
756
122
896
224
64
539
914
672
349
564
799
759
398
901
811
885
924
57
338
970
374
579
190
875
38
358
483
529
804
220
226
843
137
928
46
459
730
119
798
598
7
56
959
277
431
341
422
465
570
65
319
508
387
481
77
866
583
120
798
773
430
595
129
616
837
259
215
531
414
64
292
454
13
394
792
129
383
731
254
8
953
113
521
204
858
607
510
843
894
579
266
194
688
554
632
585
660
208
759
660
806
68
254
954
194
327
669
663
265
165
730
236
636
68
436
998
305
114
911
52
871
779
124
562
47
887
812
882
761
2
994
794
112
693
90
192
51
243
546
826
697
958
755
547
504
719
267
576
226
540
43
368
421
123
936
593
718
461
345
896
489
646
307
792
823
793
804
604
212
272
18
991
547
113
23
608
353
461
140
932
363
858
215
444
893
768
442
661
73
504
585
293
543
279
40
315
623
683
751
744
896
205
963
306
796
452
41
448
770
194
986
871
527
216
806
794
963
525
606
0
716
331
426
800
209
842
67
607
948
518
151
498
140
820
87
567
758
410
798
725
888
804
512
533
763
994
156
768
954
15
264
55
179
140
104
546
72
995
914
704
562
528
649
853
676
625
955
730
703
559
513
974
407
788
979
553
433
500
374
697
23
33
788
910
642
542
414
825
707
269
159
58
902
292
688
293
755
649
923
478
66
151
671
20
506
817
928
553
287
331
855
578
902
112
109
449
965
685
64
880
76
604
727
400
82
213
528
983
798
296
124
136
947
270
491
844
142
37
713
367
207
961
484
806
82
647
241
124
465
597
26
635
424
470
879
687
972
577
374
638
281
665
912
988
838
232
89
451
47
124
715
88
71
523
968
625
688
459
154
986
817
930
546
518
482
476
913
155
927
851
957
62
391
865
459
238
0
664
614
637
832
147
746
960
810
238
192
815
140
199
382
32
353
408
385
278
399
764
394
159
647
167
66
316
925
803
643
433
179
652
181
12
22
165
554
490
172
956
479
725
377
856
807
810
21
899
973
726
155
698
141
553
992
753
640
139
6
675
259
122
741
264
675
334
485
887
879
251
42
138
817
430
300
273
122
931
665
671
305
995
290
865
112
531
511
301
460
415
103
215
167
677
265
974
107
86
976
61
660
8
102
701
867
422
176
119
587
17
394
32
282
367
303
854
30
90
446
7
641
596
292
648
538
406
75
347
489
904
252
90
151
530
710
647
520
649
378
462
398
78
322
858
747
752
294
516
442
306
291
643
595
55
393
829
89
777
535
739
266
129
941
514
771
280
573
870
428
916
270
553
823
335
519
689
889
601
517
120
178
334
225
261
223
747
409
887
473
873
513
778
553
379
222
474
867
700
63
436
660
98
832
405
74
528
268
881
766
471
702
933
984
179
396
41
32
620
97
541
596
723
373
756
587
261
28
38
388
748
560
991
156
904
27
389
354
956
69
863
553
213
414
752
346
182
384
179
898
462
636
89
751
155
80
797
443
552
290
865
827
554
20
401
366
968
76
573
405
720
422
853
956
975
232
861
170
216
674
567
882
310
208
895
726
877
477
698
501
714
469
384
2
970
223
0
993
680
654
82
813
337
51
744
763
721
201
414
373
728
196
105
796
887
966
324
77
84
200
725
942
934
425
894
414
842
542
647
958
339
294
136
120
792
209
572
162
208
109
890
983
473
476
805
643
957
445
563
568
885
541
259
465
896
218
647
211
564
444
625
187
158
232
226
40
500
306
22
718
647
87
139
772
870
549
640
531
709
775
33
995
13
592
929
971
276
659
97
357
21
277
900
748
539
288
269
650
631
36
816
51
954
636
397
72
996
299
420
568
50
561
498
361
645
565
233
703
71
625
821
951
401
917
315
19
496
249
428
354
127
986
679
651
93
432
125
934
183
810
774
343
936
702
465
32
580
633
240
538
4
639
682
47
500
456
266
879
641
991
788
740
718
760
0
460
821
38
335
532
330
966
154
276
315
91
531
514
340
775
139
902
952
810
778
264
609
810
797
385
536
400
289
924
216
819
653
226
893
571
694
140
754
643
349
553
696
740
307
589
506
667
268
490
261
686
209
717
262
720
519
7
699
318
398
558
59
821
588
976
249
858
935
364
284
446
801
589
682
836
53
235
578
281
825
543
89
814
588
987
653
797
774
293
365
358
159
382
761
524
159
34
254
201
333
294
945
218
715
169
189
288
599
553
296
5
228
940
168
872
534
639
234
484
741
21
667
91
33
368
447
346
284
221
559
682
733
319
256
211
504
723
926
788
146
75
960
587
571
602
700
549
36
947
859
771
16
270
519
690
295
367
585
437
285
876
80
25
994
108
636
29
610
871
608
772
781
477
149
600
672
895
339
604
906
124
386
997
971
785
863
7
342
873
627
56
968
252
485
355
449
535
888
228
551
200
215
435
969
979
740
78
569
518
288
367
523
638
324
471
226
92
23
453
794
96
728
160
384
80
259
556
669
605
513
988
49
34
319
517
245
201
81
275
313
212
79
123
491
549
973
475
777
795
65
209
262
121
670
895
360
269
813
480
835
906
563
442
318
610
581
568
586
3
111
994
851
724
885
891
936
