768
537
335
405
686
896
732
943
941
262
310
456
84
401
197
820
952
937
766
96
822
748
921
498
197
460
177
162
643
835
245
309
546
726
663
280
542
911
872
897
782
717
221
664
716
279
835
109
291
717
243
484
916
791
841
83
653
279
543
44
431
241
49
973
962
947
693
389
583
527
881
593
497
237
792
573
873
901
226
590
781
387
391
651
213
907
880
772
857
932
259
691
90
977
65
7
356
122
533
632
60
889
555
877
668
137
570
8
336
233
127
235
868
469
904
443
340
773
698
714
863
679
96
804
377
680
489
136
628
408
283
390
794
420
218
655
890
556
31
383
596
660
719
711
435
592
137
39
454
841
339
601
290
140
74
858
528
354
68
425
6
274
925
841
933
617
969
748
111
524
732
141
114
221
612
311
294
145
23
516
679
762
431
725
70
784
574
297
122
578
128
449
703
538
828
887
353
431
838
719
599
620
364
38
14
77
339
559
809
802
869
525
506
748
105
746
384
685
672
173
244
548
575
722
858
198
422
732
337
80
324
742
830
936
540
7
44
915
216
771
496
753
704
774
92
669
671
699
426
792
3
931
410
925
479
617
650
504
662
603
250
512
14
387
65
803
479
963
807
65
39
294
759
848
675
315
936
966
467
253
722
814
203
990
440
569
458
498
533
478
177
895
543
724
369
507
139
707
481
734
795
11
379
886
11
229
698
185
36
189
307
388
730
721
340
530
97
451
53
737
927
730
458
399
701
63
394
986
591
555
247
580
974
390
730
173
983
42
346
778
122
878
209
252
480
302
460
964
969
792
148
898
554
370
317
700
872
750
475
987
419
7
572
2
642
142
767
720
959
805
38
581
446
172
722
32
255
794
116
959
470
203
483
504
835
160
207
860
787
29
649
316
755
347
413
323
796
566
869
306
847
464
883
163
285
612
778
542
124
375
786
671
482
705
574
624
751
226
100
26
667
831
960
975
225
3
917
267
695
346
185
513
339
681
60
946
59
65
597
928
481
171
857
600
721
509
257
390
281
490
118
18
708
424
852
249
538
539
952
71
296
959
768
391
447
515
205
933
988
664
719
746
828
816
494
711
337
916
696
629
317
478
844
745
721
925
401
165
395
423
995
9
411
161
12
809
536
569
395
152
67
53
28
218
743
52
492
47
92
386
718
139
743
201
423
402
487
850
3
297
975
267
882
800
379
99
298
107
561
489
721
720
469
179
424
82
520
66
247
388
622
721
969
362
987
239
77
985
722
66
845
831
514
956
567
781
653
266
46
609
733
726
228
367
317
382
206
640
498
749
68
515
277
672
275
63
150
371
97
699
701
546
117
36
992
484
736
790
821
721
324
262
578
604
975
131
129
99
684
445
961
339
6
46
843
345
298
462
138
403
72
378
853
813
421
700
909
688
377
222
614
749
464
23
300
191
519
320
850
29
196
544
202
95
626
707
44
560
576
602
493
834
197
812
62
192
43
203
285
500
373
801
877
545
637
368
173
394
630
529
991
161
675
948
607
68
235
574
222
682
730
241
922
76
629
557
771
158
249
564
989
220
472
987
109
282
737
957
674
587
971
586
458
499
958
356
342
504
278
706
707
259
892
261
61
813
107
815
321
972
372
588
344
373
159
753
860
851
862
17
928
621
647
7
896
982
927
125
977
142
966
154
103
254
586
315
650
609
787
224
676
693
816
223
658
41
901
350
324
449
818
585
874
428
137
268
212
15
595
179
142
506
423
893
319
752
416
286
285
308
586
827
31
902
25
313
791
621
302
23
809
23
567
818
716
788
794
998
363
169
478
409
288
816
886
412
727
884
978
388
51
738
675
421
463
507
307
621
235
110
743
486
928
858
939
805
962
201
968
520
89
384
796
77
124
220
302
837
387
822
580
375
447
799
603
33
216
775
394
249
938
918
515
761
245
949
344
409
800
871
646
135
146
290
432
105
996
130
635
227
622
532
705
228
124
855
509
531
973
526
970
319
641
59
687
659
4
941
507
0
82
146
929
397
25
480
312
858
574
878
274
338
717
751
767
935
400
214
613
551
363
365
342
708
602
855
574
905
720
502
40
520
93
366
220
672
506
105
535
332
900
292
550
759
443
686
360
219
687
264
856
665
262
776
860
43
195
600
941
686
334
835
787
555
940
464
836
795
67
574
224
770
100
16
604
725
766
514
105
966
403
401
105
166
921
442
934
450
183
400
103
726
393
57
367
453
787
490
499
67
822
62
248
586
569
326
303
88
487
74
343
754
585
37
165
793
433
599
977
803
922
901
816
477
798
467
378
444
766
673
144
891
848
939
596
870
760
522
620
837
317
248
116
740
958
681
759
375
705
148
610
195
248
81
605
608
761
741
311
674
433
105
301
39
868
649
510
803
211
576
62
358
818
232
845
479
477
39
555
355
30
149
299
502
878
874
337
553
494
853
961
388
736
182
502
843
671
61
507
244
191
652
561
793
243
271
566
561
986
436
518
345
684
893
977
455
198
379
537
127
352
836
262
414
344
749
511
676
949
418
631
391
329
530
954
650
195
744
987
644
865
900
411
213
639
785
32
227
982
319
240
299
356
360
304
452
539
344
973
173
457
717
646
150
628
958
324
451
471
840
407
973
326
436
519
83
210
612
572
815
25
676
994
763
981
253
196
841
903
324
540
154
712
570
172
878
124
853
756
946
731
283
624
280
53
38
813
40
210
627
416
692
115
389
996
594
752
182
534
426
783
678
414
175
246
364
756
355
389
777
781
346
459
884
641
641
787
712
98
927
514
369
122
697
336
237
73
284
625
0
986
139
791
360
25
481
750
744
132
8
859
975
179
480
642
616
13
131
659
932
248
205
839
835
269
753
181
258
806
710
523
775
972
608
91
512
169
531
429
737
815
915
531
627
643
30
37
282
538
83
176
647
782
124
229
149
484
767
108
223
86
747
500
190
808
149
768
176
169
41
647
19
240
270
199
658
440
226
23
582
794
493
792
134
109
274
808
337
845
968
971
712
685
655
509
801
170
653
224
86
973
896
375
11
540
582
405
230
423
728
765
130
330
677
527
36
828
962
651
742
786
168
125
193
336
758
109
85
573
565
721
372
858
459
642
53
560
222
696
165
259
666
891
279
182
78
639
316
396
377
994
990
264
298
110
398
282
949
118
453
327
233
54
848
419
278
779
284
102
756
244
81
600
14
252
844
202
974
245
636
443
122
139
253
75
804
610
707
456
543
148
118
162
165
387
412
525
669
264
845
123
386
301
888
67
271
21
98
18
31
222
398
572
529
632
72
903
136
445
180
197
496
861
868
156
660
212
254
795
861
522
611
563
773
840
644
871
538
274
896
858
821
869
112
36
514
502
459
48
403
140
541
173
29
27
578
679
883
758
233
153
609
464
235
306
209
383
643
73
681
222
791
190
614
158
533
206
930
952
569
234
528
409
866
973
72
562
565
120
774
947
832
612
557
788
201
596
977
192
695
196
762
326
94
985
453
741
416
727
684
923
599
577
621
42
871
64
200
296
744
563
49
33
169
960
110
19
72
876
19
710
286
700
905
590
39
857
997
486
351
2
4
115
656
96
740
290
496
779
894
71
447
68
336
131
455
31
303
857
332
568
833
829
395
758
440
273
254
408
243
830
197
715
358
523
857
797
226
949
609
793
600
403
48
967
398
261
278
815
764
305
714
954
872
937
777
126
189
308
984
52
170
7
366
799
927
328
693
418
539
415
487
391
465
178
68
704
144
699
873
860
673
288
837
24
580
982
862
542
307
667
433
911
216
695
6
913
26
758
921
925
490
965
116
39
157
838
386
99
482
297
382
865
347
113
378
884
32
473
213
892
342
841
628
374
615
289
208
541
844
304
832
256
749
305
389
640
968
915
395
99
552
540
576
746
229
241
29
539
761
916
257
524
787
923
293
29
924
777
290
544
663
507
343
168
438
633
358
971
567
758
862
366
805
86
35
419
155
548
577
721
883
493
824
569
373
444
945
64
875
475
799
862
161
147
1
41
602
976
676
223
53
651
253
230
111
997
443
114
138
541
355
842
706
335
997
367
568
818
108
939
888
483
723
249
133
947
979
311
413
98
801
941
943
22
460
545
112
92
628
696
252
426
526
818
50
222
484
595
281
887
641
578
270
766
946
352
0
744
928
390
706
211
858
379
639
506
24
17
909
991
778
827
399
412
615
85
342
646
953
144
426
783
893
425
243
303
904
156
92
813
469
802
503
783
388
428
427
932
372
507
937
346
233
942
631
290
113
599
723
180
176
114
634
487
851
131
537
105
265
787
959
368
246
639
94
803
801
61
230
328
157
387
986
698
437
246
646
478
680
788
333
378
141
150
274
987
344
702
60
122
385
273
917
99
502
216
987
81
551
729
909
441
199
453
538
465
186
942
690
45
482
671
904
230
380
888
887
311
423
860
954
486
788
872
448
650
393
771
604
591
776
253
843
580
989
493
662
85
740
67
135
266
593
990
832
379
801
450
214
46
445
98
413
815
495
567
726
194
116
522
883
616
130
852
756
372
339
871
449
465
400
671
815
386
825
259
312
61
960
411
971
381
37
77
330
106
356
935
162
415
251
723
350
232
431
258
252
142
591
950
313
881
776
257
536
329
103
667
845
408
557
980
768
983
524
759
629
380
72
886
137
61
849
664
567
236
797
492
872
206
130
296
352
305
881
387
85
258
846
307
859
761
836
243
187
401
69
957
546
208
863
552
701
311
867
190
34
62
191
197
690
728
658
472
227
526
23
721
234
34
835
357
702
402
673
451
287
119
37
851
476
706
582
328
516
842
508
649
493
324
856
105
849
15
707
689
806
234
759
287
676
573
617
734
513
305
992
9
328
445
480
677
953
406
367
306
522
225
505
461
538
984
934
413
918
504
424
632
261
315
651
354
54
454
877
154
593
649
38
336
875
446
561
38
539
536
615
571
561
210
493
14
942
856
140
709
495
534
910
369
531
100
736
190
988
378
627
308
762
182
213
901
755
495
852
276
207
292
211
406
23
798
309
696
469
623
277
148
95
982
240
89
109
881
555
885
82
277
302
458
624
228
242
299
164
507
582
922
336
55
885
367
967
508
100
734
971
538
279
366
810
516
27
978
375
574
886
69
333
458
515
79
7
535
81
94
274
959
811
915
492
356
954
155
325
310
471
582
811
219
429
527
677
171
554
817
901
455
183
866
168
278
877
38
770
307
799
651
818
431
726
684
117
86
255
109
534
273
201
810
627
87
891
924
43
328
634
529
419
640
280
503
183
29
424
421
382
373
430
485
399
742
292
210
768
403
326
450
237
16
423
792
709
419
941
9
168
639
615
392
940
286
47
520
271
706
522
470
511
760
635
609
725
97
480
895
504
743
741
845
126
144
596
58
77
90
855
977
248
187
644
145
765
940
310
682
331
754
140
350
89
592
923
986
105
636
615
720
579
252
679
75
206
509
477
165
937
592
93
136
488
842
733
463
66
262
371
672
783
872
845
266
855
985
840
629
30
642
428
497
467
503
239
910
136
914
702
517
299
921
83
67
3
117
431
40
119
136
792
439
312
674
150
692
390
839
328
676
912
456
692
462
717
325
763
965
352
229
842
934
161
793
765
973
549
955
406
966
927
910
835
362
408
122
718
81
202
998
685
486
259
394
210
379
85
97
589
881
618
727
782
772
84
661
679
882
251
174
413
726
511
380
815
733
445
748
198
564
359
235
813
276
764
315
683
516
319
279
363
849
707
703
789
139
987
15
757
575
95
434
48
901
219
847
343
709
602
541
989
835
249
433
842
28
718
312
634
132
750
995
480
974
45
79
867
775
497
253
419
823
840
877
181
773
887
913
609
446
676
905
101
729
755
652
562
178
989
285
212
9
591
313
840
166
15
235
141
324
289
106
669
247
863
321
53
539
79
304
240
298
982
52
938
930
562
448
232
489
494
693
701
261
110
118
686
524
802
305
351
101
112
594
143
186
842
146
126
587
118
295
336
151
548
57
545
489
354
609
135
741
355
789
255
14
735
324
992
589
148
563
676
776
786
713
509
596
484
622
644
320
553
994
308
457
642
701
54
947
719
259
765
467
27
137
649
302
334
857
449
212
464
757
489
191
594
52
115
498
265
670
290
648
764
182
722
923
813
675
844
29
484
26
261
798
447
500
589
538
310
800
485
822
82
69
25
751
894
325
750
912
581
497
53
126
59
165
461
337
632
520
423
401
407
523
723
306
997
723
104
558
988
13
296
366
231
413
225
132
816
250
536
880
549
73
401
413
801
141
673
448
527
336
612
84
994
297
74
68
655
442
741
710
812
36
718
944
138
673
957
483
837
334
998
744
444
59
256
219
380
105
858
147
503
759
687
146
34
40
560
903
956
508
592
454
426
585
835
769
567
631
407
133
553
653
669
500
455
587
121
778
318
141
84
542
299
472
939
991
258
916
328
600
29
174
22
242
273
561
243
980
778
816
750
41
559
251
991
55
592
844
622
823
412
797
179
574
255
743
493
119
304
609
518
18
448
876
275
445
134
831
106
974
920
771
788
666
780
821
641
165
973
859
43
158
417
893
979
446
95
330
592
350
918
28
862
362
680
73
898
381
421
878
404
474
436
170
357
708
68
301
736
675
737
675
525
300
819
713
568
787
768
755
681
815
705
671
956
851
817
802
528
85
58
636
141
44
778
298
878
579
251
225
694
548
505
506
168
723
684
278
150
568
21
311
715
896
469
176
988
745
272
522
896
664
993
716
225
233
319
207
603
658
933
811
569
980
712
610
175
303
361
55
617
274
922
657
267
499
205
522
434
177
800
86
551
867
717
347
308
748
214
460
959
6
205
977
99
360
538
279
126
942
262
400
470
900
3
398
508
526
470
433
730
686
845
538
504
579
123
891
930
322
171
622
406
620
929
279
290
124
11
494
290
619
430
845
599
482
37
890
691
619
620
833
224
452
508
498
184
474
591
74
288
662
874
216
814
958
883
823
585
51
352
851
783
817
550
890
945
585
691
968
747
159
963
622
88
696
127
377
555
901
485
491
8
388
960
840
272
33
823
230
987
937
547
161
808
958
794
515
328
76
690
93
89
486
135
805
158
422
844
420
876
680
288
586
127
649
944
503
618
457
299
337
190
690
819
158
578
788
54
493
321
511
260
749
993
180
147
513
807
513
887
630
943
775
501
451
849
480
702
260
40
122
905
171
997
931
313
627
496
321
662
418
54
103
271
459
662
109
141
45
373
397
666
524
433
181
936
442
563
790
959
873
797
248
286
151
459
368
635
359
655
487
901
784
252
56
302
452
932
477
31
31
757
246
715
770
134
984
309
971
639
494
678
475
734
879
534
972
550
731
12
164
722
803
953
882
256
724
222
180
64
456
285
954
35
745
373
299
169
35
880
819
194
573
647
749
438
819
205
219
657
787
648
655
142
177
276
692
324
850
641
966
414
409
877
579
532
506
965
308
166
505
500
268
929
166
782
213
546
127
142
937
208
953
252
155
190
541
482
306
118
907
469
383
657
758
137
724
154
940
541
137
418
247
654
708
926
109
920
428
918
873
695
267
711
539
211
717
935
979
353
985
216
349
102
51
317
969
438
11
2
483
243
574
929
490
906
462
887
750
272
561
269
219
258
667
793
405
241
865
645
807
467
339
983
35
894
757
72
304
352
659
833
923
43
446
214
692
692
679
318
855
778
862
899
882
859
295
140
177
34
442
915
836
261
318
136
74
203
706
355
333
467
127
793
137
287
989
286
866
816
209
161
785
826
792
285
570
200
298
539
494
915
5
781
256
827
797
118
613
832
846
933
861
274
590
608
929
853
505
980
280
289
785
259
186
293
890
487
440
659
40
770
605
15
798
608
861
193
844
756
409
50
452
823
28
827
593
608
166
576
28
933
626
636
300
191
941
582
465
292
294
409
302
901
900
402
680
16
257
810
15
336
865
419
313
952
646
872
21
583
428
941
754
732
700
429
917
83
407
226
793
232
929
214
758
240
791
969
48
120
886
540
491
877
258
201
816
985
183
886
839
583
360
974
369
942
361
583
640
10
259
19
21
112
796
318
790
879
865
30
186
628
17
529
946
478
614
920
766
417
979
456
425
422
69
9
531
839
359
816
529
367
446
183
50
576
997
909
512
894
518
280
185
377
222
773
746
649
76
34
735
778
758
44
105
790
343
634
972
201
729
522
204
968
291
409
764
835
647
966
138
602
683
264
74
355
33
462
686
681
189
597
679
224
963
908
858
533
451
451
530
803
650
986
758
688
982
822
70
382
165
686
23
413
35
52
977
533
390
166
2
842
351
900
625
888
560
709
984
358
868
810
63
431
47
124
545
715
692
585
221
212
701
289
524
932
114
831
777
708
801
762
690
911
998
868
146
486
783
810
136
476
591
970
255
553
125
867
795
180
432
422
421
90
121
570
947
523
221
693
167
387
110
494
922
646
405
439
549
933
469
537
820
501
319
775
432
38
406
885
687
505
246
617
417
267
382
911
18
766
759
650
847
743
624
526
831
178
608
939
743
977
95
852
866
212
520
62
68
994
471
252
9
717
491
911
734
188
985
138
787
570
765
243
52
611
445
174
259
287
156
788
172
895
519
400
189
525
831
570
839
776
676
517
933
540
691
299
592
168
988
256
948
225
642
971
403
148
559
33
196
129
980
252
944
387
554
433
153
499
280
407
918
469
625
235
903
106
241
377
114
188
708
268
0
584
563
671
560
350
380
196
397
372
636
953
750
296
588
691
66
324
29
498
845
716
90
380
460
619
745
405
57
67
197
220
819
68
3
121
254
948
454
195
450
436
129
182
851
531
33
1
564
211
229
933
944
841
218
626
119
979
975
212
161
514
346
978
786
87
958
487
594
914
378
793
47
845
342
143
498
751
68
760
835
508
209
183
442
322
839
754
187
782
632
353
445
741
201
699
551
711
817
636
167
5
956
212
977
683
352
657
904
721
971
372
844
315
735
625
304
432
811
800
398
576
432
984
18
63
581
811
16
38
23
813
643
616
488
846
210
866
218
431
225
908
33
161
634
132
10
705
5
306
124
95
547
605
530
174
571
660
985
494
168
874
764
373
407
552
490
604
712
110
137
445
976
565
121
298
169
955
495
113
487
921
924
229
231
810
682
278
406
969
627
87
203
53
325
168
650
937
190
314
46
124
128
848
114
295
368
205
477
292
369
184
344
988
168
428
884
313
444
164
733
50
333
419
917
365
110
810
590
630
623
283
0
382
675
834
251
511
315
668
274
203
749
367
972
869
37
273
344
759
349
388
844
826
172
878
842
884
329
120
96
68
747
228
362
297
423
521
534
320
124
676
836
36
14
276
584
456
261
183
990
840
769
979
280
838
580
164
486
256
604
452
395
30
332
466
65
857
655
449
608
7
496
432
592
836
536
50
768
330
797
476
2
376
275
172
973
89
169
969
374
516
987
733
988
481
752
654
719
899
535
948
997
296
819
566
536
725
56
693
751
862
480
362
792
884
815
699
391
944
855
336
541
139
897
140
839
560
545
623
986
129
836
864
864
38
905
744
906
740
273
738
139
609
844
238
492
398
498
677
897
470
834
62
887
763
74
207
176
128
652
39
981
856
370
712
790
317
670
315
561
581
440
524
69
759
212
900
250
380
839
156
576
240
950
959
168
183
555
33
570
868
413
108
995
877
723
433
35
50
637
707
201
924
944
455
428
755
251
879
247
928
210
519
567
409
375
327
252
843
495
798
866
537
656
464
243
178
774
174
114
761
612
19
422
118
469
223
66
570
863
653
629
783
216
527
163
126
328
825
183
562
595
747
611
530
905
743
278
228
668
131
808
261
654
393
13
157
92
361
908
23
818
488
690
174
156
282
712
754
815
258
470
202
498
523
706
892
196
815
969
64
699
12
889
691
166
199
441
158
840
112
701
342
738
645
273
615
179
130
97
370
990
166
164
286
440
514
779
346
789
514
89
680
367
262
576
574
161
954
581
278
598
168
722
309
577
272
703
800
408
774
155
946
194
865
460
562
802
364
425
953
304
453
745
42
202
147
362
178
524
829
935
551
529
190
647
101
284
468
238
379
224
791
186
341
840
999
572
98
571
790
361
309
344
684
141
393
731
74
27
597
801
870
434
239
437
597
911
733
727
766
883
598
702
899
346
279
922
299
992
274
992
803
551
313
251
27
177
664
483
404
446
480
941
935
443
552
703
865
591
830
846
355
947
524
670
277
374
485
725
154
562
942
604
295
598
369
635
365
433
229
264
343
112
386
260
349
180
776
338
670
587
599
261
12
489
960
573
89
666
267
37
920
999
778
524
87
115
26
749
496
825
706
654
902
796
589
58
92
970
121
491
185
750
241
327
568
465
480
542
372
572
740
94
505
924
282
170
37
594
176
637
350
870
581
815
461
111
45
171
232
690
977
365
53
781
803
370
49
575
23
629
353
142
964
203
400
932
194
533
696
254
862
416
476
394
689
306
9
325
583
2
900
391
186
364
38
476
583
881
837
455
912
655
492
349
369
746
171
827
390
822
585
268
833
392
669
971
938
720
492
722
886
605
269
533
482
989
353
686
913
247
862
110
665
160
826
812
620
797
556
653
306
371
734
736
756
201
846
964
11
751
93
513
303
646
663
280
300
379
728
464
990
689
216
390
525
618
45
992
11
370
864
534
491
32
970
741
996
601
844
905
418
731
197
647
262
907
966
628
172
19
450
438
458
20
345
237
832
523
403
77
122
907
90
258
923
944
217
624
772
571
865
471
594
527
706
279
286
478
629
22
133
736
480
131
416
778
459
38
134
855
56
966
997
766
328
318
927
975
319
869
809
963
913
376
279
687
799
215
547
492
569
857
597
975
272
884
532
728
779
917
355
345
414
432
766
413
492
805
739
66
49
207
142
868
650
466
485
288
512
584
498
89
255
232
71
547
244
941
747
26
997
382
651
317
755
558
212
909
803
2
780
708
402
395
936
588
566
184
976
565
889
89
95
673
144
537
383
656
539
729
561
324
973
13
802
672
370
342
585
810
656
243
820
273
23
261
402
965
362
366
324
954
943
420
453
464
563
335
65
219
790
13
25
154
838
399
628
93
88
106
481
704
641
348
208
718
322
312
265
508
642
640
437
380
429
710
393
930
682
215
0
991
123
236
672
935
557
111
717
401
576
262
993
707
608
735
341
7
25
265
553
749
570
386
183
782
304
938
174
403
179
163
402
48
869
923
681
801
22
96
825
591
422
760
132
110
946
177
893
38
295
891
413
276
493
896
894
5
66
941
601
151
352
609
530
19
560
198
393
338
309
480
700
499
294
521
535
527
187
407
894
353
513
139
721
357
64
911
502
868
601
915
133
225
325
707
796
76
241
841
523
800
638
762
874
914
524
56
734
536
71
532
202
508
170
517
250
588
903
242
499
952
960
871
423
191
544
223
964
325
995
815
500
693
916
611
175
663
181
927
356
183
817
788
999
298
302
285
796
429
534
420
401
212
476
646
690
667
923
192
326
908
962
741
559
726
508
237
615
391
156
339
838
30
614
971
511
471
969
542
698
820
624
899
221
660
984
396
875
178
131
234
494
197
163
782
129
487
826
406
886
69
390
176
527
602
202
741
48
936
456
549
25
572
259
515
793
285
208
108
501
225
468
2
649
51
288
832
805
885
90
633
345
253
222
561
947
496
561
255
141
512
53
645
964
11
233
502
874
810
72
843
389
306
746
458
345
178
47
700
912
857
487
945
546
500
768
875
992
522
567
75
529
12
199
275
7
331
15
778
220
623
469
805
191
114
304
224
59
847
732
129
174
906
223
725
974
102
128
233
31
469
399
415
202
327
671
867
160
689
672
769
364
433
194
621
886
253
267
527
475
405
857
985
210
299
724
102
562
573
378
480
