624
454
956
527
774
392
438
752
540
29
556
818
959
787
10
141
920
40
901
575
201
731
758
433
885
795
781
934
703
224
59
425
204
812
832
658
549
574
98
20
13
99
783
510
161
841
74
692
317
9
289
81
147
848
271
43
30
570
341
587
125
260
884
736
35
693
590
983
786
223
802
905
96
888
998
985
338
888
318
816
102
494
522
815
885
147
118
113
644
715
60
26
51
683
444
167
134
555
19
555
674
170
585
52
482
744
876
768
519
125
50
431
262
971
828
70
427
186
215
413
611
608
980
246
415
570
766
650
76
860
139
994
272
793
44
423
55
712
695
166
475
91
60
987
842
173
116
745
705
975
813
388
6
974
610
387
276
365
215
245
584
451
771
863
144
721
374
831
818
882
865
496
426
487
885
978
582
918
140
789
484
678
660
26
907
794
498
830
646
104
843
516
261
4
349
270
134
213
164
784
41
76
64
609
145
197
764
518
877
572
665
165
679
501
345
963
436
399
496
154
402
166
677
715
352
939
590
908
206
723
281
126
662
41
959
341
130
696
306
356
757
394
792
541
654
422
72
531
766
41
520
100
403
675
601
245
869
677
995
780
189
548
810
532
694
333
234
673
131
261
206
481
656
515
35
42
221
829
676
389
301
900
759
871
645
797
988
936
695
428
198
18
654
135
138
800
180
476
84
568
88
912
673
983
323
350
224
239
617
224
129
103
108
436
743
663
28
198
106
999
228
854
572
923
574
238
390
693
430
155
547
63
123
157
554
634
522
548
737
449
589
889
172
243
593
886
333
129
453
523
334
629
766
494
970
850
759
198
713
638
174
516
834
33
906
119
523
368
160
818
323
971
293
580
489
199
822
524
86
8
827
47
565
463
962
712
250
28
375
138
560
520
465
621
21
970
760
578
664
116
867
757
203
873
230
518
67
101
688
468
252
49
514
271
946
321
612
880
234
404
937
103
63
136
907
409
392
143
554
172
670
554
749
480
804
184
707
467
47
459
315
849
277
799
527
991
569
695
151
610
916
295
218
585
273
984
751
644
375
891
58
23
289
205
139
511
377
627
160
119
992
371
354
695
627
38
325
546
96
638
496
931
998
247
917
284
330
317
499
842
894
123
182
296
228
99
984
102
248
247
705
733
875
578
290
354
772
27
952
901
432
279
643
805
659
763
422
259
143
747
713
119
905
594
282
434
307
190
466
233
755
391
435
210
611
556
927
583
434
689
372
660
944
569
612
62
70
525
225
610
812
238
526
24
348
444
864
66
235
579
259
636
664
639
353
586
365
445
69
864
755
133
310
506
658
231
95
201
453
193
3
311
508
418
766
287
395
54
782
540
760
551
488
724
914
36
351
848
220
616
496
819
673
178
825
524
762
237
687
962
795
59
831
156
339
627
884
266
706
859
887
139
557
404
453
483
356
449
826
289
989
187
243
955
754
741
97
110
749
446
457
534
947
152
121
165
726
172
637
948
869
600
807
324
495
407
213
519
20
755
741
712
316
1
659
620
568
576
947
651
198
688
169
703
219
723
101
216
817
379
973
593
368
120
315
187
929
540
838
411
357
797
572
586
860
77
468
610
593
954
209
688
154
77
195
411
382
17
200
415
63
362
192
53
975
136
870
59
431
118
618
275
427
59
347
403
665
125
722
313
312
724
258
121
733
482
251
652
600
125
29
302
429
559
682
909
23
75
460
265
439
99
542
348
714
930
735
575
72
459
648
510
945
100
967
377
602
43
948
912
13
236
793
499
462
316
742
99
802
941
266
376
91
614
30
656
470
565
355
297
701
692
444
723
87
478
126
869
765
668
987
114
577
153
958
936
703
70
41
669
677
970
619
982
695
946
333
69
803
697
547
894
91
828
552
566
512
21
401
337
571
401
812
102
632
264
282
425
308
881
695
190
253
480
27
237
920
573
904
190
884
745
476
73
62
591
649
818
583
701
399
312
488
190
795
473
78
134
336
164
895
481
740
578
380
264
14
873
73
457
611
927
847
818
520
775
267
233
466
147
592
635
809
823
751
567
995
509
335
542
981
571
319
642
579
957
631
728
913
879
351
59
34
92
23
70
61
988
222
390
153
325
599
930
821
217
965
40
745
600
559
501
563
178
822
984
306
139
963
859
415
803
877
895
609
601
297
660
959
819
994
178
992
621
544
887
862
228
333
564
161
165
458
958
488
334
192
991
627
393
138
750
188
209
712
697
147
186
855
238
16
282
148
113
900
853
975
300
896
209
660
433
479
472
28
885
976
11
770
930
91
473
50
796
196
220
652
53
205
60
166
152
438
810
751
846
928
163
528
416
928
567
53
777
911
853
817
55
781
949
208
815
973
1
389
258
140
273
996
127
235
554
298
894
29
386
400
855
658
90
783
741
777
704
157
250
84
160
165
551
869
327
565
968
927
692
273
147
487
379
109
155
769
135
351
789
735
612
195
646
132
478
336
511
175
105
551
614
3
678
340
914
339
126
917
98
715
102
272
955
33
824
650
541
147
34
401
336
418
284
82
88
387
339
23
610
247
702
160
626
536
569
874
667
900
886
246
810
638
948
696
639
407
17
783
264
684
956
444
500
481
568
212
385
283
78
120
547
899
314
940
546
367
487
500
590
354
634
57
82
876
512
755
330
100
973
929
482
921
642
557
4
728
362
947
342
112
841
695
774
489
81
925
570
995
603
524
912
635
919
308
783
224
224
615
841
332
454
28
365
662
49
110
701
972
222
243
105
621
122
344
581
509
617
746
134
90
913
343
412
795
64
467
445
400
966
567
767
260
577
51
503
207
307
740
466
512
938
281
902
408
244
967
823
249
684
957
82
774
725
674
575
188
418
505
184
846
912
215
384
662
849
83
354
911
246
836
575
240
192
217
427
483
283
281
261
83
231
194
1
547
380
751
708
732
993
587
179
943
681
714
569
456
715
127
675
939
53
16
33
96
532
838
747
802
395
72
861
718
373
447
889
511
248
195
336
886
633
669
244
830
837
670
437
262
19
708
182
159
316
837
547
445
4
636
162
563
112
193
539
423
435
29
332
388
503
419
870
174
221
385
6
281
601
510
192
386
197
142
887
415
207
840
810
730
690
840
883
680
342
1
961
928
293
850
800
560
884
417
482
25
529
390
420
834
895
446
807
754
220
80
730
999
691
171
905
419
554
398
884
574
914
10
758
191
534
26
319
724
331
219
497
34
403
494
772
982
373
154
446
361
324
6
178
498
522
796
596
693
250
793
103
25
191
873
123
704
460
264
558
391
392
475
630
125
821
501
776
321
310
278
128
28
195
189
773
493
922
277
280
179
828
350
9
93
401
275
894
85
600
529
241
588
31
543
453
23
764
200
933
694
238
877
545
621
819
824
750
980
150
20
112
561
108
312
390
333
684
866
203
340
137
656
668
806
901
577
355
155
899
691
743
307
449
125
246
170
24
212
32
643
290
860
857
700
655
228
202
39
444
700
116
800
721
546
923
706
84
191
427
389
15
169
946
938
771
113
842
263
408
957
585
501
290
816
966
678
721
53
369
885
885
995
48
974
660
826
834
164
602
940
442
553
740
158
146
608
497
149
473
334
757
846
315
759
675
254
323
901
78
504
919
531
92
997
200
432
752
813
861
80
258
835
811
212
485
199
755
864
597
166
56
429
627
516
283
733
639
905
461
468
521
128
16
943
588
220
194
140
879
518
552
769
784
466
635
744
255
408
321
56
205
430
914
255
136
442
981
515
692
188
255
952
687
90
104
771
904
790
266
862
501
602
982
876
329
140
85
92
158
476
767
930
252
794
124
768
534
660
453
533
213
805
390
916
707
506
986
981
166
462
995
968
264
501
77
517
943
509
117
929
781
376
371
275
390
414
129
645
537
520
79
790
150
271
245
20
235
955
92
959
442
87
17
384
306
370
655
592
768
401
280
621
385
855
815
479
183
710
957
41
31
511
423
299
619
22
608
756
840
489
968
573
110
823
673
153
471
501
193
272
158
779
793
11
902
694
465
130
44
278
933
776
690
432
873
896
600
278
404
105
377
409
188
237
831
313
358
919
332
443
791
771
455
377
132
415
103
584
659
943
679
451
469
159
462
972
104
249
410
547
60
190
696
759
666
393
106
433
332
143
869
760
597
931
918
934
478
382
761
698
506
619
174
327
55
457
137
994
394
601
915
112
725
671
698
606
743
310
674
898
344
764
390
383
751
989
79
278
667
243
608
711
122
842
396
231
97
970
4
172
585
950
177
163
178
785
146
970
31
520
43
842
189
474
386
252
601
916
671
605
414
618
711
516
719
96
685
992
591
734
318
30
666
122
479
679
704
303
573
833
614
395
81
548
384
326
702
605
87
638
24
303
635
583
707
36
661
216
165
52
772
362
137
53
114
121
729
832
786
773
135
620
184
722
272
748
348
538
158
603
693
125
584
512
38
383
800
900
440
40
336
760
244
753
970
772
323
81
827
202
228
751
428
297
9
418
277
302
774
405
837
508
326
550
354
452
516
693
969
48
140
154
291
433
908
927
213
344
866
940
714
874
507
426
679
468
652
239
82
510
673
392
552
540
656
597
458
23
161
301
947
491
820
859
209
889
663
280
677
989
947
920
664
682
26
825
68
248
415
445
237
624
905
401
10
630
429
957
116
357
80
228
994
233
518
286
533
878
82
297
455
30
810
719
859
767
309
880
721
578
228
183
785
344
923
346
937
983
307
988
12
330
373
149
201
471
444
377
77
914
391
981
742
151
923
677
86
93
321
315
472
174
33
347
226
346
330
418
894
651
508
772
855
99
372
484
541
9
44
254
284
603
725
928
647
437
889
792
237
864
441
335
310
566
736
499
124
370
211
954
232
972
493
10
735
650
394
381
849
10
672
514
407
836
790
879
678
444
602
42
68
908
274
599
590
913
174
164
963
172
552
0
97
905
402
889
90
324
995
253
682
503
525
969
672
768
510
557
959
239
768
504
272
366
335
648
925
169
599
241
428
684
552
71
558
284
711
79
939
165
498
615
388
387
967
950
957
861
513
102
141
51
329
790
107
176
349
852
607
218
167
784
930
854
269
355
34
385
872
590
302
186
915
183
291
843
50
958
913
326
164
919
509
659
543
736
179
503
127
113
831
313
194
307
136
879
907
73
258
477
113
931
375
349
195
274
570
314
10
278
543
654
795
170
186
692
727
417
642
920
873
714
626
338
932
295
116
873
222
324
938
372
405
962
939
931
621
755
478
229
27
751
941
779
200
917
665
297
957
62
798
453
440
236
932
160
945
296
945
881
907
40
670
97
58
503
228
841
77
894
490
887
72
248
119
608
914
268
254
439
957
755
819
987
695
89
808
567
764
377
396
379
270
73
313
144
530
533
280
425
112
575
555
805
79
100
239
617
738
929
140
273
883
52
803
527
971
871
187
700
91
8
103
60
962
148
319
431
707
609
850
833
329
355
109
322
786
934
411
617
598
242
432
316
771
725
379
219
215
282
768
251
328
887
152
110
523
540
62
663
503
463
806
155
877
477
595
35
559
483
285
486
762
146
702
820
177
953
872
21
799
692
813
623
17
779
618
535
269
325
280
998
227
59
928
829
151
193
219
548
696
967
883
531
265
574
266
404
649
885
365
343
512
915
948
453
24
775
528
153
237
300
770
288
35
704
348
929
356
931
974
160
82
213
560
44
175
944
559
896
926
461
558
935
909
394
57
88
434
265
841
753
991
524
135
728
323
156
47
205
983
824
435
355
961
467
792
101
648
382
657
261
678
549
775
448
851
654
185
837
451
739
182
276
966
889
596
635
567
73
283
764
92
83
700
450
697
763
584
826
473
220
838
311
19
640
44
181
157
929
224
415
351
490
852
36
790
551
805
972
915
580
30
145
808
977
750
817
382
402
618
847
166
980
336
745
162
563
681
108
687
537
914
515
842
18
648
335
436
443
549
528
467
472
99
754
22
524
132
787
4
635
572
160
738
764
91
511
439
106
835
944
782
2
386
684
24
158
404
568
587
760
393
915
546
827
326
322
610
978
883
316
815
452
760
241
129
351
693
663
30
953
532
388
997
286
909
103
220
276
382
666
471
602
93
328
774
255
876
28
857
614
135
90
499
279
116
510
16
537
712
530
899
532
338
358
793
771
174
600
284
582
297
523
517
462
540
595
185
561
823
358
447
477
715
86
483
433
35
748
522
175
128
878
970
174
384
89
461
404
603
690
547
169
841
669
696
862
243
409
633
860
565
907
494
82
28
71
165
430
314
917
251
220
555
599
199
596
434
641
653
766
21
265
892
465
91
182
805
89
686
309
752
174
872
687
724
257
574
414
923
394
195
830
392
540
899
624
606
930
325
922
262
307
715
66
996
49
753
785
391
416
112
908
99
1
702
270
869
758
156
786
698
496
916
219
436
492
476
622
555
372
67
647
547
225
367
225
927
654
953
530
659
433
302
402
558
314
58
836
156
318
27
412
6
565
655
113
508
87
99
484
809
901
290
934
801
308
446
225
450
764
22
437
203
326
67
82
861
885
920
949
189
764
719
619
163
133
986
914
715
985
836
615
22
99
861
530
131
78
891
710
911
103
604
949
966
686
685
785
196
326
509
756
157
276
755
993
765
172
784
619
870
894
987
939
108
736
552
919
966
917
115
766
723
427
823
296
885
434
158
634
463
464
315
511
727
10
164
658
856
749
525
905
120
923
915
299
296
985
423
65
85
404
82
154
777
91
579
889
959
40
954
370
562
897
896
346
976
267
165
755
0
318
510
406
245
747
377
467
414
9
766
844
372
655
996
865
695
444
388
700
645
227
94
788
200
595
599
239
115
618
548
447
321
497
357
944
682
194
833
64
666
270
489
540
984
403
292
20
472
770
407
141
141
775
430
245
567
674
404
891
28
875
387
251
519
970
784
921
450
12
606
270
368
282
989
902
108
419
126
154
15
169
463
328
890
697
854
440
225
700
643
378
368
187
342
595
501
823
466
447
809
982
493
152
692
146
701
204
324
923
0
436
450
453
695
329
369
220
697
394
580
147
72
64
330
509
58
290
512
915
959
276
116
859
345
194
778
937
492
411
501
632
508
273
995
697
78
908
405
148
836
518
210
812
696
945
655
797
27
997
173
121
819
406
167
551
327
329
630
349
272
623
866
604
471
851
744
682
133
309
363
606
210
345
72
323
829
953
122
447
909
79
494
22
130
263
92
775
683
929
195
120
957
340
40
325
260
166
659
636
481
368
382
284
288
254
330
356
861
453
87
344
779
324
624
805
528
493
578
406
473
245
879
495
301
423
298
231
248
839
289
107
399
481
962
428
242
10
884
787
659
471
531
803
666
650
327
972
338
563
738
960
228
162
532
638
869
682
909
116
527
809
238
194
681
253
716
730
884
313
754
67
379
588
778
772
773
666
967
197
443
444
730
602
928
43
639
553
498
354
940
50
748
585
462
262
341
478
703
256
849
270
992
17
865
617
558
40
697
179
44
997
87
934
501
854
899
597
461
483
79
204
787
220
460
443
861
11
198
217
456
644
134
589
449
305
42
472
397
585
810
246
882
664
242
228
496
674
559
131
888
57
136
562
583
359
523
218
694
325
712
482
10
617
102
227
595
750
360
302
915
54
212
290
460
186
720
193
982
930
265
882
205
559
777
1
915
142
708
10
519
480
895
214
33
124
382
220
200
390
593
48
411
200
386
889
160
790
93
11
332
888
244
973
504
353
494
886
484
885
620
761
74
127
224
151
186
447
530
619
766
587
808
256
649
573
73
791
1
994
414
989
445
522
917
505
709
27
228
315
365
624
575
920
285
47
93
698
240
992
341
853
887
146
265
332
810
632
196
209
330
640
981
507
957
875
480
682
311
688
685
190
562
900
728
997
434
972
52
516
544
339
820
949
64
174
32
854
49
117
768
266
656
372
376
841
297
912
408
251
308
797
575
17
224
459
868
660
399
362
632
511
117
618
315
479
621
5
465
164
466
728
385
255
911
692
482
411
525
115
522
40
847
926
685
250
626
484
470
896
886
180
69
913
811
515
789
721
250
937
633
960
386
758
50
524
524
218
719
501
427
922
26
862
131
463
43
900
749
264
348
438
956
455
863
796
919
937
911
884
963
431
26
40
100
330
760
228
977
988
972
571
289
513
811
513
925
115
165
850
100
109
207
297
29
487
227
526
788
961
205
751
780
491
330
935
109
720
487
67
939
211
131
169
619
826
443
380
186
319
272
634
779
110
750
918
285
952
427
409
183
445
738
300
177
905
772
336
752
269
387
942
877
942
226
603
548
475
883
147
420
432
758
903
663
727
267
921
959
950
613
379
227
219
339
871
749
788
996
481
354
908
167
777
893
792
220
565
304
527
665
275
232
7
989
236
603
181
947
332
49
892
884
366
756
991
588
29
566
113
647
613
278
169
215
671
926
260
749
587
483
482
321
112
58
571
472
367
860
826
274
414
302
983
252
112
367
587
560
361
158
764
527
56
256
329
833
389
643
879
769
433
803
529
271
669
158
118
171
907
901
877
667
449
745
3
849
20
392
997
716
928
315
409
994
773
997
510
447
190
58
981
604
156
521
695
846
311
80
461
314
140
970
103
443
945
800
980
799
797
345
904
708
646
975
308
698
426
696
150
61
519
357
969
146
790
659
408
715
585
563
660
353
262
840
942
605
803
389
701
563
737
8
80
387
910
943
880
621
82
310
901
449
387
873
457
864
12
460
881
442
912
213
887
645
500
978
285
846
131
821
228
56
483
89
514
918
732
983
378
862
553
138
597
869
207
379
87
145
490
593
437
502
639
368
490
392
52
141
504
82
844
836
595
201
199
407
41
497
541
323
686
961
851
872
76
885
430
941
632
616
549
949
312
268
731
746
24
976
881
732
331
772
43
14
111
188
649
718
121
119
141
727
152
35
676
141
589
414
765
924
944
803
711
772
46
320
232
573
598
416
223
348
267
738
43
591
251
156
604
3
415
477
967
903
547
790
392
388
941
108
368
900
250
942
133
739
812
613
176
383
184
332
138
32
731
925
16
747
389
830
758
153
446
678
520
15
724
656
371
729
351
83
906
56
475
187
692
534
925
328
650
930
425
464
46
364
672
844
456
6
879
636
498
68
882
800
203
362
903
380
713
609
95
518
655
998
848
743
366
447
181
276
568
843
583
97
87
261
876
961
428
643
630
364
300
449
87
725
693
150
616
910
166
24
281
418
4
561
826
327
689
237
248
527
790
46
268
153
522
606
725
289
363
560
974
416
392
348
346
761
769
253
339
338
702
601
345
131
989
20
488
494
727
817
715
754
961
135
557
438
9
355
886
991
734
32
666
902
218
175
61
729
508
316
651
12
421
192
36
676
109
149
652
64
190
49
305
460
437
65
358
195
873
361
988
360
764
942
415
561
174
65
223
401
105
424
509
881
112
970
709
2
304
534
636
1
360
64
398
95
829
738
450
572
302
259
106
872
775
415
554
341
960
923
897
893
5
875
805
595
361
850
281
528
971
692
690
37
803
683
607
816
398
653
614
941
124
710
764
258
675
687
348
407
500
363
289
168
196
298
391
552
45
252
915
28
82
219
66
921
306
373
767
906
59
405
62
882
872
69
806
419
229
802
388
329
255
564
882
495
88
921
390
579
184
893
239
143
696
423
178
535
888
707
634
659
425
256
438
24
828
173
373
295
560
309
508
697
379
251
440
309
344
68
679
672
527
968
1
248
634
124
860
701
995
600
757
36
627
352
66
842
957
257
156
817
449
889
314
978
573
475
392
327
574
814
486
731
684
370
621
177
131
934
605
958
566
48
770
92
470
450
933
19
760
341
815
286
156
941
408
152
849
49
477
473
270
389
623
233
516
886
464
415
712
465
489
270
772
704
799
109
661
50
517
361
231
46
450
122
796
620
346
63
28
432
371
54
685
860
302
308
12
784
301
509
692
849
308
657
339
891
280
372
21
788
636
376
823
759
162
336
21
650
302
779
224
972
334
755
231
214
598
762
302
493
737
472
492
465
929
156
102
574
607
28
177
540
150
298
621
109
202
733
237
898
206
321
770
602
723
468
519
657
724
142
584
848
470
820
43
703
686
761
817
948
602
450
238
318
801
844
571
731
158
237
541
362
903
155
647
349
285
941
178
311
948
452
636
198
338
301
598
333
37
646
320
985
220
338
487
638
423
459
175
525
547
131
563
916
781
7
361
970
616
785
179
661
562
808
24
962
784
206
985
384
330
246
455
178
378
911
521
847
717
530
283
320
676
188
891
181
764
376
917
28
401
372
295
103
202
198
654
921
349
20
207
869
427
437
426
250
134
550
56
591
631
748
5
487
565
467
464
97
24
130
584
95
811
612
305
361
567
187
132
438
996
114
604
598
66
935
621
590
398
227
119
104
113
200
16
39
842
726
31
612
164
753
172
176
986
555
94
535
438
553
244
765
921
613
301
616
620
320
788
297
118
33
322
296
422
295
383
843
104
479
267
842
533
426
47
419
82
533
737
957
203
102
764
99
680
305
102
423
605
988
51
543
808
37
758
713
996
566
800
615
378
506
145
935
727
591
179
50
48
424
831
327
569
589
327
843
390
649
898
55
857
840
630
253
162
811
439
480
741
770
862
32
628
956
133
55
741
822
230
899
967
846
571
8
790
170
921
441
230
850
62
955
356
135
681
207
343
470
896
529
181
957
220
617
843
761
290
718
77
466
195
82
19
899
314
310
884
674
805
362
852
784
237
465
361
29
856
591
827
331
326
504
922
341
784
47
570
781
676
63
969
943
149
386
825
965
240
107
152
95
449
2
924
510
43
43
957
38
95
795
299
246
764
553
662
829
85
637
445
19
528
960
278
121
434
119
51
94
200
973
206
511
432
35
451
713
366
703
684
830
602
943
18
386
175
256
351
465
639
543
0
568
337
507
967
636
581
190
352
338
206
238
881
804
718
692
284
133
791
343
913
297
477
910
540
876
794
273
14
374
529
90
576
271
700
670
74
517
809
930
505
743
679
