345
806
898
896
412
375
582
520
47
835
468
652
766
80
692
416
63
415
912
384
846
323
785
875
765
717
542
714
73
801
470
927
592
593
21
747
926
460
619
440
398
315
122
112
933
240
78
176
827
619
919
149
171
130
353
641
490
724
757
202
692
322
624
744
417
602
321
544
7
826
160
153
561
102
818
474
357
982
217
751
428
398
584
582
490
179
549
714
469
343
463
924
322
386
166
824
779
749
657
875
812
115
771
847
589
919
223
344
154
676
939
494
670
485
537
992
855
802
375
993
898
155
928
466
519
180
396
916
143
341
346
520
906
837
110
588
541
443
750
348
952
808
886
619
326
372
203
613
533
363
373
587
558
228
589
801
6
502
686
463
979
88
456
170
538
555
735
903
653
765
194
787
906
749
423
874
374
566
988
42
810
979
457
571
91
885
642
413
941
932
608
814
594
191
894
615
595
233
656
753
777
283
736
449
726
856
627
278
85
160
784
707
360
172
65
957
247
587
442
98
686
576
838
524
928
9
224
369
392
483
247
608
582
663
603
26
62
731
964
963
604
686
435
980
507
812
735
822
606
914
241
612
150
743
884
197
865
568
107
717
548
598
479
616
911
829
336
698
783
459
712
365
521
451
423
552
945
294
945
177
378
590
492
711
872
294
590
534
554
464
579
423
68
556
691
28
480
82
530
245
148
781
818
578
863
164
387
581
92
822
26
338
697
922
375
503
322
216
816
338
374
271
899
219
620
171
289
752
566
530
14
399
866
628
149
643
490
221
921
741
810
641
798
462
215
802
949
895
350
529
598
662
786
615
592
245
711
670
484
840
324
657
672
371
870
860
783
366
446
689
437
278
621
601
824
577
950
588
883
541
745
173
836
741
712
476
53
745
139
897
208
529
918
146
995
903
98
289
971
878
648
13
260
794
769
740
382
949
452
202
452
691
111
464
406
828
510
155
351
419
34
176
961
271
872
362
819
853
58
551
724
88
67
413
250
39
84
836
219
785
796
696
61
847
620
886
689
701
824
48
593
791
241
623
754
669
119
564
605
130
860
99
800
815
828
244
354
79
952
983
99
14
954
684
89
259
555
452
855
431
912
559
136
417
883
531
473
407
550
485
845
867
258
208
114
47
277
351
56
343
826
488
770
658
651
816
317
932
545
453
885
739
36
707
767
924
782
790
217
490
633
49
366
706
65
401
910
533
676
954
809
67
542
139
732
392
938
192
860
830
546
668
159
880
903
225
211
133
780
150
102
601
293
44
708
28
797
540
487
197
917
8
177
887
688
693
653
37
907
170
203
877
850
79
890
983
413
757
535
953
442
806
356
0
428
993
101
301
514
268
667
185
858
342
795
670
267
184
937
676
122
927
221
869
732
682
496
734
635
490
712
930
12
122
335
20
901
220
562
129
307
590
645
447
177
191
100
142
61
114
12
34
540
662
63
474
14
695
511
888
260
189
82
597
926
798
595
968
249
227
201
243
629
340
121
587
813
993
223
26
504
694
106
610
148
833
725
848
130
43
145
930
756
9
320
342
403
295
956
113
6
552
934
321
564
548
691
248
58
574
361
885
40
320
871
368
38
813
426
986
5
411
204
631
944
828
422
425
128
279
606
834
334
952
212
798
348
632
215
778
189
770
197
413
403
332
791
409
255
926
34
286
674
682
954
340
802
239
25
354
473
812
733
800
896
950
712
269
832
846
169
422
609
922
560
468
715
662
662
560
426
959
882
710
935
900
641
764
984
665
445
165
810
313
382
662
405
927
678
187
734
257
549
439
370
146
373
103
821
883
984
234
115
477
94
296
574
613
715
707
278
644
221
174
790
618
651
648
123
415
744
973
936
510
407
866
316
246
361
634
845
717
74
386
14
659
953
966
628
737
190
78
646
829
102
408
51
707
881
523
909
929
197
997
635
647
179
978
788
401
175
105
863
914
14
37
392
295
320
149
685
509
692
256
462
55
403
33
659
633
364
946
391
122
111
632
722
657
293
267
765
88
980
264
566
453
345
653
956
130
494
833
44
955
307
437
257
984
456
43
43
62
633
273
942
6
690
538
475
913
738
714
924
126
332
299
40
170
111
801
750
843
888
998
743
641
934
634
428
649
675
547
774
672
850
757
285
312
83
351
312
498
796
922
611
256
178
310
711
197
589
834
523
772
385
912
672
858
488
763
514
641
461
838
962
321
316
58
856
109
38
907
438
136
224
848
144
10
26
541
640
579
373
270
533
402
102
267
212
570
215
755
967
538
981
878
961
447
908
763
444
961
982
586
385
895
746
335
598
591
345
827
870
814
909
609
131
776
706
586
774
101
542
742
87
625
885
696
48
110
668
20
467
991
815
527
732
843
839
467
882
756
499
382
711
60
855
366
358
252
618
899
44
152
233
560
79
865
137
24
299
664
762
489
59
492
958
504
901
185
353
857
470
813
435
272
597
960
656
673
92
183
769
960
720
981
364
398
49
503
150
770
893
162
112
575
432
844
111
199
654
643
597
44
536
158
670
998
309
950
709
679
560
360
468
871
943
274
723
340
132
223
127
161
572
897
92
978
876
866
325
73
676
679
512
57
868
578
687
61
346
730
320
867
870
609
247
650
941
338
33
757
953
636
849
187
754
320
24
356
573
779
141
355
914
8
100
915
292
669
675
679
546
800
103
177
906
799
869
262
61
873
716
725
526
627
128
2
980
811
626
244
566
818
922
543
758
194
327
294
246
37
509
97
447
389
197
398
953
477
786
135
789
723
63
49
190
80
55
988
253
302
188
547
252
293
425
578
346
545
267
247
141
772
962
39
70
923
885
62
686
848
883
649
735
196
950
68
917
758
866
715
411
565
532
359
497
534
805
56
643
842
302
561
118
422
733
156
923
248
917
147
230
980
428
840
728
129
21
610
727
162
950
677
280
764
349
4
699
865
395
741
293
255
930
401
467
425
243
574
290
903
920
699
835
644
128
704
651
52
296
728
113
56
119
460
329
856
482
797
638
299
198
605
124
566
149
474
330
839
839
480
582
516
945
714
795
373
523
901
606
923
12
745
814
507
376
37
458
899
729
582
268
952
635
403
491
514
393
72
302
436
526
53
676
132
38
11
441
107
779
2
115
137
235
218
475
192
654
724
518
387
685
35
203
948
710
61
271
279
692
48
836
910
867
147
72
1
818
250
154
817
737
13
783
810
658
262
130
435
284
861
923
75
762
562
294
818
722
717
692
673
497
421
87
207
539
652
518
441
441
876
569
300
803
152
982
514
813
257
633
287
847
796
499
311
659
28
681
559
107
177
166
108
851
460
907
803
522
381
386
430
518
92
442
904
845
193
764
294
520
104
316
865
106
532
675
852
838
559
169
942
582
651
960
461
760
744
44
216
235
411
287
54
527
991
769
56
627
834
508
768
704
559
421
557
858
571
446
4
502
574
305
908
599
624
759
62
131
702
967
112
314
752
498
92
359
896
154
561
503
392
555
54
551
768
298
894
682
227
306
853
103
478
29
325
457
772
528
53
272
185
119
943
389
897
679
156
826
803
434
399
56
287
109
715
226
649
654
57
255
738
377
682
133
130
898
941
192
764
668
157
315
517
336
530
381
466
994
923
660
557
253
757
576
27
238
291
333
54
53
818
804
786
456
607
140
190
651
183
602
297
914
706
543
119
583
589
928
542
46
667
593
601
245
992
659
992
33
210
637
426
348
748
830
928
595
168
384
543
580
560
208
82
268
496
890
122
830
380
914
523
880
322
861
228
64
988
78
178
332
220
68
305
998
884
377
385
606
185
533
721
17
315
256
50
552
948
39
746
683
2
118
132
20
227
620
457
177
92
924
981
537
502
568
912
623
525
104
23
812
814
127
686
87
221
350
917
368
336
514
428
146
756
393
652
38
66
786
948
100
749
978
940
597
354
283
394
980
844
375
823
242
572
730
396
985
34
173
926
136
386
151
652
541
389
246
201
122
907
955
602
294
114
404
877
491
918
307
635
39
405
443
717
604
206
778
831
947
437
746
475
310
877
962
532
226
523
898
285
507
242
820
894
953
201
613
690
577
765
642
784
142
476
888
724
998
887
836
154
673
947
169
790
132
725
847
218
564
663
744
517
446
964
591
549
820
819
402
849
385
875
246
805
85
324
561
706
116
605
10
289
624
304
900
84
991
614
826
818
416
992
813
261
575
99
49
538
824
463
422
780
576
133
185
933
742
418
194
58
585
820
481
273
419
823
826
762
131
101
879
15
817
680
701
545
154
77
358
881
403
55
701
472
402
205
41
860
631
905
105
135
690
726
77
373
575
533
205
986
380
844
123
861
411
388
315
37
722
453
563
15
648
808
781
161
674
649
17
878
947
406
391
454
699
377
315
450
230
790
465
529
997
625
256
89
370
407
99
397
36
927
738
607
827
6
967
395
245
339
644
640
599
381
570
196
695
111
301
210
214
749
419
811
3
655
627
118
531
407
954
157
588
303
176
110
448
780
914
610
528
481
552
286
662
994
886
555
540
846
936
412
858
79
79
571
402
138
216
825
88
989
508
289
182
906
282
127
284
519
295
194
44
998
120
594
532
184
887
160
684
673
977
474
95
344
600
791
702
198
716
653
200
800
860
692
854
474
850
150
586
210
957
230
264
798
200
691
557
308
199
503
244
668
858
816
248
755
418
890
979
575
641
654
508
794
846
148
255
925
245
352
23
530
549
804
759
662
371
826
198
97
333
804
744
603
625
722
457
5
810
175
236
41
652
945
42
112
959
187
270
350
184
521
397
163
582
446
404
168
727
69
129
540
747
115
115
627
320
925
966
522
460
460
198
361
90
905
741
245
603
598
95
601
189
499
90
808
90
146
148
786
375
480
229
321
357
152
427
438
77
13
171
45
283
851
565
194
69
147
537
86
949
626
366
394
122
676
746
126
645
442
931
407
767
669
147
939
240
254
642
490
426
205
533
683
20
785
293
840
794
226
587
751
370
209
175
885
81
496
455
665
820
139
60
987
323
315
953
391
727
539
277
34
957
713
767
696
138
643
281
167
134
714
941
635
989
792
709
711
568
130
655
837
339
161
92
42
655
51
234
121
871
121
199
730
432
709
734
831
338
67
550
139
819
312
966
655
587
187
965
666
778
542
925
765
797
152
928
840
143
267
210
828
356
182
46
566
129
582
309
21
479
406
712
768
391
191
63
663
199
821
83
684
858
697
685
533
606
388
594
98
463
39
845
477
425
452
948
339
59
152
656
221
518
799
579
483
876
508
742
398
550
100
570
96
598
286
852
363
507
137
118
538
467
442
544
528
443
304
878
331
521
766
483
92
994
204
531
455
216
962
118
265
531
35
280
66
313
657
685
73
768
867
218
30
719
584
622
776
285
38
656
668
305
820
994
342
992
656
963
935
70
654
387
292
683
805
679
199
631
967
764
644
896
958
72
513
919
550
420
882
67
290
461
513
990
46
66
911
412
823
384
833
73
562
921
322
146
664
692
497
475
772
638
599
576
557
197
983
504
655
596
690
835
344
67
182
180
226
102
762
137
500
702
777
719
917
685
744
427
694
963
78
835
362
245
431
875
702
421
324
612
431
716
347
454
340
684
215
558
369
131
812
683
876
569
305
499
664
274
578
994
860
687
64
842
968
591
776
198
875
715
253
400
867
664
810
419
906
661
8
98
89
931
872
799
612
101
774
448
409
869
971
924
95
446
701
172
159
560
701
172
425
541
700
608
318
530
795
147
333
962
702
275
917
980
675
673
742
949
685
884
396
328
408
781
841
674
240
277
533
794
803
802
476
397
367
121
141
968
169
789
123
734
275
789
514
202
969
204
119
974
201
74
548
737
100
792
583
248
581
825
78
483
469
907
401
16
953
245
827
845
849
395
422
718
253
812
699
591
990
349
195
452
614
990
261
92
669
369
180
651
377
564
628
982
9
124
730
282
726
225
621
605
318
481
132
742
783
108
500
57
357
951
694
122
704
516
548
731
893
278
374
17
142
210
310
864
129
433
627
846
898
770
46
453
62
852
367
594
637
905
618
19
643
406
220
350
467
88
692
380
400
920
376
748
114
703
357
43
337
764
858
250
153
922
98
776
675
679
124
854
163
175
537
577
67
984
809
954
964
917
202
226
131
558
758
497
408
431
575
333
455
676
610
200
336
190
758
154
129
87
951
341
326
130
827
960
514
342
360
451
477
409
624
89
738
121
371
596
404
230
992
186
580
691
759
708
770
19
109
904
125
584
340
468
840
366
750
907
28
879
719
485
740
327
253
966
465
720
197
488
10
0
330
636
231
45
44
92
258
331
947
500
187
813
551
911
903
463
214
446
684
84
224
91
876
523
395
676
851
740
886
803
686
41
980
369
578
656
799
954
310
492
829
836
903
690
620
594
846
514
566
478
367
340
81
434
649
697
350
703
677
532
107
239
701
469
351
516
618
765
714
908
745
561
255
524
908
269
558
233
865
881
746
117
257
705
436
151
191
142
378
547
674
850
824
41
441
184
401
410
979
170
218
276
824
909
403
974
663
631
515
839
364
185
31
370
701
495
814
163
386
388
188
397
943
362
729
932
424
735
470
165
360
603
707
366
701
78
655
952
619
166
941
657
683
94
24
446
96
227
779
277
215
80
64
776
968
441
722
694
541
268
928
475
318
803
513
840
222
286
959
941
181
630
18
371
723
413
650
118
910
976
951
480
328
990
104
921
689
602
671
849
412
140
630
48
680
863
840
404
925
355
982
114
169
714
788
377
487
736
96
887
714
347
382
23
771
834
219
962
285
826
684
234
329
668
625
14
251
330
140
383
744
224
760
58
259
927
848
974
114
924
590
493
657
800
212
807
635
656
874
897
961
581
12
437
137
254
95
171
203
457
345
77
618
361
538
273
278
976
339
695
706
806
593
874
239
586
869
300
860
125
139
769
792
134
709
229
390
407
732
890
404
151
243
106
744
641
751
667
942
2
655
888
411
568
932
772
287
805
140
817
619
99
594
879
463
106
26
944
766
148
683
271
785
369
117
265
92
118
444
469
633
73
705
213
527
87
371
902
830
423
71
227
954
647
937
613
826
772
398
600
212
7
472
319
239
618
773
648
268
443
884
841
961
471
180
97
3
72
403
52
224
473
744
367
431
446
951
601
460
496
398
554
52
646
552
429
609
495
229
49
634
700
371
918
547
363
78
218
60
69
416
883
416
569
765
878
612
626
613
79
482
211
454
858
778
427
238
885
620
332
42
456
20
373
486
885
714
839
290
530
853
124
917
406
283
131
864
119
143
657
577
97
224
657
835
11
906
836
798
964
84
636
409
179
101
778
416
84
747
527
331
862
914
240
358
169
637
98
558
245
603
909
983
429
345
925
215
74
649
388
757
765
508
235
428
884
769
855
6
214
882
568
551
281
743
716
903
8
657
595
987
491
21
19
201
70
226
636
398
524
817
438
887
580
873
862
968
97
12
32
659
903
98
278
232
969
248
126
853
376
404
17
691
454
103
992
406
793
551
234
678
58
840
544
46
45
863
793
633
843
835
25
20
683
944
68
899
344
265
457
196
716
49
313
34
506
831
279
119
832
652
225
290
507
305
196
304
197
265
335
514
521
153
766
211
975
216
94
93
627
519
64
983
880
78
391
452
618
527
771
594
201
451
176
566
441
320
984
625
535
940
261
329
558
617
99
95
238
317
122
640
190
900
681
186
129
428
421
405
564
773
306
875
855
171
881
125
74
50
15
172
47
324
142
705
885
9
660
601
669
476
281
697
637
950
527
802
225
442
330
856
818
908
670
925
7
446
888
821
32
65
173
773
17
132
630
837
507
668
525
215
822
993
401
580
787
360
942
418
935
746
360
643
769
80
109
556
236
225
962
368
543
579
878
833
554
841
291
723
156
143
802
645
487
287
174
68
573
566
953
158
684
705
587
888
588
70
402
13
394
360
539
731
373
434
325
923
717
199
782
701
707
284
528
934
908
443
891
263
655
365
238
739
798
106
512
900
985
120
33
3
365
270
774
842
108
628
808
472
846
201
78
912
446
393
561
414
943
385
669
392
301
727
552
420
192
59
539
4
914
604
213
498
210
376
583
778
681
348
530
963
490
764
956
785
663
808
434
562
62
604
704
930
706
994
795
606
638
69
295
74
172
469
180
519
572
994
627
805
872
190
671
696
52
972
255
786
715
479
904
469
156
929
550
787
619
393
67
580
140
799
729
491
243
335
289
501
63
719
230
167
173
487
243
172
816
780
321
672
990
753
101
91
413
139
86
573
829
47
356
762
231
587
860
203
323
134
792
369
672
684
707
110
339
161
602
866
450
537
462
183
387
386
334
57
902
568
250
109
657
779
698
693
82
358
492
558
63
470
413
582
681
709
815
453
767
50
936
871
703
255
379
346
487
111
952
83
506
249
118
663
790
574
433
777
722
835
879
431
732
155
956
257
728
565
661
816
629
157
225
206
890
809
980
287
694
786
389
875
981
117
351
960
230
149
989
512
993
655
974
108
742
186
249
669
721
489
794
410
409
318
769
179
264
484
308
361
828
521
339
887
12
574
433
145
111
645
594
488
693
678
312
824
297
414
288
590
430
100
993
224
439
689
780
363
59
444
391
779
469
191
452
443
441
41
471
601
171
1
332
805
561
251
222
414
817
306
717
193
413
739
295
607
482
402
415
729
201
604
834
395
564
648
758
122
634
658
197
283
142
820
367
18
506
915
903
851
665
292
988
249
433
42
71
17
375
158
996
290
77
25
401
971
495
960
723
280
179
12
936
795
454
268
624
755
923
170
789
12
766
8
617
491
143
933
582
219
306
871
144
713
395
702
159
136
288
467
625
66
534
140
604
180
949
693
817
797
952
331
996
739
764
664
936
618
450
967
47
769
559
795
39
330
352
48
617
782
643
277
210
163
633
973
844
484
56
97
647
459
773
987
833
141
830
82
421
818
622
629
431
535
841
621
941
714
215
843
602
481
166
227
76
904
407
340
29
397
731
525
862
50
655
414
447
830
370
432
868
880
471
498
746
793
726
593
87
220
588
339
654
349
699
280
226
884
509
653
914
973
610
814
555
205
225
72
363
338
202
56
961
223
642
147
475
427
488
843
359
229
796
651
755
590
223
504
160
411
550
979
696
350
472
327
736
944
903
227
209
997
811
637
113
523
89
316
758
704
243
312
578
56
818
616
98
528
854
559
89
514
998
324
370
325
322
580
315
496
149
494
164
475
369
43
270
441
667
688
400
734
429
610
453
321
714
565
842
799
700
689
867
260
537
585
661
750
428
609
830
952
984
955
121
183
119
582
829
813
489
613
45
975
800
991
666
821
232
863
669
734
524
466
265
750
28
81
324
661
274
890
886
340
563
151
99
991
835
979
275
186
873
588
416
673
258
610
167
80
385
898
863
907
564
631
855
179
281
982
652
534
824
988
216
825
730
654
374
101
447
652
570
116
590
812
318
622
949
79
702
476
800
890
653
160
614
90
889
55
959
372
425
493
105
289
30
619
682
499
975
406
936
535
167
215
804
911
626
283
85
370
93
631
321
562
18
266
342
425
187
543
239
281
878
773
346
471
134
781
734
915
778
487
450
319
695
552
920
257
113
692
856
767
158
957
865
222
771
846
802
87
616
422
655
919
767
492
79
753
307
83
538
850
322
378
384
56
980
563
701
768
726
13
696
115
31
241
410
4
324
190
756
400
990
305
178
547
41
76
316
179
576
649
770
443
636
620
231
542
516
555
879
814
646
778
138
0
883
791
178
326
264
423
393
129
792
339
60
304
72
651
60
337
467
308
619
523
723
89
611
590
721
724
866
200
500
695
538
756
869
36
533
57
971
973
429
28
378
352
561
907
327
731
468
160
598
888
728
653
300
517
848
842
481
227
139
673
765
272
28
930
547
979
197
192
283
604
372
263
713
837
742
368
418
169
344
218
927
168
901
783
771
668
490
480
182
947
469
318
692
305
995
334
24
633
424
400
361
719
697
325
871
429
958
986
886
873
300
581
137
256
671
907
875
569
76
523
438
80
788
779
870
53
28
805
543
432
474
621
563
804
426
890
969
525
238
86
599
903
756
276
984
549
553
405
632
570
147
447
196
359
604
659
974
762
851
185
494
799
877
234
45
134
145
50
787
152
136
8
0
511
859
723
143
298
887
746
127
153
795
328
699
739
386
811
505
626
668
544
384
272
775
636
234
864
123
833
593
459
882
379
622
261
62
662
348
115
365
734
67
468
512
242
969
137
105
94
291
106
498
92
129
87
851
271
527
687
883
875
311
569
648
292
388
869
25
697
578
493
16
309
185
613
229
138
185
628
862
82
47
630
219
99
829
792
61
646
663
384
223
253
818
758
924
110
591
290
600
449
413
91
115
890
877
401
304
906
463
641
779
121
465
642
409
744
800
784
778
878
975
477
913
761
948
943
804
183
250
530
830
264
257
618
90
273
922
524
451
744
606
258
222
103
415
802
385
23
926
51
77
331
794
27
974
949
154
191
475
537
498
343
401
484
498
253
874
832
445
139
107
655
308
574
395
241
258
122
38
709
547
19
386
840
661
806
985
652
409
786
29
776
403
606
859
24
836
424
429
209
361
559
907
779
84
150
980
251
992
606
86
132
147
487
741
978
524
978
784
931
571
77
263
17
112
284
697
456
179
832
898
857
306
319
185
793
306
185
799
81
501
770
307
250
578
480
475
844
146
35
381
268
949
227
68
968
381
115
94
760
131
417
802
643
406
390
991
907
210
480
447
806
516
777
730
10
252
796
31
900
451
124
917
652
804
993
944
697
591
144
280
221
936
685
411
132
574
528
26
999
112
305
432
887
626
697
679
56
941
751
973
252
780
987
652
32
378
458
160
655
218
967
441
401
110
762
496
288
961
856
93
687
136
935
167
904
762
76
469
848
417
379
194
240
489
986
526
763
301
147
382
335
17
284
70
802
137
724
669
610
272
204
334
601
670
375
103
228
33
992
986
6
644
207
833
405
533
455
518
449
271
687
16
716
312
763
98
3
613
542
766
232
834
806
55
536
166
540
908
584
610
655
592
719
106
924
342
807
732
20
465
462
414
962
194
516
772
391
411
192
215
260
568
851
641
763
749
40
20
603
546
967
90
662
756
77
447
472
613
98
851
598
787
686
508
1
230
928
329
366
611
773
57
483
270
986
441
736
580
62
964
631
806
974
317
985
362
942
80
847
603
873
302
482
968
478
167
223
146
7
546
410
759
414
880
854
236
703
351
815
368
668
610
628
267
81
622
308
29
453
623
196
555
129
424
978
540
184
906
201
129
531
356
873
715
176
920
90
39
910
70
453
324
960
730
799
478
627
993
755
530
942
849
643
537
125
334
851
226
546
568
890
880
385
890
661
747
966
70
594
58
301
171
510
230
333
521
691
513
866
843
130
509
437
515
272
282
411
515
960
351
823
223
134
194
612
569
603
506
891
796
498
145
382
578
301
840
119
121
509
450
655
408
620
650
327
47
505
113
180
996
463
535
859
666
418
779
977
396
999
509
293
688
63
905
573
822
288
718
818
303
176
164
521
211
127
149
742
66
207
50
407
844
43
62
650
85
761
551
500
808
301
576
743
532
76
92
688
364
242
22
634
711
752
748
706
640
869
817
568
465
792
593
174
600
519
703
424
220
696
571
961
80
113
111
62
373
741
224
768
111
702
874
732
438
658
12
591
996
340
827
280
614
103
35
894
860
433
583
114
162
906
513
675
529
951
598
780
864
567
65
428
299
842
935
146
686
193
442
571
3
406
455
778
247
529
395
98
554
243
426
691
989
483
24
774
734
803
104
919
479
910
801
430
502
336
617
530
237
922
586
371
552
408
817
626
942
201
293
39
385
83
732
783
456
848
897
928
204
801
874
26
440
757
30
531
177
701
492
735
125
704
414
635
280
942
828
636
753
699
445
457
947
603
225
26
583
636
314
451
543
100
536
768
845
112
963
103
594
454
939
989
235
831
252
414
358
452
934
637
490
452
632
43
660
264
860
640
358
308
86
563
690
706
974
792
164
731
981
829
109
861
396
968
572
276
79
713
63
750
113
103
631
216
513
538
505
350
178
221
569
667
305
446
497
429
167
771
768
347
278
482
110
391
545
941
218
522
108
928
278
752
418
680
643
361
693
874
278
665
919
333
516
101
471
270
562
922
288
494
452
244
804
306
911
935
646
678
739
86
325
566
520
30
676
635
393
502
150
191
934
29
95
149
795
735
93
495
134
197
61
790
542
897
531
944
135
83
569
625
26
99
72
48
264
748
77
836
111
608
698
196
694
437
917
0
314
4
398
847
899
979
490
605
161
278
885
385
864
222
308
593
66
933
416
26
611
541
975
199
776
117
436
917
881
671
183
626
381
793
351
32
645
838
387
217
257
392
888
872
46
340
805
954
921
1
842
655
493
950
879
601
288
656
657
632
228
286
455
927
969
585
778
310
151
50
27
533
849
938
23
58
382
952
597
472
81
131
105
572
273
740
657
372
138
574
452
887
450
685
874
115
512
344
453
103
974
461
15
653
215
928
111
659
283
79
483
631
464
877
513
933
299
65
272
558
916
442
937
406
216
170
651
370
423
243
804
389
93
546
347
750
942
951
450
407
546
110
362
28
897
357
598
989
568
290
337
346
185
897
252
739
105
543
136
305
898
174
1
612
753
189
611
794
146
442
486
561
279
839
677
297
648
71
413
601
732
131
9
668
917
270
698
192
778
625
267
523
678
163
90
802
869
361
922
551
927
382
574
846
597
623
753
828
689
838
609
173
938
24
881
680
412
445
349
585
838
564
417
932
