913
588
792
695
717
931
117
39
704
826
981
465
801
485
870
14
272
778
25
197
948
757
609
698
547
632
695
476
246
840
408
327
455
715
844
50
176
773
987
468
833
521
493
144
12
501
246
927
913
62
357
588
817
98
984
850
602
45
990
442
646
379
336
305
536
917
37
30
260
606
376
785
18
757
640
87
743
373
716
362
183
47
601
142
995
761
177
718
986
496
753
60
880
177
728
127
912
782
447
407
799
924
146
396
39
504
497
956
908
306
515
108
967
193
480
174
788
662
944
240
274
837
629
245
246
990
203
157
172
402
968
960
684
625
675
583
125
920
165
3
432
831
886
87
572
457
70
296
473
933
266
806
163
793
174
522
357
742
997
207
759
806
426
661
926
114
945
440
527
624
288
711
359
362
916
265
2
698
129
946
78
889
473
906
539
831
976
319
81
548
82
961
886
333
513
171
507
130
287
482
338
85
589
93
502
565
326
284
750
184
827
782
95
943
371
522
29
51
590
719
990
845
854
175
188
299
203
950
933
255
42
16
833
465
545
0
967
221
337
206
931
999
552
672
112
507
243
57
894
25
764
902
896
261
566
405
861
789
322
753
465
779
772
864
424
42
311
149
446
622
898
865
886
308
950
213
261
528
964
170
545
190
464
337
411
576
268
919
62
438
930
96
884
83
35
181
140
844
549
400
161
619
675
443
66
482
431
352
937
332
765
51
155
77
476
772
131
793
798
913
619
346
305
680
680
27
169
562
936
41
796
395
27
218
666
6
147
125
279
790
42
849
567
991
359
730
189
626
788
469
271
191
414
925
441
501
34
662
180
381
369
623
99
925
183
701
858
152
726
794
524
890
434
620
799
402
473
737
582
776
657
801
675
981
141
284
222
34
974
738
343
49
450
761
884
288
227
769
735
28
534
260
104
369
319
777
82
375
270
503
980
441
896
502
678
160
556
546
926
460
727
97
366
570
159
275
628
864
673
450
558
453
760
527
47
735
787
387
675
444
969
135
315
578
299
619
717
186
270
355
403
254
923
352
998
724
957
978
182
210
71
131
409
721
199
335
703
615
291
136
157
532
734
277
854
558
455
122
354
464
695
555
233
581
77
155
761
834
191
169
648
410
527
849
742
899
792
585
385
429
275
178
223
107
34
854
330
594
392
569
387
46
4
223
798
532
648
557
141
818
690
308
91
323
110
512
264
999
398
968
212
358
439
517
346
173
153
53
50
841
434
769
403
593
576
114
907
632
90
395
668
871
529
600
574
18
552
84
563
873
269
744
754
486
811
559
571
462
381
982
356
504
313
817
142
915
71
113
823
245
981
337
332
973
225
48
667
450
121
185
371
748
394
613
344
464
155
235
879
114
197
157
538
435
561
900
256
113
974
798
660
782
470
731
536
904
932
608
167
159
557
170
676
606
424
844
738
297
666
68
904
669
170
367
680
549
678
157
981
960
1
15
703
519
841
581
325
260
241
740
229
271
416
868
250
954
531
680
75
420
638
831
356
379
922
15
556
458
340
753
98
282
162
207
644
213
867
674
453
629
969
185
66
211
237
443
362
460
144
765
312
238
834
528
430
296
345
489
31
439
398
396
561
469
919
107
78
787
229
783
782
232
803
250
290
90
10
971
271
728
258
904
540
730
945
394
106
624
329
418
592
264
202
370
16
395
524
246
338
951
550
368
570
255
392
915
408
381
273
552
669
2
926
612
725
869
112
875
317
847
417
245
73
664
298
366
626
178
156
596
819
234
721
593
687
471
830
800
153
683
408
205
368
662
487
637
844
570
411
189
937
826
538
878
807
11
348
885
307
164
195
665
702
890
546
70
72
676
592
358
593
366
857
527
708
168
810
752
936
342
167
245
188
555
386
937
278
574
642
379
648
287
398
258
167
227
636
394
353
522
19
168
851
354
649
538
381
629
978
455
891
117
174
958
24
119
933
611
185
453
609
260
155
654
856
522
594
560
373
2
887
638
746
811
20
508
556
306
920
223
99
472
322
186
621
974
179
26
110
295
837
275
333
59
730
260
638
349
722
70
63
506
948
210
82
545
624
311
974
690
895
603
986
455
960
673
823
679
544
313
809
65
133
333
874
454
815
831
547
783
36
216
112
310
70
379
334
216
386
984
667
159
544
685
586
958
290
591
50
918
908
918
931
878
414
126
972
735
424
834
747
837
755
187
498
113
920
390
138
315
439
491
583
317
694
993
64
795
660
768
49
223
977
366
695
193
996
643
479
739
952
624
691
666
812
834
562
328
694
437
275
159
539
379
662
208
117
820
743
9
866
319
903
869
461
406
873
678
531
159
414
389
755
471
838
618
675
586
396
287
516
149
188
390
481
405
883
628
185
696
587
173
383
864
58
454
26
264
470
41
54
903
399
939
462
946
569
770
915
734
188
586
702
299
162
191
654
396
604
620
711
90
713
250
367
752
204
756
782
682
561
999
434
111
765
175
915
605
831
685
161
811
286
276
921
737
976
755
662
196
427
333
978
543
28
484
136
987
859
12
932
966
511
555
394
185
227
918
336
332
332
535
609
284
454
83
679
733
978
295
268
962
774
891
605
713
89
671
932
444
521
530
840
954
827
825
771
956
110
892
816
323
581
868
159
694
495
465
950
529
285
88
525
666
575
146
422
477
659
527
472
144
451
121
679
568
394
286
329
274
74
701
847
438
301
257
758
461
535
763
529
731
452
857
869
415
667
685
704
752
670
961
15
938
973
598
891
766
102
988
527
823
284
84
257
25
865
425
834
76
144
484
772
486
276
671
935
742
718
17
776
532
999
736
382
127
931
365
130
431
454
425
962
216
134
78
50
96
340
16
65
23
592
82
771
197
600
837
864
482
92
178
384
439
769
985
329
730
433
130
415
118
611
601
870
649
477
879
951
639
146
307
749
83
937
703
666
54
364
887
507
88
9
292
269
531
993
814
571
280
802
321
5
345
20
694
22
197
108
963
738
450
496
221
818
604
544
248
286
68
309
913
942
236
881
371
380
686
794
469
929
732
764
13
259
315
530
750
967
265
177
317
161
101
329
922
638
973
385
753
274
578
326
415
66
753
408
122
280
243
393
882
63
603
370
44
898
599
795
141
549
80
487
114
63
428
442
302
11
651
224
966
546
638
300
190
214
251
329
70
517
101
80
423
920
353
87
40
103
315
58
461
11
639
905
70
664
99
646
286
757
993
481
250
938
195
2
745
956
135
50
259
335
202
238
698
945
753
112
933
423
82
268
556
902
49
613
317
128
350
938
141
962
396
680
146
534
693
236
221
457
792
325
917
418
157
652
646
478
375
898
281
669
648
996
565
450
971
325
483
508
322
992
199
788
287
985
498
370
768
279
244
376
979
7
239
219
393
584
927
970
376
255
398
708
593
271
452
34
216
726
579
622
337
207
640
559
975
447
182
690
63
566
476
375
388
261
895
301
380
414
266
266
976
564
561
58
289
456
726
891
573
861
634
796
488
936
629
760
343
624
273
467
496
622
849
815
406
129
591
283
545
105
834
657
178
373
894
723
995
211
6
561
605
508
596
993
627
466
569
355
868
30
184
120
286
754
493
15
246
40
180
323
516
957
131
989
778
806
489
609
157
501
304
215
733
928
37
921
311
582
657
380
369
318
520
205
85
527
662
449
431
86
953
136
337
231
426
72
782
435
469
234
650
809
152
618
472
645
665
960
278
474
311
38
843
701
730
654
577
943
983
154
654
463
532
855
76
114
818
94
583
127
919
128
62
628
739
894
67
430
931
874
54
345
89
182
862
93
197
279
822
521
116
269
174
278
407
834
520
746
975
156
323
176
459
721
982
97
300
406
170
553
320
404
545
592
938
648
925
99
867
533
72
70
394
647
459
761
967
591
971
292
845
334
358
120
461
792
20
804
647
687
24
409
916
713
428
50
231
975
916
123
154
826
980
261
748
548
499
411
472
336
8
588
985
280
195
21
25
105
493
794
121
109
993
121
890
756
756
860
83
872
512
913
148
756
628
647
790
935
816
511
917
995
59
909
566
997
495
17
354
152
485
550
733
731
890
471
200
227
107
585
914
174
509
937
797
590
661
186
477
733
454
274
851
523
57
75
888
802
350
41
373
778
512
669
271
134
407
253
88
473
335
821
480
198
174
302
51
68
179
753
403
866
370
233
782
652
780
786
499
754
867
874
558
506
738
858
947
705
883
560
279
699
19
5
554
828
744
230
200
706
26
553
263
258
31
446
18
587
585
831
188
90
274
238
953
619
976
441
358
745
587
732
201
843
978
484
427
868
886
347
897
948
367
589
226
376
186
830
267
530
932
526
46
606
256
594
753
131
940
615
691
914
682
805
897
687
922
127
655
609
901
483
186
807
372
266
617
736
134
893
76
815
241
433
573
858
824
729
20
445
643
79
894
776
709
999
509
930
262
672
386
663
352
760
391
773
126
51
737
488
816
831
459
101
196
23
110
905
351
641
956
374
745
422
388
462
287
278
551
903
473
214
929
476
915
63
963
628
826
324
622
66
164
848
170
696
433
673
348
464
673
861
893
200
227
63
383
489
261
486
948
964
401
347
383
690
476
748
707
871
490
698
82
874
693
483
229
132
973
661
115
826
297
184
45
224
187
711
214
804
786
259
383
645
385
227
88
846
493
667
147
290
195
592
315
445
104
294
282
101
330
566
367
668
259
624
702
579
263
969
154
116
971
216
350
708
869
298
377
931
98
200
975
970
242
859
860
919
24
876
251
984
781
713
269
922
805
687
446
764
409
681
201
621
627
171
755
319
17
741
437
670
520
839
699
321
601
662
945
244
337
960
949
751
11
793
184
759
824
475
927
399
767
795
862
899
887
670
283
480
736
536
480
907
994
484
18
613
302
829
183
863
361
967
516
576
334
3
52
416
530
878
589
568
427
485
85
377
618
966
666
517
952
134
78
781
301
643
937
464
795
797
833
957
969
630
756
518
292
938
918
889
479
285
798
396
691
432
906
739
129
856
467
825
172
507
860
353
85
695
772
896
854
745
643
338
319
71
176
213
351
779
601
173
122
164
364
141
633
562
234
367
80
294
204
960
768
860
149
555
797
654
895
640
210
734
737
137
591
311
814
233
813
696
225
617
64
799
724
65
995
510
56
775
794
997
143
831
200
308
485
111
369
690
205
357
258
903
192
687
325
762
944
967
456
552
130
577
660
74
458
626
788
73
729
216
908
57
89
96
544
519
89
672
382
864
507
817
916
336
899
528
595
724
619
1
870
700
641
424
451
240
626
934
983
990
391
501
881
190
253
321
724
730
148
922
496
508
557
529
299
214
582
327
912
945
50
381
225
202
681
323
937
551
335
529
754
170
760
931
901
351
593
924
993
368
698
955
562
387
607
146
386
924
990
281
470
348
283
182
735
142
78
190
761
354
774
989
200
192
751
278
429
802
991
887
465
702
31
852
225
175
85
959
919
407
829
889
129
475
824
384
906
587
477
828
367
868
939
951
93
308
833
41
357
257
668
661
905
447
696
364
256
940
714
364
981
810
866
804
174
328
750
287
72
421
641
714
360
482
954
708
236
907
153
169
808
362
916
75
509
47
320
261
692
648
67
285
112
785
70
758
425
753
176
759
884
465
846
84
95
801
310
623
195
288
43
122
979
543
283
499
401
619
787
252
984
86
964
750
996
393
399
803
317
400
796
437
618
58
944
429
737
139
181
19
157
903
763
623
489
486
860
419
665
863
125
285
713
450
841
484
604
477
792
390
630
930
948
995
685
988
996
298
82
309
409
886
998
445
805
997
831
985
780
37
498
285
803
587
34
479
485
354
102
578
165
60
649
267
237
79
179
348
165
503
437
259
631
164
482
214
142
248
809
829
927
863
894
451
736
803
448
547
926
75
741
907
90
24
562
919
683
116
215
805
463
631
383
241
554
735
125
165
202
259
129
950
41
572
346
485
1
329
414
928
390
829
37
45
284
895
236
410
290
566
493
564
478
615
403
539
944
117
83
462
99
555
454
656
981
736
891
414
312
984
529
339
825
131
290
867
558
773
588
776
333
113
881
964
767
250
766
188
131
32
648
541
639
179
426
190
257
0
811
138
211
829
901
528
677
730
568
137
989
125
901
581
361
754
695
82
229
886
387
626
920
390
992
327
697
969
217
206
359
470
232
518
957
75
733
75
389
420
443
628
955
916
348
885
618
11
115
897
36
949
55
663
795
666
647
424
21
111
464
491
732
336
884
29
779
88
461
896
700
927
895
959
342
694
980
435
588
106
649
349
657
587
525
169
703
168
881
51
936
689
603
384
883
865
245
20
944
885
98
67
783
533
561
966
201
815
442
869
554
306
917
907
727
669
330
482
298
300
34
956
180
220
949
803
722
685
253
461
776
921
480
424
1
428
907
86
337
570
409
965
338
415
299
894
426
135
809
239
302
931
583
719
640
172
642
62
515
984
866
487
551
582
370
523
680
503
586
914
353
619
86
896
286
965
199
163
831
5
151
468
392
704
458
737
925
69
520
958
707
694
670
124
522
97
60
391
494
866
290
895
973
328
76
843
91
81
821
172
288
682
655
262
836
582
152
950
313
634
496
239
78
891
743
112
932
165
996
50
352
514
967
16
417
771
976
120
140
45
505
824
771
843
470
606
661
267
189
193
943
872
696
630
871
644
512
975
921
272
371
990
474
897
430
98
642
336
846
380
655
655
95
401
436
987
384
499
696
434
214
294
851
538
332
468
436
20
972
766
309
35
632
200
88
229
249
736
267
885
657
507
582
810
939
803
677
687
88
568
897
680
501
202
729
142
31
624
791
375
913
825
157
61
68
317
85
809
581
782
384
628
141
400
870
650
794
58
932
667
314
569
972
511
439
800
166
981
454
189
45
729
618
914
724
232
726
503
54
145
871
593
221
961
615
697
203
875
950
659
268
890
739
449
573
692
137
52
965
886
876
503
681
606
803
448
206
97
223
571
47
801
593
940
983
330
387
81
760
609
916
826
946
465
535
46
319
764
885
243
483
115
6
385
417
962
975
364
112
291
902
885
244
333
177
860
489
561
476
771
387
152
81
706
193
740
673
770
279
434
161
544
562
425
712
921
671
986
620
692
5
515
869
577
649
10
313
924
159
882
470
181
950
629
759
447
357
215
62
154
913
498
183
920
80
891
629
41
680
520
565
652
113
197
552
474
921
562
447
112
574
890
327
169
886
115
691
557
34
461
321
331
81
112
901
414
329
654
737
663
576
234
118
958
192
652
452
342
1
371
485
445
489
