509
891
393
69
451
670
477
766
248
387
934
637
4
618
97
242
233
75
981
390
325
638
79
52
538
247
624
546
472
765
193
251
444
918
671
363
489
713
328
598
917
823
733
669
615
646
306
902
156
428
624
871
441
812
268
998
99
640
297
912
562
636
912
236
12
802
384
675
486
984
712
759
372
154
656
357
114
380
240
704
35
649
344
139
118
417
7
899
250
2
448
815
446
318
790
101
882
837
176
538
748
23
207
709
203
624
220
760
840
136
958
972
962
670
10
513
552
144
251
351
145
146
777
268
575
481
518
897
202
922
179
107
689
523
41
756
364
622
795
915
213
582
969
934
916
575
248
139
985
759
613
38
29
826
344
1
97
46
549
54
752
141
789
138
49
80
507
215
516
542
747
553
53
521
917
546
374
801
71
845
519
135
960
595
793
992
457
885
897
268
94
414
744
218
650
524
910
42
961
836
742
38
286
199
77
702
109
380
516
943
547
827
366
327
849
580
907
327
176
330
890
973
358
975
261
437
6
44
966
420
974
605
368
785
618
704
520
432
374
656
354
12
936
98
224
993
444
803
461
803
681
108
304
110
584
827
220
683
133
271
852
715
886
879
932
227
745
88
754
573
235
746
572
7
874
533
275
857
859
421
996
784
496
215
272
299
873
983
505
166
83
688
325
267
159
543
967
953
921
116
144
38
288
173
229
793
781
49
994
53
277
558
684
363
745
960
108
87
757
239
976
52
565
315
987
183
122
79
341
749
108
951
669
34
730
31
418
791
206
897
713
23
140
163
881
358
800
875
738
862
6
367
412
768
557
13
676
724
773
196
345
181
976
830
493
739
493
242
7
30
855
146
229
203
644
566
206
863
313
906
30
526
739
899
867
142
696
657
156
853
372
250
297
843
128
348
877
374
292
244
704
936
805
519
281
487
666
459
641
377
752
900
50
57
862
463
63
594
691
220
301
895
138
461
343
309
936
709
455
774
60
567
136
619
285
716
9
701
514
928
924
544
802
242
460
900
763
358
92
561
520
481
5
118
644
688
432
822
483
406
809
48
808
320
900
178
265
150
353
113
935
712
307
608
81
98
359
2
288
630
864
493
116
957
807
902
654
465
319
258
351
746
31
40
525
555
344
41
462
272
894
417
133
767
36
229
26
272
512
744
822
489
365
516
196
147
471
298
122
307
906
78
159
461
3
2
743
252
952
204
33
687
635
383
857
944
529
371
978
894
657
746
395
661
993
713
274
127
714
526
423
505
611
76
7
276
683
521
545
247
464
736
788
838
468
591
383
433
815
551
355
691
864
915
699
412
269
240
652
518
987
512
951
849
319
58
675
147
906
265
839
239
19
479
221
369
102
535
330
372
90
452
410
288
489
561
529
931
336
197
708
907
118
650
846
597
418
435
311
461
437
392
534
226
854
671
230
541
148
497
559
710
990
846
236
179
174
445
338
94
957
732
40
722
192
857
689
18
703
803
286
910
894
288
921
939
133
867
957
653
730
457
9
51
46
809
51
488
405
966
313
281
815
314
90
488
860
480
476
716
84
150
246
323
867
813
501
21
460
783
781
950
309
12
733
687
40
257
877
553
153
622
755
992
571
417
920
64
614
860
162
463
555
984
802
575
256
229
534
494
230
927
73
291
319
542
294
622
886
538
412
693
263
201
851
695
557
439
341
919
10
161
431
879
457
206
294
54
967
266
271
896
184
16
359
896
622
171
473
188
940
457
134
645
505
909
286
530
233
543
724
848
853
314
440
376
761
26
495
93
270
704
269
960
926
420
578
970
285
622
337
485
672
649
301
495
853
20
191
653
634
397
475
912
513
124
729
374
401
802
911
879
256
869
675
74
996
49
277
340
953
500
27
877
748
629
831
575
479
18
507
675
581
774
525
522
733
75
869
356
459
617
795
873
369
499
709
458
22
370
926
275
69
536
795
367
494
195
135
544
321
501
54
394
766
924
606
210
146
170
873
144
572
203
863
590
638
782
361
708
719
699
80
18
925
504
108
513
520
311
824
750
329
543
179
428
529
821
730
29
478
662
928
188
728
596
143
706
210
652
160
772
212
96
559
501
805
485
714
973
374
587
216
470
26
852
470
334
233
931
204
334
388
755
711
606
219
553
647
178
169
463
457
518
961
877
127
129
234
774
418
417
958
196
682
723
640
553
932
980
92
44
858
721
224
124
321
824
624
108
988
330
136
179
949
621
306
863
996
33
95
941
816
783
898
135
170
673
376
50
337
154
52
795
687
715
559
486
795
911
316
955
944
548
498
534
611
47
730
520
257
106
800
591
447
716
567
567
35
253
21
115
280
28
910
724
879
536
316
981
72
631
755
553
976
62
835
393
685
902
167
326
660
743
554
767
147
116
1
56
395
74
923
927
877
502
709
852
446
859
107
884
117
828
953
114
505
324
511
515
71
127
891
372
608
533
200
618
578
283
180
806
85
453
543
355
942
756
551
429
48
840
160
504
789
666
489
562
77
9
979
150
86
23
106
302
449
839
166
548
597
461
955
269
437
833
19
523
724
794
630
101
609
763
272
165
349
885
641
237
841
737
138
223
253
848
306
680
691
737
992
329
706
750
171
58
719
619
318
98
973
323
911
759
829
25
886
782
529
337
947
240
130
761
704
586
65
967
245
799
563
440
955
996
613
121
560
391
799
110
737
109
557
149
566
583
952
558
606
416
644
833
116
854
530
260
985
674
998
952
65
861
91
535
682
169
825
972
166
978
249
142
410
463
863
378
342
297
910
533
77
879
698
147
143
146
367
423
426
300
383
807
544
608
768
602
457
46
299
609
432
6
545
720
347
662
600
16
997
553
483
746
406
854
752
505
938
538
131
316
206
251
312
632
150
371
14
646
812
109
463
574
596
751
651
631
883
731
540
961
877
476
188
913
253
778
578
593
47
417
972
602
441
860
494
998
873
514
1
662
920
387
367
765
724
833
995
776
67
5
845
578
51
36
475
663
758
582
59
749
3
556
669
443
960
195
453
47
491
897
221
911
512
443
498
235
301
72
181
589
649
710
402
247
530
999
661
792
782
959
808
26
306
685
777
499
974
812
848
365
281
301
47
140
953
842
242
436
994
121
741
645
64
515
77
260
264
880
870
495
448
617
60
628
79
114
318
118
567
890
788
350
863
648
697
290
301
348
371
356
81
695
383
66
524
775
338
277
351
235
299
992
888
872
436
783
775
910
759
369
544
410
148
108
537
544
424
316
602
20
890
71
52
285
872
640
730
439
102
254
492
372
902
368
883
527
683
423
87
476
767
160
331
527
461
972
650
423
345
846
979
271
779
577
528
881
290
451
365
711
933
226
547
520
404
322
276
739
230
464
368
530
796
549
246
46
178
778
511
147
838
197
69
113
217
814
649
998
162
96
105
19
122
847
88
233
618
138
767
223
888
893
457
44
81
615
925
571
24
234
684
728
948
572
442
13
704
913
530
833
548
363
298
630
473
903
62
613
954
45
128
392
846
588
165
772
994
687
594
865
130
112
717
144
944
624
312
832
901
272
793
428
829
423
677
36
728
536
690
703
674
606
908
186
811
919
351
48
530
795
35
245
981
344
478
720
636
252
99
533
180
453
800
205
391
560
925
987
520
548
880
291
492
914
854
424
964
460
732
618
671
295
267
419
717
718
346
573
214
764
405
626
376
550
28
559
488
818
390
821
39
768
524
5
278
884
770
24
245
645
376
344
580
942
927
471
893
590
182
802
368
109
324
265
14
965
144
765
402
298
837
271
385
856
369
513
290
929
148
675
393
183
358
645
861
452
481
940
377
843
38
51
288
338
443
790
841
487
514
14
786
500
157
860
345
584
13
260
622
28
641
872
844
422
684
341
710
965
615
582
38
219
406
628
169
144
479
38
262
416
116
443
549
835
178
953
340
548
114
896
125
305
732
321
619
758
900
469
771
182
917
339
696
888
801
769
662
698
426
621
304
756
835
497
837
131
800
330
245
888
605
123
594
285
474
539
602
595
627
319
408
163
141
37
162
343
588
686
197
252
58
631
724
167
515
101
184
897
452
890
865
680
841
464
147
539
773
889
388
273
540
809
401
743
909
896
952
588
547
648
105
467
163
183
589
685
847
89
729
336
633
238
580
503
268
987
331
903
875
560
413
620
565
773
170
670
32
10
848
699
402
137
453
850
479
810
760
905
509
115
843
364
907
154
569
219
968
481
949
958
207
412
539
528
112
1
535
709
850
437
955
168
189
103
983
798
212
451
793
177
775
510
428
546
631
129
692
382
82
572
863
556
718
336
79
264
346
672
133
999
104
925
383
431
247
397
618
410
645
352
147
664
962
918
70
861
55
664
482
998
757
138
556
371
987
377
944
698
31
295
590
848
557
544
416
236
405
375
506
538
503
498
58
713
826
944
415
394
890
403
478
781
559
765
384
561
10
11
103
608
403
864
783
725
285
176
185
323
67
914
395
851
76
968
67
393
730
510
802
668
49
789
45
704
986
507
15
330
519
945
931
23
89
889
20
385
605
153
367
464
509
824
56
16
322
460
618
444
351
534
819
88
514
731
291
291
467
39
829
249
327
672
165
771
942
564
66
793
0
232
613
54
838
335
711
14
133
147
906
639
221
771
14
136
967
800
171
658
334
701
158
306
149
836
748
816
270
647
403
936
58
57
600
67
332
82
75
624
999
304
447
260
216
921
222
867
7
666
994
841
919
706
965
650
509
816
338
682
277
589
676
731
519
784
276
313
857
293
296
579
726
608
655
640
52
148
521
370
315
3
811
36
873
112
720
188
715
665
347
917
14
18
610
413
980
616
668
549
82
468
922
186
69
215
371
166
204
616
922
668
225
935
99
959
722
677
691
277
620
666
492
333
839
19
343
130
764
78
484
467
234
859
53
897
128
913
178
644
189
145
157
578
836
363
845
469
228
932
40
224
211
601
488
470
562
274
65
671
747
30
89
359
239
78
469
13
428
241
893
181
971
124
206
290
760
59
54
836
995
673
460
105
468
520
44
780
275
901
242
687
237
827
863
965
883
98
759
849
636
91
851
724
138
188
153
871
242
763
473
390
589
920
475
989
516
987
348
906
632
199
856
350
679
930
881
513
643
970
549
689
676
93
181
479
742
972
546
998
605
582
739
529
940
565
1
119
38
535
371
461
460
36
749
209
300
134
739
775
426
993
316
850
73
193
2
264
554
875
381
386
149
857
279
807
757
213
98
268
230
472
390
306
706
856
351
588
880
180
642
75
918
661
368
471
501
788
76
813
211
826
942
512
303
863
42
141
388
170
514
175
832
258
192
83
887
319
384
73
224
520
282
904
953
290
925
477
870
921
319
952
901
782
265
315
221
93
743
879
981
746
534
788
881
48
445
149
878
509
542
735
343
998
798
252
680
18
80
727
440
157
840
486
588
988
698
671
661
727
827
793
44
360
968
312
892
583
107
756
325
239
796
463
49
617
307
777
567
778
571
706
45
820
818
147
243
838
902
905
395
809
538
55
412
0
229
575
581
58
875
92
150
808
485
7
259
109
972
404
138
759
75
625
843
665
754
3
911
578
535
68
265
190
927
149
802
974
474
443
553
694
508
409
982
452
471
354
703
832
646
170
204
76
901
656
565
329
780
994
76
891
738
261
845
363
158
638
882
951
65
914
114
471
767
711
625
175
173
157
3
164
348
317
474
517
731
692
352
448
635
459
566
325
891
423
602
523
396
688
871
461
407
952
287
673
235
49
683
397
842
227
443
110
75
466
712
382
242
656
335
145
539
908
1
372
927
462
981
707
397
45
775
582
745
888
769
951
810
397
215
282
796
761
273
417
222
973
626
635
471
273
798
953
898
15
240
213
568
799
272
863
980
467
620
373
497
94
102
494
312
54
563
51
934
818
499
770
562
66
844
673
828
218
497
156
193
978
672
930
419
653
289
458
206
788
387
958
693
47
193
9
186
519
17
858
388
770
948
149
483
412
785
938
95
727
501
509
366
927
445
393
93
453
180
153
782
677
463
13
639
774
686
165
539
901
309
69
938
414
233
149
668
169
158
156
410
517
244
569
677
868
243
29
904
578
99
176
176
314
918
726
861
231
401
606
160
548
541
631
668
514
940
991
393
924
407
762
963
7
645
379
401
675
357
658
650
520
564
410
962
415
946
278
49
879
95
959
941
993
91
12
278
432
659
263
967
656
840
64
365
602
593
785
183
745
600
644
725
492
362
372
749
464
304
903
801
425
163
421
797
398
861
425
804
422
290
168
546
482
188
138
147
569
750
620
586
578
216
640
271
97
370
714
936
769
804
15
552
122
369
556
588
152
28
368
474
832
187
216
925
695
776
397
651
400
367
883
119
658
929
688
530
636
886
263
813
486
794
849
353
933
590
336
831
666
71
815
436
321
596
592
116
769
249
763
792
236
168
552
274
804
991
642
476
696
100
536
192
818
757
337
610
199
397
268
874
970
889
897
622
221
560
390
196
205
256
298
869
288
798
728
757
638
773
345
887
857
832
193
918
19
490
44
486
227
474
116
48
563
613
402
316
568
475
278
401
319
876
653
792
345
139
791
911
51
248
73
753
500
772
853
314
843
509
676
89
565
354
950
454
600
624
774
786
448
770
148
326
883
111
456
452
738
390
336
610
254
68
854
293
613
934
321
281
880
218
71
862
186
223
484
143
567
502
401
749
118
224
379
784
533
942
879
277
207
760
544
354
781
589
100
22
702
833
409
679
148
69
343
515
365
687
50
456
402
762
871
655
880
177
24
170
784
349
710
655
5
935
802
548
594
86
432
610
821
825
520
63
868
185
922
155
531
374
622
164
526
178
981
109
593
802
607
913
594
880
514
461
303
158
875
260
730
509
557
828
582
291
595
597
148
867
579
258
327
198
698
840
672
360
726
107
470
246
251
768
989
715
685
757
250
961
735
117
233
644
174
72
636
266
590
782
192
319
214
140
477
533
10
551
554
561
29
462
874
617
201
676
951
753
77
66
217
692
121
444
971
248
529
498
259
162
892
894
372
849
584
669
922
678
275
430
465
161
584
992
857
191
597
705
954
199
517
344
457
572
119
476
396
460
801
373
176
104
218
296
284
756
315
185
345
534
873
865
537
779
427
550
536
981
530
17
764
873
9
827
541
252
922
577
240
422
979
343
358
831
275
521
260
877
685
436
790
280
632
211
93
780
200
869
611
246
653
691
943
130
309
919
617
961
865
73
507
656
441
555
713
35
429
516
455
112
977
58
502
200
75
480
915
697
172
591
372
182
473
385
560
696
350
200
394
981
278
781
584
455
209
349
934
560
778
606
451
889
251
143
317
274
831
365
238
395
460
18
562
665
148
455
315
