135
579
146
26
509
729
468
114
243
10
602
155
913
884
795
951
495
768
639
622
874
846
366
700
751
804
250
985
328
827
965
302
171
919
244
215
722
992
419
521
581
897
923
585
83
829
438
590
800
689
179
300
336
265
533
110
570
131
150
727
744
266
432
773
714
592
628
643
634
420
964
498
994
500
690
475
201
574
628
595
781
337
879
187
107
427
920
83
858
566
874
211
221
716
473
550
982
491
869
723
928
768
74
825
70
108
188
126
327
341
416
548
306
252
790
273
110
54
499
777
674
145
538
18
540
13
74
892
501
180
219
563
457
175
378
138
188
119
485
486
760
677
48
220
979
46
77
888
102
7
73
83
664
65
235
672
848
976
737
115
866
782
979
30
872
55
992
42
74
328
999
334
897
833
878
119
381
701
766
364
406
874
152
965
391
25
584
768
806
427
976
583
432
149
256
817
386
370
704
283
667
364
32
283
597
575
807
81
954
770
383
379
619
626
306
571
963
989
398
183
930
304
899
292
453
854
518
160
171
429
558
451
659
518
131
177
17
17
326
607
311
315
635
495
864
717
380
737
824
834
208
296
239
157
16
943
4
812
353
614
814
493
437
845
702
379
828
419
936
325
617
819
72
739
295
44
554
294
370
564
1
355
369
352
441
28
185
954
193
547
670
544
951
60
50
109
743
494
568
646
495
901
442
355
770
351
118
151
348
24
447
438
116
405
216
427
493
346
915
323
863
808
344
497
364
863
265
503
924
427
298
678
145
198
726
170
287
538
492
852
731
817
880
429
492
851
894
292
511
115
914
661
692
695
715
463
78
649
438
527
248
735
902
814
755
204
944
92
180
904
69
359
378
203
873
476
29
961
553
537
650
91
2
428
315
434
827
364
515
264
556
538
279
445
296
467
56
603
478
829
14
838
942
715
494
787
62
951
883
148
508
115
987
854
374
812
200
319
277
508
175
759
320
603
93
754
181
968
133
614
666
777
279
280
338
485
291
542
691
370
962
8
811
329
181
695
539
42
551
938
636
556
197
82
926
517
774
929
528
531
478
803
657
341
388
920
269
465
379
54
163
66
654
959
803
821
213
740
365
584
716
270
949
88
914
516
602
414
111
374
893
438
326
381
295
179
250
549
291
442
309
256
963
769
3
423
7
356
182
544
968
596
867
79
506
764
121
810
200
953
666
958
521
813
97
607
224
545
267
640
329
445
827
527
23
749
654
172
715
561
13
390
839
553
888
58
473
363
623
761
315
627
980
740
695
549
100
95
383
490
109
39
498
149
770
41
867
617
185
233
916
857
869
180
224
131
127
842
717
66
143
723
744
406
681
373
867
938
707
319
129
290
715
717
403
607
29
129
963
873
977
546
261
704
291
844
325
158
116
204
731
388
46
989
3
224
317
660
753
336
793
516
98
374
72
255
78
135
664
186
330
289
354
820
970
217
930
763
987
335
155
523
997
526
888
443
720
20
268
861
22
658
283
898
286
648
474
176
649
633
873
66
229
270
129
618
887
273
303
653
685
560
456
251
858
764
72
617
426
270
971
85
5
965
28
310
169
574
299
61
503
712
153
243
936
698
848
521
769
276
254
918
233
31
264
25
227
66
634
491
182
562
812
311
426
748
145
385
502
802
577
217
69
497
150
363
6
819
964
460
906
949
26
362
721
759
661
48
701
603
427
749
528
228
748
96
730
972
389
562
458
914
959
368
237
343
172
76
37
899
593
719
209
961
399
13
10
988
284
660
221
60
303
146
804
616
296
75
72
689
453
644
681
497
49
423
485
119
438
611
743
984
196
519
855
516
842
67
160
146
257
178
766
112
121
968
206
251
834
37
688
111
76
51
383
195
978
737
305
813
121
356
945
318
311
263
762
73
855
591
406
989
569
974
317
852
221
298
857
207
344
848
150
89
191
850
471
397
336
163
739
404
537
859
631
671
48
612
805
741
201
535
26
41
302
67
197
332
16
987
506
618
340
139
351
516
585
711
310
777
342
0
993
305
705
324
812
528
33
384
780
740
333
69
910
763
85
773
922
235
398
536
757
575
764
759
854
427
895
468
48
653
488
324
382
64
357
115
110
638
880
770
956
353
126
423
159
366
747
641
840
542
210
149
166
146
602
130
31
27
357
895
153
76
18
980
415
748
90
923
591
364
887
884
656
433
144
695
144
174
946
18
275
617
945
295
521
808
60
720
382
64
54
914
645
794
760
483
454
186
595
890
876
590
132
818
308
799
289
922
351
407
664
148
112
175
910
960
337
859
92
572
880
125
870
370
999
843
670
646
329
478
869
682
848
464
89
688
244
897
82
716
814
733
495
140
882
437
990
596
539
201
152
42
32
399
770
947
44
819
968
168
356
180
500
881
449
654
124
44
893
640
50
913
802
668
85
165
886
751
804
169
355
277
411
807
843
834
414
289
768
431
578
949
473
351
43
321
849
260
496
751
202
579
915
925
503
617
492
700
39
216
517
482
804
715
8
614
675
170
229
272
991
265
920
554
686
219
311
95
117
999
8
951
863
132
761
28
728
407
754
476
825
613
764
723
884
503
261
716
182
130
819
123
428
247
358
507
614
526
915
511
137
761
530
487
529
200
793
241
147
649
729
825
440
386
750
879
861
213
949
988
967
726
590
400
269
716
944
850
54
666
611
301
33
840
209
460
603
555
926
682
882
357
439
496
96
986
223
20
860
633
563
786
611
668
295
106
68
492
466
317
704
219
549
253
608
543
209
553
841
248
869
729
122
791
799
452
294
866
986
852
557
336
397
787
357
46
573
20
525
99
496
520
442
686
482
331
163
882
846
426
935
508
330
260
503
449
564
498
589
590
571
36
163
837
718
154
289
664
985
227
342
142
95
510
111
847
729
867
806
766
835
644
738
778
528
525
20
0
420
885
698
425
983
296
820
916
306
915
819
0
586
740
121
79
161
547
380
794
435
704
381
501
294
666
117
823
371
673
198
649
290
98
151
520
954
765
386
825
77
739
776
856
681
25
724
860
91
644
892
10
647
544
467
749
258
265
84
679
584
157
377
551
850
564
514
23
327
772
882
136
195
86
42
188
133
335
593
8
82
20
243
700
743
109
533
953
195
60
867
38
667
371
425
910
671
303
870
393
138
804
327
53
496
110
912
849
560
642
68
751
440
927
549
812
447
757
807
405
389
592
719
351
639
648
570
714
271
744
688
699
49
968
935
605
992
18
875
275
302
614
323
365
842
34
599
733
788
498
653
141
724
695
131
718
969
719
247
79
973
882
547
992
893
684
996
834
279
851
185
206
12
791
40
558
653
992
484
964
921
337
723
285
284
120
212
145
396
534
662
602
381
497
299
206
108
651
179
98
193
271
501
701
517
784
720
775
723
750
928
700
683
798
908
297
241
796
692
466
181
248
584
133
187
882
148
295
218
923
816
600
498
602
603
725
910
343
207
131
74
343
927
987
990
821
14
598
135
706
633
110
599
624
292
622
11
864
643
495
843
366
246
216
638
734
304
898
851
550
417
917
52
712
550
890
389
722
634
575
627
395
111
824
159
444
909
208
985
528
51
235
713
474
859
487
817
898
366
591
263
355
585
851
151
604
160
136
572
241
407
727
935
333
248
477
472
486
830
551
129
269
408
343
323
561
833
783
791
983
220
417
135
8
788
776
933
487
170
519
745
413
464
548
808
27
402
345
847
171
852
951
359
860
430
671
227
72
581
886
341
979
27
539
654
650
614
225
508
86
382
428
485
292
552
722
530
330
760
359
479
552
843
460
343
312
746
14
925
459
242
143
45
426
425
731
856
806
755
320
238
516
922
90
582
80
124
635
217
341
558
732
957
999
191
787
990
157
919
209
46
38
174
797
556
215
337
474
723
614
231
891
689
566
697
39
248
767
624
340
522
313
473
764
941
965
779
318
78
656
865
299
513
253
547
383
415
62
215
831
856
975
237
333
992
463
744
428
174
115
504
178
551
209
756
674
930
494
220
683
876
404
821
697
75
564
534
798
360
84
472
868
430
540
202
625
223
83
105
856
749
81
439
16
493
337
67
635
968
862
262
37
900
886
814
415
240
910
307
343
780
636
518
150
526
211
186
805
593
999
2
509
168
901
922
282
401
862
234
867
84
616
565
352
714
241
56
584
851
985
326
31
880
666
463
496
767
15
193
181
724
782
479
760
524
883
941
428
325
795
230
173
962
98
245
249
467
977
119
457
200
487
794
128
406
571
599
391
851
124
346
411
787
629
986
316
916
407
612
722
23
885
850
374
813
246
137
194
465
251
384
526
245
838
236
648
564
266
952
311
734
381
514
925
786
591
857
294
653
221
83
937
657
207
666
402
610
354
126
529
489
330
990
939
3
816
352
938
540
412
96
220
373
559
389
309
597
592
655
554
827
873
925
307
17
61
963
772
92
752
656
153
552
683
933
979
600
770
810
866
292
316
387
409
987
647
71
985
664
941
65
363
569
159
135
686
81
348
200
481
264
685
787
405
40
9
722
954
656
640
741
701
926
119
795
323
357
159
276
444
526
977
361
270
331
874
285
669
159
7
277
684
369
934
546
3
199
24
656
222
614
958
231
341
880
119
246
669
639
428
879
530
285
865
125
247
14
824
155
212
21
347
846
579
820
453
178
999
399
357
779
545
15
16
266
432
580
387
655
572
44
210
973
584
24
632
425
449
598
539
164
391
201
83
848
696
788
527
279
683
214
787
807
535
350
898
330
697
720
396
178
956
968
29
538
32
819
242
351
657
382
552
765
371
750
803
206
767
510
48
533
797
294
7
377
854
384
440
701
692
15
473
996
912
168
841
754
384
43
564
325
459
378
732
266
330
991
904
44
525
549
971
336
695
741
260
156
288
889
702
141
725
812
739
936
525
568
970
984
370
450
425
342
282
608
113
743
66
202
5
711
422
366
294
75
343
405
319
92
497
196
719
544
64
893
984
2
399
451
531
513
604
493
974
455
819
953
500
32
918
634
783
138
62
364
332
483
616
628
522
822
103
869
9
136
89
821
35
151
105
414
722
25
273
768
310
138
130
867
616
328
2
707
873
785
888
780
112
460
670
837
972
213
900
841
518
113
549
784
233
785
800
996
889
116
702
279
478
837
770
338
323
292
250
193
303
32
953
346
592
562
974
300
670
661
956
19
811
249
703
338
397
686
480
834
878
678
597
134
432
99
24
353
976
984
402
383
350
916
108
497
278
665
162
556
174
874
893
713
812
330
163
286
500
714
276
195
43
130
572
818
19
1
568
221
851
192
975
83
401
440
870
525
511
236
40
299
600
633
577
116
133
705
197
818
113
535
337
220
357
469
293
189
568
290
941
202
287
535
419
344
469
696
411
699
319
192
923
284
727
293
876
970
202
586
801
369
208
947
99
656
128
347
910
356
510
578
636
938
914
779
852
434
653
969
927
327
282
953
423
635
167
306
67
39
87
345
587
911
806
105
85
4
696
304
754
684
654
365
273
388
758
454
381
621
30
70
669
716
804
138
408
996
165
316
890
702
952
105
664
504
718
646
452
988
913
696
429
911
678
296
519
474
736
100
114
117
882
235
465
559
265
817
682
850
740
512
725
612
729
144
810
568
101
533
820
955
839
590
716
522
857
950
691
424
676
763
839
134
728
492
553
803
61
928
265
507
536
185
303
220
365
288
999
587
974
978
384
493
869
823
505
114
124
811
320
131
182
861
905
932
681
478
599
61
579
132
506
250
830
212
301
131
882
309
562
661
253
553
21
679
193
335
722
121
82
291
291
543
106
560
122
795
956
652
872
560
881
609
496
395
130
611
706
748
58
133
55
659
527
854
726
837
158
354
162
381
400
115
536
543
84
454
112
704
842
90
823
521
145
450
502
682
286
676
476
972
579
218
419
807
511
230
345
338
543
691
909
920
457
406
819
455
328
683
670
413
569
268
705
131
825
596
523
347
73
714
20
430
863
577
888
534
954
708
927
858
577
535
839
824
481
897
855
572
370
733
632
399
588
407
490
243
619
124
440
50
284
586
113
407
299
502
740
156
107
413
439
322
97
522
588
216
13
78
745
770
765
470
58
858
808
878
805
668
156
259
714
20
477
927
733
658
811
685
546
701
350
107
739
414
729
672
608
891
432
883
572
500
511
875
24
754
592
821
487
603
848
48
918
867
344
333
797
628
939
697
669
750
736
524
264
257
758
236
800
551
406
659
317
223
954
600
511
796
833
49
668
892
451
782
94
156
383
344
364
201
383
104
756
185
332
60
578
128
844
948
415
974
700
211
864
46
476
33
10
402
790
637
535
474
633
632
488
291
256
996
615
92
283
508
216
483
191
253
84
38
999
474
593
22
662
597
873
918
479
617
396
785
171
861
757
673
822
571
279
620
559
214
530
945
850
194
470
561
356
397
794
592
714
331
170
706
551
999
83
786
760
605
243
134
109
414
450
966
710
954
743
156
575
713
929
661
34
685
723
341
256
223
314
361
475
354
230
494
123
525
187
143
931
601
563
723
135
482
993
589
109
411
12
749
324
170
399
668
997
195
841
349
133
312
46
294
997
277
57
390
238
249
852
592
404
833
286
206
110
295
855
329
686
728
371
532
11
532
513
185
169
766
478
723
162
42
635
642
499
454
648
133
725
145
131
914
319
625
121
881
741
177
856
215
111
527
390
94
935
779
58
193
808
235
589
500
184
507
500
106
131
106
213
289
972
240
780
633
551
540
609
962
0
826
679
514
202
873
659
581
397
67
967
167
847
69
658
613
662
614
958
666
295
117
302
749
774
907
498
840
498
487
441
115
948
760
401
855
956
261
53
358
120
952
908
335
546
82
98
969
781
264
381
277
596
530
558
421
559
900
786
579
51
438
333
778
692
566
42
897
929
950
80
590
613
367
628
55
829
668
815
435
715
308
181
439
646
311
337
741
572
713
72
79
701
701
513
377
405
377
541
69
677
431
696
671
694
83
556
592
620
216
311
369
915
822
649
445
121
558
188
17
432
734
695
840
725
215
465
158
586
915
463
670
76
965
322
703
426
745
800
145
619
506
941
933
682
34
565
851
569
524
609
781
895
365
388
681
552
809
825
564
863
186
475
521
234
476
736
936
330
220
923
852
190
110
949
21
827
157
663
812
466
197
142
549
342
308
331
886
560
959
54
94
265
314
742
793
43
279
936
784
540
576
842
749
112
191
427
316
75
706
913
109
488
628
382
477
688
502
223
716
66
381
146
386
155
909
556
683
267
172
645
338
532
25
73
17
559
770
987
198
389
597
447
625
398
478
621
665
98
416
581
959
738
959
363
99
402
241
233
154
861
237
659
265
965
899
283
867
397
403
65
902
741
378
287
572
138
359
175
526
63
516
585
146
140
264
572
101
969
689
840
451
703
71
438
107
635
835
549
432
904
606
642
874
216
774
179
172
358
339
872
38
323
680
726
626
412
765
441
683
220
890
894
698
379
541
882
891
475
44
27
180
42
343
777
149
793
532
247
666
512
654
636
366
171
727
25
130
429
458
247
203
112
222
478
138
687
389
244
316
960
739
864
442
136
89
26
859
524
416
161
853
146
171
584
122
891
246
326
959
157
115
528
216
336
987
149
111
61
121
391
444
566
402
233
6
422
721
729
64
94
559
51
591
585
711
215
991
917
360
400
12
959
83
474
686
113
332
447
206
250
214
854
62
338
511
713
285
568
387
10
480
11
420
305
940
929
878
4
535
447
561
20
622
918
816
392
281
934
998
304
75
810
32
711
150
799
933
870
603
18
91
1
759
886
291
465
705
142
396
205
183
229
597
61
457
527
484
557
205
548
332
3
737
769
275
469
80
34
465
402
131
192
964
651
17
995
113
229
121
700
197
102
988
914
129
649
464
103
492
912
302
541
122
685
181
891
682
29
800
758
414
249
762
30
251
178
98
686
480
385
9
327
124
601
856
74
736
498
367
144
19
610
864
928
828
401
338
219
970
593
866
800
320
880
795
871
332
228
382
12
670
146
493
51
334
155
729
946
286
412
187
127
999
648
135
678
911
180
301
223
671
711
161
683
355
163
635
849
811
724
961
745
503
236
760
291
255
905
353
965
63
644
439
960
994
343
503
798
94
122
81
754
261
25
651
971
468
182
5
798
180
902
23
840
629
259
574
213
58
502
117
607
16
278
416
151
345
546
460
105
909
206
683
831
840
341
932
605
190
652
342
444
714
919
476
173
198
58
532
515
933
214
426
853
892
294
850
823
679
460
363
501
457
653
646
76
283
750
110
700
317
98
593
805
538
873
20
20
645
62
126
899
514
245
187
955
904
671
544
502
578
27
254
349
332
771
143
315
579
776
134
748
13
443
787
358
624
2
460
162
919
619
495
95
118
855
899
348
798
342
151
743
308
739
194
342
604
707
434
545
356
48
152
874
843
788
176
347
496
157
574
547
830
908
988
980
541
529
984
236
180
238
618
773
826
414
3
723
181
210
337
770
409
704
728
490
298
713
683
624
685
229
415
650
80
902
408
774
250
997
228
895
645
724
670
558
328
369
398
641
929
124
771
786
72
854
810
767
294
174
632
697
892
977
571
619
872
900
775
745
555
721
421
242
38
828
662
532
122
9
5
83
558
188
834
789
171
469
242
341
644
406
540
178
729
194
855
3
91
875
423
761
50
56
46
769
945
970
231
988
515
625
13
717
823
151
962
151
887
809
509
944
31
534
610
46
744
421
957
909
68
167
193
50
452
454
627
94
21
377
148
834
561
989
107
316
497
553
448
500
608
510
613
325
835
297
576
355
453
111
475
213
727
804
796
695
412
479
375
480
299
533
434
130
462
433
977
307
847
989
912
615
569
328
63
984
700
612
423
523
523
842
363
736
800
637
202
158
608
799
432
768
48
356
676
168
950
257
125
279
749
104
197
446
848
716
527
844
711
955
469
484
855
612
594
113
532
710
679
121
626
683
521
180
393
416
199
920
511
218
937
187
439
190
756
771
783
236
946
557
143
393
726
472
757
800
709
805
750
485
856
310
959
78
846
240
985
246
438
86
795
862
763
755
602
682
568
156
867
630
554
927
288
979
149
148
241
154
862
687
426
940
248
743
907
12
51
902
805
913
222
157
311
483
93
764
320
969
958
83
303
605
293
671
855
789
351
644
782
991
363
316
309
496
356
145
881
393
12
709
896
102
963
323
767
324
909
569
736
167
129
85
681
629
901
761
975
378
375
308
834
985
871
407
577
908
912
368
975
497
157
598
933
225
992
850
39
941
781
119
675
839
6
462
723
914
48
232
660
183
698
304
519
902
213
116
149
165
303
40
983
136
914
103
731
797
105
960
978
282
27
73
455
926
736
122
394
417
664
984
698
392
643
388
602
785
331
536
130
247
429
989
822
642
223
740
627
623
419
415
70
624
434
771
431
447
556
997
546
68
203
454
406
296
503
948
694
678
244
342
926
997
272
355
623
644
48
480
411
171
322
12
109
1
925
786
535
48
669
299
807
561
635
277
59
284
353
923
401
457
923
474
955
860
889
254
168
9
545
887
182
236
33
139
27
427
802
601
859
330
80
407
716
787
654
953
53
200
350
879
445
894
598
745
616
784
246
650
179
117
118
814
337
447
77
472
910
81
28
597
576
316
200
471
398
518
799
431
577
399
482
770
215
833
536
590
558
764
299
666
885
820
539
168
254
336
137
503
336
751
631
737
793
872
298
949
593
630
377
930
602
414
856
402
827
247
925
806
43
77
723
460
274
506
773
705
51
858
698
260
918
841
910
689
267
563
426
559
761
751
778
575
316
777
276
633
532
403
992
204
594
855
443
586
854
427
934
670
683
58
67
579
332
219
55
706
641
640
651
287
897
974
461
137
3
395
171
628
128
561
799
589
799
885
614
577
332
612
771
866
171
828
961
255
374
562
157
159
374
229
545
754
591
525
157
12
716
681
105
799
761
837
229
724
63
868
593
605
745
744
688
690
470
459
639
526
456
552
156
797
777
171
146
573
213
618
992
589
506
751
585
494
851
243
822
325
781
728
119
410
337
739
362
537
872
884
362
74
53
747
368
527
371
721
815
178
815
200
49
272
985
96
919
733
780
487
326
213
893
196
837
20
704
825
827
708
533
58
877
649
74
998
885
626
146
425
118
606
811
475
28
303
853
313
849
336
967
766
401
855
451
157
271
735
745
374
456
798
402
907
581
165
475
77
783
121
305
616
763
260
707
495
941
65
755
374
40
691
775
146
619
408
252
799
784
735
66
830
534
403
162
776
174
291
907
28
34
784
13
97
497
274
629
57
952
887
750
770
306
81
65
409
264
571
147
229
868
880
533
614
591
624
985
920
283
815
856
200
874
764
360
137
669
987
427
667
441
271
59
202
35
192
665
366
964
700
476
252
896
261
399
840
697
808
891
245
64
253
676
763
339
528
496
900
442
242
857
931
620
100
532
321
694
466
322
453
939
440
404
312
848
4
227
74
630
503
861
572
698
73
436
619
441
40
736
533
141
397
717
244
597
371
47
540
384
108
522
691
266
90
742
892
23
983
863
823
884
610
834
977
397
511
292
83
681
897
205
753
729
30
857
850
600
567
159
79
445
883
891
506
627
127
902
677
505
108
429
83
789
781
775
935
956
227
959
903
29
46
794
380
827
946
866
377
169
197
849
950
183
905
714
152
211
234
520
630
75
149
666
738
471
258
438
147
932
920
850
115
658
932
779
129
215
6
220
622
324
568
416
900
365
123
90
463
206
839
617
780
225
783
130
417
277
151
317
920
488
604
530
691
548
646
108
429
224
244
43
459
125
244
168
110
929
309
849
325
385
571
780
571
862
958
248
386
682
256
527
235
444
593
424
692
968
321
458
828
858
345
802
710
968
926
965
959
711
219
161
13
342
921
829
975
879
46
890
75
84
368
761
960
182
580
563
841
760
880
87
849
154
881
614
537
977
953
851
324
452
80
447
708
474
310
561
59
999
915
970
871
598
387
997
394
447
594
45
549
689
383
450
497
491
312
667
986
781
514
487
113
396
842
95
180
554
525
507
780
195
25
741
138
155
966
226
134
318
93
468
254
888
507
556
728
755
345
365
813
974
140
780
161
530
748
764
595
152
915
703
821
326
555
62
680
313
836
977
504
117
434
970
311
711
895
323
529
75
930
592
452
729
131
911
945
234
673
156
539
201
787
193
307
165
503
947
14
3
498
519
436
192
581
827
445
516
240
434
657
73
29
47
284
91
804
555
133
642
551
825
874
866
25
302
378
532
568
550
678
885
939
345
13
836
537
781
218
729
361
253
108
457
792
535
922
654
778
260
601
275
384
536
699
437
914
105
710
349
841
972
470
403
435
650
71
524
324
498
596
676
350
313
653
342
909
604
313
751
34
206
808
347
761
181
842
896
769
854
474
447
47
969
657
553
71
831
632
301
969
183
230
87
492
129
521
877
257
618
813
147
303
526
414
630
422
699
580
957
538
953
130
404
342
712
115
483
170
435
794
371
803
616
243
328
894
257
916
289
489
420
850
756
637
710
425
983
99
823
763
914
802
887
308
848
795
463
152
213
689
481
242
593
368
281
986
121
65
85
849
367
735
416
300
824
257
932
163
219
876
565
829
426
36
515
626
504
944
696
196
891
743
128
787
539
322
981
276
808
384
738
573
938
896
608
767
417
630
580
72
509
821
657
565
512
445
394
441
280
985
736
524
169
577
809
410
398
911
250
678
120
927
435
395
431
408
520
744
381
721
633
518
130
434
735
223
218
944
630
348
515
220
194
554
763
425
970
227
438
841
130
325
652
835
780
265
857
706
374
618
310
637
495
831
974
718
290
223
51
954
469
848
622
404
268
540
77
822
30
825
966
661
625
891
26
975
562
440
861
284
548
912
690
278
554
879
948
367
88
553
150
510
242
881
124
141
488
357
67
625
234
529
963
311
893
294
109
968
664
471
319
217
896
136
940
497
718
476
592
327
683
873
953
480
922
650
442
234
387
745
577
832
328
47
800
707
968
241
41
985
546
312
58
508
931
934
31
610
216
656
119
20
183
908
807
637
224
600
187
193
505
468
43
183
238
438
522
149
648
336
433
430
244
808
778
387
804
124
665
251
667
447
740
400
466
837
676
408
256
399
92
820
718
107
597
193
919
299
84
40
975
152
851
172
475
259
500
528
158
991
69
458
996
159
516
616
390
32
500
205
942
594
96
776
965
712
20
506
688
209
395
42
401
795
634
526
426
940
860
584
940
588
543
275
37
322
803
48
416
497
587
305
583
574
180
578
779
561
34
855
900
454
962
517
204
911
242
441
485
935
709
231
219
806
498
641
932
820
740
924
164
836
661
896
965
791
595
100
788
417
732
747
103
412
286
543
866
359
591
208
65
698
307
169
311
929
724
272
548
362
636
632
838
445
702
973
839
48
194
283
500
540
63
58
781
759
378
970
72
622
965
64
712
919
835
346
491
209
552
837
58
912
686
888
889
121
682
924
694
350
916
338
118
798
613
705
627
44
211
755
314
475
624
332
264
59
553
950
317
314
66
51
305
170
999
728
26
242
445
625
280
460
150
807
696
283
699
164
108
831
237
879
459
495
820
272
397
609
744
993
711
336
878
422
677
827
490
467
93
374
483
505
944
24
828
117
908
736
694
533
748
756
763
696
937
143
733
825
401
606
789
238
238
856
520
339
66
648
196
895
422
88
208
64
58
156
689
936
167
304
936
987
576
910
65
363
174
856
647
298
418
214
187
963
566
141
108
86
333
436
456
798
761
316
120
657
811
372
1
491
412
278
607
463
818
138
636
211
415
988
750
415
948
276
303
650
282
587
806
681
969
181
219
765
137
55
527
32
950
973
545
572
241
760
829
807
768
491
648
734
680
25
935
141
817
941
4
745
552
350
618
298
450
140
936
801
371
467
289
185
967
539
773
549
600
649
664
390
950
175
664
871
156
986
52
327
671
829
783
114
306
218
628
77
84
184
324
748
99
878
634
970
754
530
880
379
990
158
459
233
102
239
568
610
441
156
338
490
561
344
124
330
445
915
976
589
476
347
434
163
389
570
55
316
756
757
983
626
119
113
441
315
766
306
222
946
449
361
829
537
931
641
534
309
924
406
874
758
613
994
351
826
52
421
50
29
960
369
869
870
766
136
784
329
89
850
963
988
529
518
58
257
538
740
937
767
629
37
414
893
811
160
551
589
774
986
120
856
18
889
727
27
344
325
683
566
476
108
678
533
708
728
979
237
57
943
490
444
58
166
9
5
211
947
421
791
765
942
550
818
447
418
504
461
482
102
541
358
810
899
944
839
32
634
237
785
796
444
533
32
688
732
621
355
16
868
669
142
349
995
494
350
305
56
317
712
5
910
652
6
687
772
976
63
567
688
957
914
871
439
373
575
35
19
447
634
470
554
76
925
612
79
749
592
790
79
65
496
672
850
571
89
591
11
175
1
838
678
221
99
767
246
430
869
966
904
220
558
857
863
78
319
84
604
880
661
178
170
393
248
166
636
214
732
358
964
724
137
649
216
434
105
783
962
877
853
495
693
366
508
662
592
806
697
907
592
137
8
88
38
744
422
250
897
481
954
65
346
713
651
331
379
665
639
275
226
102
429
632
216
442
391
512
656
73
680
747
678
870
62
59
566
171
676
377
630
63
511
907
937
786
675
17
601
924
833
544
376
836
319
670
627
717
388
43
804
474
278
64
178
185
954
434
295
590
287
743
750
206
584
969
239
572
676
592
656
25
36
345
713
532
232
764
340
489
158
676
568
13
336
544
33
752
585
190
365
435
228
671
861
281
600
462
702
250
220
593
307
75
891
866
57
105
84
816
206
395
913
478
279
200
410
701
29
854
422
629
803
713
741
926
359
500
852
670
514
634
965
155
398
901
27
919
859
800
743
836
118
264
674
885
30
900
56
660
980
934
285
714
446
850
367
409
48
739
359
901
73
197
157
73
677
61
919
301
508
492
485
669
438
842
444
213
865
968
446
921
233
934
515
17
906
947
814
834
205
610
469
551
949
977
14
262
813
238
995
959
888
578
154
87
220
79
388
563
987
790
688
480
248
632
123
215
467
127
741
333
152
181
595
937
10
194
949
111
680
355
988
737
186
709
850
53
714
386
405
682
17
442
641
348
749
378
145
887
916
282
634
912
879
704
909
14
110
427
926
976
436
546
469
928
495
538
673
421
782
46
468
814
671
121
31
778
348
63
50
869
417
217
288
245
165
696
653
331
795
889
533
180
436
942
267
695
474
941
178
809
371
257
652
452
560
990
828
182
281
355
514
966
24
704
682
857
750
911
177
274
941
7
606
905
716
690
137
10
104
321
595
902
5
662
337
239
993
790
30
996
81
954
659
156
467
658
118
936
831
378
877
793
946
921
621
465
488
668
131
405
389
266
974
872
105
520
695
851
190
325
719
759
247
215
387
757
294
100
494
357
722
381
564
300
484
309
934
313
732
471
758
237
909
117
417
346
201
429
644
308
386
302
932
789
671
560
854
893
287
529
95
982
556
36
986
325
407
749
28
948
805
935
949
581
731
646
510
433
875
560
545
743
114
109
161
784
301
24
703
862
216
974
926
933
962
44
236
786
281
365
77
496
661
640
821
769
652
408
674
121
217
861
268
655
666
831
306
421
93
763
322
766
181
327
493
207
607
511
605
54
459
138
451
543
874
758
425
318
611
279
833
494
441
831
48
328
437
16
675
7
187
997
260
728
755
126
441
616
543
250
865
453
572
7
548
830
23
13
518
847
733
184
287
620
719
36
58
270
104
683
616
12
92
554
32
137
830
450
446
355
190
18
165
988
22
353
562
185
880
801
447
40
782
359
800
846
333
175
669
390
270
861
364
638
498
854
963
964
442
893
847
965
697
705
644
14
878
507
282
972
969
310
928
949
169
751
815
289
432
316
830
619
412
289
413
938
923
845
824
509
594
603
490
267
882
941
611
383
40
882
720
602
623
208
14
227
339
253
610
153
373
95
896
682
590
540
446
900
346
83
987
744
299
705
762
518
335
176
789
236
719
2
928
320
652
387
524
221
280
772
388
170
198
132
463
365
48
897
498
255
659
300
433
801
81
643
138
133
427
944
831
967
256
94
542
882
574
403
910
239
820
841
16
704
713
599
896
586
581
877
278
913
891
229
381
765
991
396
872
738
313
655
788
382
374
123
102
860
448
900
529
861
122
359
836
566
393
876
782
252
610
579
527
628
348
560
612
535
330
264
534
203
152
699
776
837
182
140
675
9
270
507
752
756
134
819
34
721
539
895
157
976
258
496
367
77
836
514
577
420
341
341
465
826
945
598
616
510
20
837
739
391
684
826
136
615
590
777
631
293
265
164
178
473
26
856
403
632
141
839
328
447
854
732
613
155
129
118
127
559
700
547
656
312
134
254
836
594
196
100
623
294
32
407
153
867
990
549
567
480
893
715
758
220
950
939
630
252
677
614
514
323
425
258
936
785
801
483
857
690
436
464
902
175
421
605
964
554
834
526
7
506
687
147
655
87
292
574
528
927
472
849
940
487
736
429
565
877
512
590
770
210
564
458
576
101
739
408
618
282
705
597
966
754
48
609
845
204
594
528
663
801
430
709
137
54
852
9
180
506
550
641
859
830
846
270
9
932
934
125
468
960
368
766
114
468
730
890
142
560
333
894
743
318
723
797
22
36
858
361
482
66
497
762
385
691
358
55
373
632
466
800
984
440
66
271
214
604
139
315
742
838
904
36
924
466
211
269
46
789
934
450
905
338
332
659
31
947
682
593
919
389
115
30
618
564
36
841
245
861
269
678
648
59
193
596
465
696
866
32
926
877
371
120
541
454
556
441
898
140
732
89
597
622
526
521
836
194
730
34
516
300
414
625
440
945
353
773
180
70
461
828
737
473
102
333
948
377
867
121
661
778
424
91
609
536
445
742
157
901
39
670
112
181
97
806
419
366
7
521
31
670
302
140
331
44
435
976
513
985
287
941
52
439
195
18
209
503
702
258
222
289
232
856
907
276
178
411
444
669
405
620
696
284
11
172
657
819
582
795
584
584
59
803
916
337
353
699
375
567
468
95
53
931
593
309
402
348
430
714
447
923
840
435
513
318
327
64
566
593
282
314
860
515
994
806
640
859
270
329
488
19
723
323
878
685
365
608
417
387
223
945
401
403
675
826
287
134
438
228
359
722
403
482
915
949
490
481
349
50
365
217
296
224
191
840
948
821
346
454
828
371
859
523
789
449
547
404
110
394
285
516
927
586
863
399
367
308
391
610
638
944
747
174
947
442
349
140
67
335
1
562
351
201
949
371
352
105
612
885
346
891
254
748
42
53
464
428
613
282
763
371
903
379
812
341
485
197
567
465
623
774
721
449
957
328
625
199
333
536
665
602
807
376
927
296
965
824
594
222
914
348
44
674
437
655
811
81
874
477
723
405
277
334
940
558
452
622
619
146
537
465
367
55
608
940
138
972
827
606
715
0
440
142
572
466
891
430
309
887
965
997
716
586
745
683
102
446
31
213
927
215
999
152
394
159
827
498
629
692
577
468
181
686
276
955
201
39
566
366
661
355
236
834
990
990
294
113
556
29
297
650
417
500
763
393
821
703
115
903
900
836
882
948
212
950
26
97
758
852
177
810
400
0
393
232
413
476
392
197
466
702
559
145
134
708
330
1
309
498
411
327
281
513
523
828
774
337
781
442
63
999
40
951
274
610
50
371
61
223
12
178
772
637
582
589
713
891
447
659
814
517
504
389
233
165
814
304
612
486
403
187
969
707
680
703
783
86
281
958
67
741
325
389
925
671
728
387
918
197
871
556
283
3
151
559
729
253
394
522
677
718
583
975
782
908
909
840
554
112
995
191
705
81
631
824
986
888
746
631
49
694
397
558
401
457
986
591
155
349
624
584
99
904
908
764
532
662
33
206
144
315
669
480
213
327
103
153
591
907
760
981
878
866
229
591
556
538
294
186
493
826
902
493
739
869
784
580
261
589
482
931
804
667
129
254
954
939
465
939
759
884
734
889
937
180
84
18
911
547
623
500
290
14
568
981
113
372
53
668
647
861
908
925
675
966
579
116
316
16
359
595
703
793
904
934
263
218
629
988
239
231
257
408
982
438
25
525
768
271
240
472
925
258
2
583
113
197
209
248
960
828
783
956
571
707
793
746
914
984
308
207
672
59
776
331
126
223
341
936
397
850
789
948
324
504
200
493
273
454
334
292
200
202
853
658
854
968
919
87
64
480
206
201
213
227
639
921
28
91
761
554
156
458
864
827
750
411
747
940
296
861
590
189
873
774
508
473
141
108
4
177
212
655
183
998
299
74
100
678
182
24
120
552
256
995
557
562
801
375
534
287
930
565
660
367
560
620
976
982
643
834
478
478
914
721
922
832
749
940
377
766
743
448
807
300
174
848
248
701
855
680
821
810
163
691
126
653
528
576
990
740
253
655
367
816
695
194
379
453
193
486
980
644
331
369
161
36
425
845
781
520
366
266
565
818
110
595
534
604
333
998
465
655
839
799
292
573
653
550
495
272
992
636
583
734
62
749
898
756
14
415
144
567
9
194
90
105
631
247
777
904
195
914
414
43
901
956
98
502
594
897
881
878
649
449
295
174
196
946
367
294
449
722
740
221
845
682
310
925
668
406
228
181
327
561
