200
904
46
25
961
352
39
116
174
856
693
78
116
901
34
802
974
484
796
826
846
442
247
787
195
973
396
201
102
968
523
873
50
580
608
838
313
809
517
970
501
428
44
950
706
474
567
118
389
523
430
427
136
738
596
324
93
904
71
911
124
65
394
32
195
790
505
556
185
265
512
680
216
280
695
498
437
968
86
545
908
386
505
889
900
419
977
894
325
62
727
498
642
332
677
393
766
404
707
769
999
573
387
168
522
928
130
621
769
202
955
768
448
903
345
438
144
563
856
205
973
9
577
526
619
230
705
576
896
648
212
784
77
777
51
30
742
631
536
12
244
781
305
480
340
612
561
648
358
955
198
189
43
623
232
919
331
811
880
648
995
776
200
166
984
983
908
728
370
259
797
201
640
485
894
218
28
959
5
626
546
650
320
633
330
610
592
746
312
30
375
135
444
518
650
982
979
462
659
56
506
863
557
314
801
845
972
229
676
579
849
17
433
465
856
62
951
8
550
690
348
4
810
359
568
680
926
252
387
416
770
595
400
903
549
475
37
593
409
524
792
707
730
703
287
623
611
856
52
475
389
260
491
793
36
205
314
153
409
292
436
226
517
845
857
831
881
974
718
294
415
18
652
389
372
250
872
213
237
859
310
681
890
19
715
703
611
508
278
844
742
371
729
311
162
986
34
267
812
561
273
312
691
764
685
100
330
990
775
914
313
451
778
724
592
34
38
253
370
570
912
271
297
668
119
35
340
438
742
536
562
671
321
442
65
366
173
411
512
85
49
72
613
883
515
242
4
0
784
757
228
241
652
693
791
731
858
603
239
764
449
792
776
429
555
993
197
843
346
0
763
413
153
35
948
192
461
310
377
678
479
931
311
598
527
98
764
940
389
163
398
9
895
160
369
405
354
880
891
753
303
710
630
953
285
432
961
782
796
83
779
674
165
308
189
20
51
209
619
524
421
14
183
617
996
628
865
445
316
412
655
498
384
129
549
942
710
651
506
601
244
479
510
359
606
180
283
913
406
384
528
230
46
41
636
615
12
24
933
80
643
848
333
971
690
277
157
758
419
551
369
788
570
533
152
402
376
542
414
943
211
954
783
550
379
471
954
313
708
865
704
475
507
297
928
975
431
397
609
351
382
264
715
581
553
320
82
933
708
30
528
811
342
347
829
841
713
269
342
737
127
801
943
73
146
570
854
260
973
455
254
508
60
931
988
686
564
390
578
558
305
41
638
833
459
343
630
810
428
927
834
348
656
197
701
254
641
8
961
460
239
790
495
370
168
820
992
788
681
514
251
688
601
307
748
461
758
586
180
845
63
407
267
846
301
697
119
342
207
334
759
4
33
294
896
620
927
86
915
410
691
544
306
976
929
303
229
970
196
360
838
303
855
788
988
82
818
458
304
198
262
593
762
632
151
523
54
438
277
270
881
206
175
644
970
705
445
706
79
790
528
309
197
746
784
752
531
237
777
202
932
585
491
765
215
580
629
89
245
372
574
911
206
250
999
34
728
111
56
735
141
67
581
901
311
92
85
23
491
507
15
871
0
827
866
53
466
971
375
340
543
323
661
942
533
227
537
182
151
422
655
491
506
509
585
836
472
353
219
6
680
72
897
979
55
56
886
725
247
874
474
321
962
38
958
158
452
268
127
788
883
771
461
289
12
818
783
254
906
987
6
769
765
208
18
812
341
933
492
754
610
29
689
962
114
945
335
636
269
163
79
512
153
473
376
582
949
644
812
831
228
504
217
883
536
270
430
492
959
309
135
360
231
368
991
260
58
865
642
283
510
682
268
270
636
348
865
525
482
648
250
84
551
75
41
848
131
360
841
481
641
773
876
522
553
670
531
443
398
928
740
872
345
742
515
498
240
424
735
483
911
506
639
95
721
529
241
838
603
431
207
837
189
783
807
581
62
69
918
195
675
28
480
910
195
459
910
280
890
370
836
883
176
902
78
621
38
228
598
614
964
810
725
486
2
929
516
396
985
167
125
857
468
953
531
402
520
149
274
388
246
85
437
954
97
808
291
858
665
34
396
366
394
316
85
375
729
478
750
523
533
177
237
455
222
737
753
392
300
167
620
834
702
21
293
868
190
355
106
883
670
518
79
290
881
200
317
395
488
867
882
80
223
558
160
122
652
18
525
339
707
751
983
743
33
127
433
4
827
572
919
162
561
245
66
101
541
179
704
496
154
314
291
268
971
140
252
103
466
415
276
743
409
751
263
437
80
406
941
86
252
119
518
36
288
842
34
580
962
977
122
849
500
321
774
470
790
629
436
216
965
325
554
489
122
851
192
977
153
862
453
735
124
959
132
974
252
377
58
579
468
78
567
730
529
868
463
119
738
846
404
546
8
631
2
141
34
849
254
783
696
243
244
723
681
498
355
386
683
806
759
300
814
637
508
878
598
677
417
502
940
35
608
122
807
825
289
310
644
3
734
708
79
42
142
869
717
706
137
334
368
38
773
622
566
787
91
331
30
778
785
445
95
503
461
58
495
399
122
977
310
510
658
322
381
70
681
290
429
12
993
324
448
940
576
107
678
212
626
492
813
886
171
632
761
512
661
864
108
461
979
121
258
934
984
174
683
811
719
765
246
123
448
58
462
76
523
527
987
820
340
917
312
846
499
188
181
248
510
150
809
696
326
122
309
871
971
613
311
646
549
979
810
669
480
730
622
51
946
839
146
687
5
282
947
372
508
565
478
532
995
746
954
308
39
474
827
276
687
57
997
682
638
767
142
716
958
354
229
563
171
327
757
280
361
175
368
262
42
182
50
367
328
975
619
123
131
626
208
155
576
416
216
35
447
646
62
925
191
156
311
907
936
242
665
364
940
72
645
664
899
667
723
575
553
392
913
923
614
601
360
78
691
724
164
253
476
699
901
356
182
294
462
172
630
444
90
999
99
25
366
644
1
425
470
918
899
523
992
55
28
745
423
417
578
339
549
541
848
227
961
373
639
347
209
67
744
130
323
757
152
350
694
936
24
412
72
313
792
219
731
963
400
958
369
354
651
871
432
422
16
385
253
963
278
15
857
221
323
80
514
921
849
211
569
975
758
983
795
180
198
203
118
131
575
997
954
131
913
694
121
260
112
306
804
283
359
301
340
502
451
825
66
73
817
908
747
414
725
375
380
818
688
353
934
180
973
145
197
370
944
355
819
572
307
25
196
25
983
659
733
584
267
802
774
711
348
878
874
223
673
495
279
449
650
864
742
417
69
951
104
753
708
617
738
841
526
243
247
769
136
268
817
833
24
254
524
392
990
579
559
384
736
388
551
459
824
580
650
391
844
923
317
772
81
950
739
311
925
484
642
695
464
756
19
612
542
346
182
959
996
688
440
108
452
729
74
613
30
193
15
233
821
288
834
369
332
749
65
210
555
87
762
742
66
279
696
781
128
857
298
458
464
401
536
184
521
883
403
931
577
378
336
650
261
658
73
994
319
602
88
487
557
896
393
19
610
984
795
865
307
88
290
675
640
931
700
135
308
325
485
176
395
917
858
137
296
406
415
204
464
584
93
865
942
61
300
10
716
77
208
347
67
514
555
903
719
352
439
629
129
756
846
497
674
693
120
455
681
520
856
211
434
117
996
988
92
431
134
87
172
25
804
807
155
372
713
609
401
109
221
646
700
931
968
602
513
382
286
474
270
131
664
147
81
628
823
68
897
652
981
61
903
664
850
961
64
977
952
103
250
519
819
175
552
887
984
975
316
612
409
389
560
748
971
919
505
889
540
158
321
960
60
265
232
502
119
414
189
46
331
275
94
224
893
683
722
68
27
220
967
923
245
236
382
270
252
612
239
864
151
613
313
390
823
631
434
511
734
553
736
919
944
522
402
357
133
934
702
532
475
556
95
143
708
148
186
726
41
422
629
117
923
550
613
515
633
931
755
416
235
102
907
23
698
744
232
539
610
44
15
382
333
388
414
212
700
192
529
15
637
601
345
492
892
899
433
290
951
961
950
931
555
578
138
242
588
801
814
100
61
602
2
668
36
376
50
127
345
364
406
670
347
232
6
297
655
866
32
376
622
180
944
149
505
48
802
637
244
248
807
38
876
491
634
691
390
876
510
570
766
165
942
918
81
905
712
816
31
870
647
864
624
241
955
410
418
500
415
604
732
922
431
132
850
244
836
910
694
996
414
186
167
158
581
876
353
30
51
621
609
356
185
239
210
28
965
78
705
346
77
90
921
691
635
609
724
927
484
113
943
203
342
723
265
987
702
763
464
412
4
860
216
566
867
689
448
49
777
509
274
703
135
252
583
183
125
867
405
858
614
626
871
310
435
466
151
376
78
288
330
590
493
49
32
411
281
297
94
707
771
516
402
510
714
925
699
426
499
788
194
368
309
586
408
249
887
297
974
362
289
127
483
602
668
137
54
180
975
995
280
207
719
21
924
851
593
666
78
775
527
362
398
286
742
383
344
95
296
405
809
27
218
275
543
218
716
478
773
950
336
580
714
225
65
325
885
43
65
886
207
755
783
360
725
62
652
877
753
14
208
450
68
882
622
312
578
83
745
325
505
542
897
8
623
509
901
41
688
513
438
278
273
226
534
962
644
486
868
295
864
96
877
949
28
456
129
611
512
497
975
930
767
383
813
50
637
655
480
803
170
281
108
93
64
720
680
331
406
170
674
866
105
698
443
192
484
123
846
144
660
95
642
218
819
302
585
710
759
698
884
249
173
807
94
232
943
272
554
137
336
436
977
530
640
96
444
905
713
78
218
490
668
659
270
311
144
222
657
225
504
403
535
117
48
624
89
258
804
775
350
951
893
170
694
34
569
749
525
786
837
837
81
726
570
687
360
334
802
827
384
711
557
254
796
917
476
447
208
632
745
769
890
609
241
527
861
534
784
183
819
273
335
197
262
919
796
400
443
420
478
977
51
803
994
383
231
715
159
904
16
686
676
162
9
915
889
312
17
323
840
768
1
648
777
465
790
113
572
689
91
987
823
372
310
482
84
18
909
957
421
559
605
887
343
630
519
305
408
287
39
780
319
941
363
725
807
861
644
314
103
368
108
529
425
25
388
999
949
514
184
533
737
553
890
71
991
0
856
207
187
490
411
158
311
209
925
874
613
613
710
491
689
959
618
664
609
51
354
695
49
796
54
697
583
17
260
259
392
669
240
65
245
605
1
997
750
890
619
165
209
502
973
779
542
971
689
462
506
551
388
101
46
900
394
876
332
388
551
271
502
593
44
131
970
634
812
668
158
634
385
961
444
339
336
316
730
288
94
621
425
880
645
694
423
53
784
217
115
268
671
502
493
16
38
665
103
215
0
552
540
558
764
681
132
376
497
354
817
929
420
515
265
882
650
933
920
973
500
558
793
951
791
332
168
885
724
975
976
647
459
284
508
586
102
563
68
42
973
130
686
524
910
850
750
161
519
655
116
750
90
598
185
840
355
991
349
134
945
161
719
919
775
804
618
394
77
930
937
916
784
287
711
259
954
600
413
849
655
288
249
789
542
260
871
476
785
328
823
53
953
515
434
969
648
198
522
497
364
282
934
90
509
774
398
843
708
88
873
119
151
179
177
854
557
318
680
462
163
366
897
350
688
625
85
131
275
667
624
308
623
319
567
696
481
699
33
296
902
989
279
654
379
804
345
348
818
439
615
50
917
618
704
431
451
968
651
104
876
674
680
559
43
356
177
131
935
729
314
397
365
605
450
459
510
976
837
413
849
147
768
980
781
547
993
410
28
18
656
573
95
76
885
470
138
807
631
22
60
732
62
911
150
339
127
808
821
283
130
363
926
262
560
809
741
914
542
173
681
852
9
949
471
384
629
452
818
219
390
133
540
497
386
226
780
451
273
411
868
936
585
131
685
660
131
659
625
902
956
234
173
155
753
756
377
488
898
966
294
620
97
12
51
44
320
66
923
256
20
711
854
795
241
400
914
641
891
817
30
905
727
165
548
825
596
494
969
544
650
336
314
366
541
632
308
72
413
267
551
360
949
233
816
394
445
912
562
193
343
924
528
439
787
180
642
291
647
88
474
61
423
478
650
869
492
364
11
130
244
680
396
446
727
476
813
358
137
237
575
992
104
138
867
197
516
105
243
70
573
277
513
130
734
52
794
141
861
301
990
549
243
439
359
526
550
964
11
613
168
132
791
706
988
182
98
798
645
689
564
380
323
185
977
36
195
765
502
498
777
261
591
582
733
233
170
804
999
733
932
683
672
417
229
443
807
356
514
231
676
240
416
307
268
16
352
191
522
343
827
320
999
258
627
360
813
885
939
924
469
564
660
236
931
487
509
95
163
97
935
916
427
834
66
421
557
207
607
502
735
107
716
972
128
16
269
648
993
702
301
498
357
172
104
618
783
132
900
122
743
895
324
232
160
322
192
600
833
185
469
773
910
880
860
128
26
521
738
473
707
183
340
74
186
89
148
284
166
146
428
936
412
773
406
840
125
909
581
542
740
643
956
130
346
81
873
801
520
691
294
664
312
925
764
664
249
631
36
316
133
606
163
190
472
236
848
647
39
119
934
597
107
415
665
822
49
257
951
699
711
841
780
40
781
756
257
728
301
595
939
438
728
179
76
30
55
18
504
625
635
628
877
583
137
819
959
823
45
709
160
58
986
31
9
30
980
184
552
183
954
56
646
367
731
503
906
245
628
650
215
36
891
248
672
570
43
354
492
337
836
593
921
867
462
274
457
126
546
612
283
159
829
658
784
866
442
132
76
856
707
0
36
625
180
534
834
297
996
809
521
391
680
825
223
968
894
613
799
931
931
333
312
197
809
766
630
980
401
783
243
945
249
945
9
871
257
563
686
312
504
786
973
630
550
352
213
150
718
900
0
233
859
527
954
781
355
639
748
673
611
628
804
349
377
223
603
503
352
611
594
50
108
467
698
905
794
691
231
410
211
75
0
373
549
502
677
955
454
937
749
996
462
583
852
825
87
24
525
360
916
354
178
165
219
720
365
421
648
366
217
662
16
511
954
99
351
14
174
100
206
80
590
257
276
763
957
183
104
528
76
404
713
43
280
612
858
571
553
197
812
133
319
576
610
323
19
494
435
458
23
562
528
49
859
238
435
709
421
445
655
105
532
71
162
371
258
691
236
386
939
918
282
236
710
34
316
507
39
507
367
327
198
970
487
799
672
884
901
297
215
69
345
777
937
142
244
422
850
30
365
568
871
804
134
798
712
298
666
172
425
309
325
481
566
289
280
190
672
353
895
475
55
93
1
860
294
876
844
144
910
873
218
746
384
978
28
824
491
386
777
113
702
497
738
204
770
665
966
755
47
161
509
462
746
159
324
684
40
494
892
501
345
127
838
298
779
284
495
702
698
640
732
22
833
658
443
851
56
208
549
625
723
695
707
184
594
697
44
695
858
400
825
424
47
606
22
310
708
175
117
484
513
78
672
447
808
357
194
803
988
312
282
76
310
600
845
979
397
229
352
80
777
917
135
222
685
321
357
570
342
287
128
613
924
586
664
681
173
725
596
544
704
623
848
272
548
927
999
435
902
705
769
779
257
545
658
139
941
84
55
232
54
383
749
430
640
671
688
159
68
711
845
510
666
783
124
994
859
457
685
742
969
552
302
213
909
361
998
539
269
996
105
998
360
691
761
531
959
568
461
917
154
398
888
601
636
878
169
213
421
786
867
30
602
581
32
849
562
65
55
313
919
811
846
895
191
961
446
88
783
979
906
80
851
279
939
460
268
606
852
341
566
821
820
369
581
846
693
843
956
116
504
82
361
326
811
816
728
554
841
489
595
979
228
403
659
837
161
292
53
965
943
583
868
862
582
913
246
694
632
56
22
151
735
730
862
401
819
531
855
564
181
937
767
620
630
386
197
197
765
165
451
438
201
774
409
682
899
298
122
497
454
954
909
149
862
397
515
944
915
534
471
723
416
909
287
466
636
145
678
139
469
667
459
509
619
494
473
188
768
786
932
803
2
487
237
699
835
439
722
887
37
284
949
218
973
737
119
296
947
613
689
250
819
106
223
37
675
739
826
90
529
867
440
511
777
491
41
420
392
435
425
235
888
170
925
14
536
585
748
676
710
201
523
430
236
245
397
196
93
626
166
141
786
642
234
715
342
64
62
317
522
350
250
230
101
59
530
835
76
256
408
409
978
457
0
660
52
993
664
621
484
766
121
803
295
939
318
914
701
540
496
401
477
316
883
469
523
139
889
539
543
508
745
27
818
282
652
824
783
978
396
236
924
859
360
312
380
794
944
544
187
770
722
301
877
49
935
557
123
998
774
165
507
263
322
518
963
911
994
853
753
779
149
69
458
13
943
271
93
858
493
289
851
487
273
269
430
649
458
984
371
65
692
115
117
965
927
622
223
404
398
872
838
882
695
667
481
633
554
421
238
633
295
1
778
614
833
340
388
327
665
443
854
863
80
905
361
20
420
183
333
477
334
68
266
449
654
340
701
386
860
53
562
89
452
644
139
427
237
542
618
816
566
491
209
332
517
820
283
310
446
197
606
207
220
750
888
765
607
291
331
277
754
420
519
838
463
366
986
610
690
200
710
520
783
626
319
740
920
360
511
921
447
548
977
301
821
297
158
850
453
156
503
260
719
29
951
454
276
428
676
791
739
398
99
123
87
318
117
828
589
768
33
527
253
865
847
835
956
242
630
35
307
155
971
21
897
989
888
203
912
16
972
47
470
315
876
812
522
569
878
487
176
776
397
748
851
710
486
149
878
132
710
661
240
756
694
67
401
295
724
658
909
215
303
941
44
595
566
200
852
305
950
26
676
597
751
766
901
472
313
24
247
340
736
605
893
659
281
211
750
352
456
831
537
509
584
646
932
939
934
803
641
241
34
319
694
483
898
487
919
419
189
607
602
357
553
52
359
941
738
552
594
547
896
534
935
902
83
20
72
207
166
33
789
572
245
140
153
421
364
796
365
691
61
214
676
812
125
521
235
164
781
902
154
357
104
674
18
351
781
757
261
562
387
581
333
504
323
780
506
104
359
705
588
629
686
994
129
789
336
119
107
301
324
473
73
858
932
553
265
626
897
613
407
721
377
485
588
831
329
796
981
735
705
66
727
91
171
814
956
923
318
401
509
324
965
781
452
61
248
909
253
844
620
646
185
647
604
115
742
831
595
454
974
463
172
594
937
482
296
142
266
690
595
772
428
901
276
391
63
418
31
435
443
722
113
774
215
297
887
204
959
739
644
600
888
243
669
918
704
47
306
727
543
823
827
531
284
173
740
706
558
334
927
54
120
382
501
160
639
754
432
907
931
407
424
814
360
680
440
178
528
164
420
267
574
326
834
4
985
870
913
603
284
957
370
596
454
766
58
273
323
287
250
734
886
623
323
394
929
649
513
538
515
399
171
904
756
154
923
481
520
573
816
333
854
978
750
767
91
828
567
483
768
219
432
567
637
70
922
50
208
251
628
770
830
122
514
386
877
664
628
544
499
663
844
988
79
954
861
932
906
525
517
36
417
131
744
19
954
714
697
593
441
546
484
341
46
427
357
939
516
907
671
26
480
238
378
292
844
96
156
486
935
870
539
95
3
691
76
470
115
302
515
396
447
913
695
168
574
556
273
713
926
400
825
942
234
423
149
121
105
824
399
979
719
306
26
625
538
294
801
211
179
406
804
613
127
788
592
687
426
91
217
439
935
498
462
935
557
951
10
240
769
792
594
349
332
44
288
941
410
40
339
264
254
878
441
946
589
600
90
126
462
650
490
146
922
134
178
576
861
184
699
708
169
721
729
985
372
538
192
447
462
278
694
295
161
898
605
95
188
209
466
856
374
831
295
556
524
863
873
70
63
704
479
858
541
18
200
123
866
206
439
155
66
724
782
821
62
86
596
638
897
842
837
482
694
885
652
539
408
922
367
37
69
993
463
109
504
837
995
895
122
302
520
110
420
501
79
310
35
390
675
797
528
759
549
528
3
223
910
131
75
650
432
648
877
153
545
481
423
334
149
536
464
973
120
523
942
814
781
693
899
910
509
247
932
189
167
750
751
555
384
718
81
924
752
309
602
179
649
650
78
322
428
835
480
575
146
462
548
426
267
319
450
498
351
297
818
808
535
640
584
12
175
394
638
491
834
870
8
986
162
812
496
748
218
332
454
775
442
379
268
237
263
296
788
423
412
709
782
731
729
73
441
502
462
226
989
780
684
800
155
876
944
332
986
233
245
279
199
147
597
767
544
261
243
644
805
919
432
409
715
51
681
334
582
348
105
587
459
667
0
646
119
740
864
493
272
245
255
536
590
774
430
133
772
987
117
303
121
327
336
776
374
403
690
691
916
508
133
807
923
843
324
286
73
597
21
204
997
515
285
522
631
236
409
921
878
918
759
356
885
131
672
63
211
392
74
292
541
833
701
540
306
960
466
114
972
693
795
931
166
391
619
274
334
793
915
344
528
128
214
240
500
344
714
513
997
677
532
20
191
799
366
389
204
319
127
7
475
343
415
704
62
358
197
148
479
225
840
101
630
237
174
39
385
720
188
546
729
919
467
265
997
634
291
63
181
92
855
185
716
623
868
46
347
156
423
572
542
0
51
476
470
530
235
5
666
928
298
590
434
754
564
349
986
966
825
333
784
626
542
252
538
345
39
162
743
884
605
93
688
858
472
210
234
770
377
814
427
421
135
498
430
961
372
525
485
463
138
811
698
342
504
771
810
113
371
927
438
227
203
644
39
371
323
801
366
466
868
749
62
961
287
793
903
256
549
980
719
697
461
645
206
115
912
923
334
891
701
905
189
268
356
637
425
455
809
943
423
534
856
567
384
154
991
95
353
700
716
168
333
56
259
736
441
678
700
680
244
130
544
748
432
412
630
572
529
194
542
976
753
57
512
456
638
514
666
896
417
360
501
515
868
768
611
351
943
546
463
894
342
116
736
341
747
486
275
885
35
576
893
470
864
207
34
451
747
302
348
809
843
889
116
146
143
381
94
430
467
36
892
609
578
573
122
607
977
135
9
715
124
357
786
711
487
93
192
358
291
307
562
349
203
427
372
168
497
4
2
530
530
695
617
100
115
487
649
542
407
674
178
43
254
5
177
318
571
823
576
939
66
572
440
361
52
49
59
803
696
999
18
861
776
272
48
156
589
903
977
910
352
604
867
209
951
789
159
936
912
608
548
743
148
540
817
919
883
432
332
413
392
91
435
213
320
651
454
421
261
465
327
740
937
753
504
913
986
759
920
175
417
381
545
606
582
681
689
469
411
355
946
211
731
980
728
430
751
786
687
402
941
985
543
443
694
484
813
966
802
400
215
993
771
281
923
787
826
637
700
902
473
831
27
345
454
15
614
602
793
132
319
305
987
227
100
607
163
257
158
805
990
132
288
305
617
768
126
196
110
510
119
167
497
311
153
995
910
558
872
287
345
835
66
636
954
843
978
821
147
589
175
938
807
112
232
164
552
776
422
187
189
255
366
354
935
928
337
684
670
398
298
784
892
131
340
64
910
694
181
408
267
787
315
857
538
478
866
877
820
202
71
989
139
268
323
782
326
813
543
898
770
516
425
570
46
625
441
865
987
910
714
436
94
441
568
590
68
84
170
800
689
917
524
221
132
440
797
660
802
451
815
967
382
410
16
72
458
1
508
674
717
232
205
805
601
256
384
660
223
540
589
553
474
859
539
41
132
401
453
777
801
997
61
615
278
550
36
430
701
918
723
721
257
720
449
496
656
22
953
688
401
691
774
373
19
72
726
563
224
818
25
994
453
800
205
128
319
690
336
952
387
509
488
656
857
107
842
600
702
679
397
158
141
646
74
239
570
713
19
320
211
295
69
450
131
127
771
4
139
4
872
555
495
537
161
36
875
987
916
977
392
566
897
10
447
343
292
27
409
633
572
756
257
980
259
774
318
447
114
112
400
318
697
249
886
215
112
992
674
6
100
656
738
136
385
159
172
276
137
198
357
477
990
882
630
413
138
57
451
916
864
624
289
998
254
321
892
794
282
386
250
118
6
600
863
432
345
547
398
744
164
154
89
225
821
904
358
790
979
534
974
361
63
40
346
214
676
844
812
999
715
428
623
17
589
757
700
683
949
0
339
374
241
734
202
320
429
424
229
411
172
332
714
642
933
235
79
932
622
488
659
585
695
675
302
409
5
307
213
772
353
387
414
364
213
827
860
470
306
679
183
600
481
612
124
932
572
879
253
99
176
768
804
205
106
379
585
980
875
63
509
360
217
879
675
741
435
23
426
681
240
280
441
161
53
388
192
243
745
758
782
198
231
232
525
582
800
320
574
444
298
660
961
290
88
802
638
940
455
788
145
730
923
833
390
786
556
143
625
466
736
900
376
955
870
44
39
49
76
645
848
991
574
902
845
351
772
54
643
871
734
969
341
463
879
508
266
983
931
762
188
310
453
943
358
805
762
201
265
449
228
247
499
760
380
842
60
267
743
600
86
825
227
119
73
172
71
974
1
732
157
919
533
394
548
121
180
112
678
850
597
291
250
90
651
170
943
531
131
633
607
644
124
878
235
268
610
324
777
467
455
254
286
484
663
3
137
215
542
263
486
188
408
971
268
258
164
123
380
581
102
901
6
333
784
249
409
755
412
796
7
607
520
487
547
268
7
236
536
173
296
992
215
50
37
60
12
290
291
102
382
564
80
252
465
761
126
96
618
440
818
95
974
613
905
52
655
308
473
170
836
111
327
742
292
951
682
738
831
960
106
318
953
277
606
514
444
882
290
558
25
216
713
442
866
138
253
385
903
31
592
528
315
385
509
261
506
66
536
459
290
390
543
425
610
619
556
858
915
676
296
887
26
310
893
544
719
906
72
299
806
601
521
491
271
54
872
777
84
124
190
400
111
784
957
250
629
154
461
64
506
893
492
943
50
6
537
118
193
745
110
124
825
910
479
478
54
475
723
454
311
243
750
159
547
516
240
989
996
46
942
802
573
480
643
714
564
860
610
864
740
890
891
929
347
43
824
422
402
804
922
192
38
450
797
228
905
508
764
310
822
156
275
121
432
672
719
500
541
221
660
241
436
443
347
207
928
35
725
959
496
404
177
947
957
598
14
186
447
110
870
729
500
215
535
731
758
826
982
121
240
356
490
125
557
870
259
800
77
402
133
108
620
873
837
43
9
865
774
134
976
852
704
546
116
628
991
612
373
258
59
845
449
773
529
193
650
184
141
546
69
428
338
929
658
837
0
412
493
649
385
387
375
570
328
997
529
477
438
335
431
67
130
340
933
909
125
129
225
756
887
447
364
54
825
907
134
93
480
66
725
617
10
526
378
710
281
262
640
384
769
265
185
491
592
291
391
711
945
392
820
456
612
381
759
691
614
718
620
981
432
314
694
406
422
578
219
466
935
505
116
752
20
54
672
772
879
36
628
775
194
34
641
182
904
462
730
880
404
77
392
504
780
742
371
819
425
388
639
635
622
658
930
866
835
832
318
507
885
284
287
433
635
260
738
851
519
760
327
759
104
565
45
523
16
187
97
908
646
712
419
597
475
885
541
785
689
294
256
27
364
495
740
802
377
794
292
115
886
670
44
310
861
177
177
155
792
509
547
445
762
961
441
596
688
902
833
89
715
762
130
386
754
522
840
781
224
527
147
841
407
579
101
944
72
373
558
185
593
961
422
795
793
731
222
971
35
161
275
958
228
968
848
546
810
791
582
550
844
496
443
851
280
789
589
754
357
927
25
404
734
473
789
656
478
107
94
519
206
354
142
564
673
893
365
416
529
747
875
722
576
672
800
467
884
239
744
926
399
784
679
886
258
354
132
27
910
564
909
212
111
78
599
560
398
237
751
736
425
555
570
860
281
732
62
806
263
84
427
819
755
679
330
605
515
737
240
973
61
652
806
46
298
759
377
837
126
251
185
269
392
745
768
24
530
399
776
695
533
914
617
730
693
102
375
883
700
136
92
572
326
564
631
601
329
450
608
832
390
275
278
333
24
258
104
498
968
414
884
572
747
92
287
152
425
913
690
284
714
469
53
771
390
90
690
432
585
940
833
172
898
619
164
794
767
723
126
951
479
317
13
175
19
574
232
666
186
837
878
998
519
586
246
654
569
914
997
656
775
967
711
813
902
732
437
945
696
758
7
962
875
262
110
645
595
908
816
899
4
477
841
243
521
989
643
338
178
287
794
533
758
816
655
207
109
212
854
310
839
721
990
983
983
768
796
530
230
890
492
600
317
166
766
232
387
336
745
266
622
598
438
651
490
364
52
807
171
23
659
508
305
862
175
834
311
205
643
953
216
332
583
716
327
204
776
561
240
137
803
490
913
418
342
237
335
389
2
935
254
672
312
224
56
819
927
520
409
449
176
232
205
22
30
122
399
298
837
986
655
658
454
942
206
688
84
425
977
809
942
349
232
372
313
62
978
699
545
820
503
281
965
57
953
36
508
993
8
380
255
334
65
241
485
99
418
195
885
161
164
114
891
181
325
558
74
914
234
721
930
427
134
769
222
721
697
354
158
530
727
399
668
323
875
721
308
692
264
80
837
17
165
438
406
258
11
523
423
624
732
995
973
631
417
220
545
259
799
828
38
459
600
543
694
691
42
13
440
941
326
930
15
71
423
415
650
288
12
575
267
403
180
196
111
374
653
823
265
453
681
806
139
879
422
495
186
130
344
755
348
355
125
310
777
309
149
379
379
771
164
957
892
193
542
735
619
139
158
277
898
521
370
348
758
523
950
68
908
406
435
694
533
697
756
232
102
1
469
997
822
183
289
593
708
476
974
778
589
803
903
395
87
140
742
746
909
137
68
569
936
209
390
898
86
59
405
763
121
884
331
704
951
721
653
832
697
448
385
208
2
441
269
876
110
154
977
156
684
47
235
491
66
153
109
418
851
269
373
651
176
437
81
714
96
244
204
237
837
179
770
333
717
385
604
53
873
791
352
774
230
712
376
285
69
200
445
716
177
292
48
365
685
87
516
926
511
853
748
269
45
527
893
837
914
831
655
921
773
206
245
605
103
817
86
220
367
530
768
483
787
315
129
149
677
429
185
120
848
478
591
548
45
57
134
636
270
512
51
621
639
252
542
755
580
837
947
211
602
605
212
283
966
590
348
622
428
820
403
587
582
109
81
525
689
5
809
814
653
750
60
372
993
333
598
453
992
896
209
87
172
547
460
0
381
442
495
564
630
488
806
509
189
621
615
37
677
239
898
167
370
992
989
803
352
837
545
944
375
862
756
475
471
137
803
286
165
489
228
132
799
964
742
769
490
595
181
151
557
386
822
939
49
527
515
29
839
359
403
158
678
916
625
884
688
419
48
225
929
801
200
18
971
222
791
995
928
442
135
64
589
435
159
406
790
9
169
831
484
745
400
268
153
469
500
406
964
268
140
757
445
334
78
97
342
760
645
263
667
222
400
179
240
614
307
892
878
849
237
581
834
917
989
367
194
149
417
388
445
930
188
94
798
170
411
94
731
767
117
969
792
307
605
885
28
503
653
505
301
939
457
562
13
400
69
153
608
489
851
10
712
103
261
472
775
699
451
12
512
103
338
901
155
198
457
625
507
498
169
193
478
92
953
506
928
645
203
88
244
435
607
69
448
56
273
375
156
125
409
120
543
243
848
351
678
722
370
852
258
378
636
464
909
783
562
298
89
218
157
270
844
697
32
553
483
697
198
504
946
730
194
405
926
49
227
907
423
907
361
737
262
932
816
242
214
448
328
710
458
193
366
953
251
727
908
241
372
501
231
325
668
776
2
528
111
955
615
341
290
365
45
469
321
108
731
571
615
971
511
713
920
951
619
76
998
295
140
393
55
162
113
91
87
90
205
949
591
526
128
993
2
165
128
379
880
150
879
216
281
893
58
952
599
592
894
914
448
135
191
703
999
794
406
70
398
292
502
959
130
77
699
27
211
806
927
232
183
501
690
107
890
809
422
902
915
983
245
497
662
986
303
148
529
458
691
723
550
123
145
74
628
126
274
943
882
980
413
400
290
583
903
577
45
435
174
544
256
193
538
36
283
5
761
655
882
997
421
796
626
698
188
795
233
91
739
18
370
660
904
214
268
798
955
607
255
808
687
721
738
259
891
998
275
635
120
57
388
673
815
126
62
221
969
910
733
641
601
238
560
281
409
190
595
470
352
447
371
258
669
958
933
166
723
253
499
784
889
521
908
984
885
542
631
568
52
742
196
828
584
928
991
831
391
613
194
141
52
446
229
415
876
666
277
641
95
36
782
760
0
912
926
287
667
878
144
624
811
719
74
919
989
53
915
442
116
287
924
605
473
585
330
795
567
106
445
199
665
103
721
919
25
685
190
674
541
859
38
360
271
238
890
784
530
79
233
607
421
871
710
316
277
226
85
657
195
145
523
131
230
946
143
426
183
602
480
628
40
922
972
500
743
663
466
41
21
411
596
9
597
698
117
468
667
343
515
44
723
68
25
578
291
304
892
964
446
139
456
426
334
901
310
577
53
509
428
47
640
622
913
852
345
803
971
153
159
122
975
851
108
775
420
232
547
631
517
914
84
917
393
17
565
946
969
626
734
117
557
885
697
66
555
933
133
678
621
793
934
121
870
471
778
492
505
16
370
258
445
887
299
451
705
754
144
900
32
331
766
450
289
433
275
300
22
799
804
833
703
742
186
263
155
374
736
178
570
103
148
869
953
375
607
515
418
692
139
486
608
48
336
201
180
189
131
769
959
470
355
885
189
477
473
735
66
147
723
963
540
906
365
212
268
350
422
182
130
650
618
614
580
926
905
557
882
182
67
699
921
654
902
601
243
250
222
791
640
794
943
108
139
459
258
931
986
32
610
306
451
79
738
71
416
72
709
979
895
640
617
624
257
652
464
31
301
25
549
513
976
880
440
704
674
22
741
878
696
258
911
675
706
712
493
748
465
946
919
