476
96
276
794
578
61
41
879
41
547
367
265
232
273
977
505
232
113
816
822
571
306
10
114
511
970
822
933
855
961
255
667
279
225
459
880
761
345
438
364
585
984
576
410
81
110
463
818
418
486
714
6
320
136
308
106
32
924
385
724
897
929
40
219
532
803
509
93
137
66
26
624
743
151
521
641
704
354
745
963
239
454
50
336
927
926
286
355
745
713
191
861
393
145
479
886
342
354
943
668
132
21
200
831
424
980
760
949
519
368
793
632
963
766
356
709
939
824
677
1
270
527
291
428
116
455
30
415
785
995
637
169
487
263
492
181
927
668
407
560
387
485
549
54
563
753
947
52
530
194
971
944
212
322
226
428
990
709
627
298
810
497
435
113
182
425
906
318
176
554
450
422
536
701
256
311
122
915
572
654
150
431
46
427
182
596
767
762
387
663
185
802
724
312
764
304
581
66
478
182
928
322
38
724
170
356
782
728
444
616
386
426
796
908
417
200
64
995
807
985
551
307
12
757
964
44
717
41
744
741
253
529
962
680
415
221
509
789
507
142
798
141
843
994
521
773
88
850
287
354
142
365
366
187
513
470
389
658
26
689
770
149
834
411
123
825
425
550
805
742
603
235
452
565
665
122
551
357
623
590
335
149
567
668
604
397
266
993
452
245
150
467
905
559
408
88
878
512
887
459
326
265
531
173
456
524
456
463
827
610
459
806
562
761
463
471
628
979
220
410
708
530
318
660
799
407
237
308
319
841
558
559
75
195
813
478
816
910
213
437
793
78
550
7
550
953
226
37
764
345
148
693
737
227
973
639
874
712
669
203
611
889
186
166
778
967
847
676
848
704
636
151
677
566
390
349
519
281
116
887
822
877
213
358
520
790
472
657
372
783
674
609
893
531
854
493
357
51
876
529
91
141
361
929
715
990
286
388
280
198
728
812
816
473
267
153
868
526
355
749
698
793
561
706
266
43
847
984
513
241
760
523
597
666
511
344
638
17
842
528
197
787
938
6
788
402
386
194
145
120
698
928
617
63
391
730
653
133
24
706
259
942
208
812
419
161
819
912
108
388
646
933
275
308
288
393
167
580
7
781
268
102
632
205
435
456
87
950
154
342
663
832
845
422
38
714
344
488
712
124
631
187
975
248
421
557
908
906
829
203
836
311
233
670
282
369
885
815
197
472
502
633
397
989
4
220
784
200
257
962
323
609
445
442
55
427
136
147
818
68
458
274
775
922
923
692
827
408
746
231
997
261
204
2
41
69
876
957
96
337
209
124
56
274
48
213
124
915
614
248
192
244
306
670
147
835
94
930
560
405
928
61
539
986
185
926
853
838
897
406
956
203
468
984
243
820
109
471
969
693
982
499
152
598
673
211
108
182
638
886
957
956
362
829
99
73
408
824
926
993
838
960
391
569
815
212
487
754
208
414
98
779
938
125
894
125
491
453
662
119
784
315
798
594
987
50
978
951
125
12
79
813
937
82
182
7
629
556
152
905
357
916
747
443
646
292
528
118
684
656
389
83
760
70
246
899
33
186
827
849
869
22
573
820
45
671
835
48
819
386
764
196
304
773
976
159
870
147
992
572
279
63
598
492
209
506
625
98
86
103
793
369
532
875
572
570
701
818
603
834
540
596
213
624
373
383
85
796
759
606
346
731
946
951
483
967
959
267
733
60
872
950
954
37
76
438
592
116
695
664
11
872
460
261
344
145
736
500
583
199
525
82
251
168
223
452
306
921
838
749
452
348
649
555
338
559
579
907
772
749
133
293
718
398
760
10
512
650
53
201
769
123
531
538
239
943
51
442
630
12
67
12
131
223
190
697
699
173
365
838
357
498
356
252
416
736
675
157
242
671
823
922
167
979
813
66
994
3
418
148
635
998
826
245
669
96
563
21
650
834
229
668
294
831
656
931
485
906
594
380
378
821
588
939
629
213
303
862
239
481
360
176
141
425
398
971
199
820
252
947
964
361
479
360
876
943
597
572
849
344
768
83
627
848
782
575
287
795
118
539
243
300
953
656
536
315
603
459
589
262
973
631
452
320
936
79
427
254
87
316
1
518
97
188
546
539
666
724
769
411
510
132
674
201
377
704
585
278
750
576
426
347
641
741
558
849
99
691
214
658
642
638
535
488
586
517
971
186
92
276
24
280
754
37
495
20
84
766
899
976
874
29
235
102
278
408
230
346
52
354
650
44
570
296
897
938
646
161
241
250
993
51
703
261
350
163
919
32
798
204
658
67
499
929
284
284
951
997
264
982
224
167
291
514
178
428
226
632
186
869
113
935
411
623
97
432
102
545
509
665
802
135
922
853
686
965
48
176
287
272
409
313
899
671
956
48
368
167
190
750
657
539
871
908
958
522
748
756
272
363
766
404
174
507
79
241
246
567
28
631
155
509
995
655
343
949
242
505
782
405
553
57
424
489
182
342
112
770
844
693
493
461
198
524
836
68
237
923
600
674
92
805
152
8
852
435
747
37
433
850
218
362
152
75
89
898
987
688
580
120
643
919
179
988
593
78
82
342
401
174
207
187
539
245
184
716
575
443
824
587
228
646
310
17
717
321
795
955
946
127
270
227
102
558
981
187
890
894
394
324
293
48
527
684
750
803
344
86
616
386
716
724
520
778
703
47
574
431
287
423
806
862
809
942
114
117
88
238
958
991
553
595
23
764
853
875
776
309
228
394
67
180
315
970
265
497
793
512
550
642
204
554
796
922
187
516
538
530
287
913
800
790
283
967
466
678
837
147
999
60
656
756
980
789
935
260
418
936
784
104
281
276
659
720
527
159
238
778
18
472
102
505
301
310
180
971
826
746
777
721
316
494
672
143
496
257
14
419
728
355
600
202
83
474
922
94
925
568
439
556
238
155
402
921
65
404
240
701
155
971
959
792
278
207
111
744
562
404
556
741
759
501
237
436
513
689
692
863
903
697
474
429
90
807
895
534
663
459
314
783
770
703
747
220
927
554
339
491
941
434
140
213
546
298
971
400
437
363
998
863
244
375
531
379
154
145
815
362
684
527
168
6
73
561
24
137
644
964
494
468
687
615
146
703
950
463
765
474
853
30
459
674
270
174
838
816
147
419
968
547
260
590
701
838
294
509
506
356
113
712
838
79
84
503
131
752
878
392
889
264
563
348
872
965
682
953
223
753
48
642
126
973
83
2
940
482
332
207
934
384
761
283
677
615
518
495
475
850
320
160
265
725
901
155
104
59
588
380
562
762
125
202
204
474
972
839
147
944
687
915
247
481
89
672
40
825
418
737
180
556
189
667
795
564
311
397
15
105
871
588
307
718
582
119
206
32
635
258
220
866
331
381
530
803
228
276
267
177
709
242
780
159
580
190
409
34
619
248
578
1
408
453
845
634
751
61
945
714
446
622
684
85
420
466
994
923
687
243
602
883
442
374
23
65
991
557
392
994
638
935
132
393
322
954
702
331
500
169
640
956
295
832
31
604
839
452
491
748
454
832
929
506
301
649
87
373
499
363
436
666
229
509
250
68
330
976
696
194
650
341
128
483
114
67
417
693
695
560
194
746
509
463
508
92
578
432
291
703
908
237
721
60
211
40
511
15
644
314
816
726
251
926
652
970
589
844
350
994
999
738
970
162
399
309
447
875
205
309
188
339
893
550
563
693
331
219
759
292
851
997
403
874
357
873
432
645
122
135
802
352
189
894
224
127
705
462
878
403
538
533
776
558
130
939
198
977
436
913
807
505
893
700
819
449
283
280
185
336
237
687
369
523
885
169
375
173
326
37
516
354
678
141
539
331
417
103
245
300
335
488
970
498
939
68
253
96
137
176
346
400
108
521
22
190
489
997
563
288
603
54
631
754
188
431
608
863
12
527
270
377
529
547
516
241
908
648
61
874
899
878
487
152
457
272
95
646
734
919
177
429
76
534
337
201
167
833
827
796
440
479
115
998
95
910
426
652
762
973
479
565
470
684
733
180
72
656
798
760
657
900
772
759
316
369
415
424
261
365
41
904
752
930
466
685
139
661
232
598
81
199
582
67
620
456
776
49
215
895
441
846
925
134
113
162
936
538
934
910
426
953
525
615
305
940
773
754
115
780
297
780
439
296
504
281
155
820
779
106
631
734
530
12
190
794
139
75
540
678
208
326
168
167
755
443
999
834
281
643
122
495
49
912
446
455
416
491
974
374
698
459
359
11
758
280
496
853
222
349
795
232
866
779
772
749
392
26
678
543
194
978
772
866
301
24
187
382
65
653
865
697
729
520
593
290
985
948
415
473
535
564
690
549
952
946
827
630
232
223
233
408
812
165
750
737
944
408
41
113
208
874
976
768
117
606
586
335
47
21
479
796
225
948
725
264
374
783
736
493
909
950
36
425
995
877
634
624
70
738
301
22
170
520
776
961
258
568
558
588
972
711
509
920
537
930
823
446
743
110
647
248
869
380
77
5
355
497
662
27
596
444
883
494
297
857
395
911
51
482
208
264
964
533
659
467
386
297
829
450
673
962
844
866
140
444
494
313
368
324
452
918
365
537
182
943
266
850
351
725
492
497
613
141
442
765
887
928
400
101
947
705
998
984
835
6
373
482
155
816
918
729
138
5
702
214
619
245
913
678
463
833
330
16
888
623
556
81
428
170
8
59
188
207
516
476
681
250
748
955
762
231
816
277
475
172
202
397
382
563
210
699
39
646
496
171
646
619
748
630
342
807
117
750
821
423
997
834
960
353
918
297
45
809
644
892
692
455
621
460
858
198
489
595
259
624
10
686
939
268
448
975
370
530
476
554
234
837
15
813
910
167
742
490
144
539
324
233
151
675
244
886
860
113
905
267
583
211
365
438
331
792
162
10
202
70
512
907
390
790
44
147
382
104
601
474
489
336
909
290
106
770
811
760
999
601
168
798
952
763
564
998
881
240
343
273
884
441
38
830
166
142
377
22
860
984
906
459
738
869
563
65
263
737
108
845
801
865
913
682
952
699
52
522
962
314
364
113
347
838
65
366
406
160
74
803
524
539
77
19
935
765
106
75
796
916
645
305
204
446
751
657
949
945
408
679
153
546
499
86
651
9
853
815
265
120
555
797
610
764
71
253
838
933
182
52
516
584
874
736
508
971
207
400
418
704
172
920
803
435
137
364
544
934
943
765
92
20
343
786
59
1
243
270
225
208
619
455
787
783
734
415
230
877
382
755
427
708
325
737
668
546
289
510
782
321
10
917
74
813
804
132
514
678
430
969
964
579
245
841
550
687
269
153
878
328
854
294
604
561
711
966
568
74
625
433
233
414
298
114
833
418
917
824
130
245
643
786
244
274
192
335
895
970
860
850
288
695
260
12
842
907
116
724
586
912
860
705
758
321
44
353
778
180
861
930
105
499
870
869
557
240
583
954
292
126
710
638
231
886
52
930
911
639
298
798
174
591
261
538
152
542
68
812
420
466
122
277
771
964
732
790
555
673
672
809
120
549
120
90
104
586
506
604
393
927
493
264
690
372
274
352
107
593
540
865
81
709
622
479
986
252
168
226
65
346
229
30
95
453
604
481
662
287
281
950
571
648
744
502
56
746
493
238
531
494
498
291
918
940
862
954
707
431
55
412
812
391
148
279
61
848
449
824
191
104
399
91
713
686
15
901
748
310
523
609
700
577
418
583
999
177
846
947
427
537
260
553
760
715
479
694
22
820
865
897
884
402
119
353
543
813
599
256
852
291
481
909
194
806
127
511
679
16
658
413
141
983
683
723
512
931
979
711
487
219
472
402
148
424
772
330
42
970
643
451
250
334
321
694
482
65
301
266
154
430
422
30
21
51
441
376
817
730
852
328
106
779
442
54
217
439
316
459
268
951
992
595
779
51
816
127
342
902
425
425
734
286
726
128
783
994
569
564
702
253
54
283
221
759
964
858
992
906
665
719
851
609
313
675
106
941
522
309
828
945
798
281
157
973
374
864
351
33
872
297
196
255
685
229
811
826
666
80
196
958
680
20
866
109
482
431
500
800
579
556
415
127
657
55
988
967
842
794
161
434
161
221
791
733
589
226
888
898
118
182
98
862
949
532
493
989
960
396
452
665
94
808
43
226
933
678
126
575
117
850
578
906
360
883
491
290
857
38
408
26
543
264
798
207
388
4
120
934
70
740
80
356
585
805
405
279
942
435
80
554
653
667
484
14
874
912
491
499
23
180
919
894
238
816
596
644
105
504
55
405
216
405
770
980
774
38
7
546
897
41
430
675
292
850
637
664
819
550
147
115
970
474
26
842
329
236
463
314
392
179
558
28
819
219
918
93
323
600
895
992
49
396
812
38
959
459
712
974
645
987
745
399
181
570
588
946
828
751
539
404
373
170
370
41
315
464
26
397
98
383
439
139
67
88
93
168
731
730
242
978
446
338
679
419
541
704
144
473
10
942
846
687
499
482
206
542
747
682
584
805
24
63
845
681
930
145
421
501
610
146
653
650
466
296
498
161
398
538
724
565
111
547
74
191
760
284
806
857
607
916
916
412
290
787
20
404
522
244
762
640
633
377
254
704
604
968
61
152
309
34
116
161
983
404
723
439
254
15
894
357
971
547
923
339
370
352
457
338
632
236
598
502
196
337
210
842
760
270
205
298
508
93
930
873
239
317
783
883
555
142
98
685
588
921
369
25
765
914
886
101
295
822
885
675
542
527
572
467
411
30
878
356
951
559
187
513
723
168
512
960
249
596
78
799
318
868
370
391
439
469
536
179
12
205
821
89
181
902
248
502
560
645
19
329
492
164
228
325
694
507
139
226
917
710
263
350
652
952
129
804
547
701
924
398
306
116
504
263
460
500
322
801
851
982
81
429
270
88
552
522
636
185
347
172
235
632
439
53
754
831
283
266
647
485
781
92
230
770
306
367
774
875
70
223
889
837
828
621
593
678
339
2
370
359
157
475
919
133
660
586
933
439
675
341
950
338
983
592
491
64
657
237
937
608
569
156
958
454
423
77
680
859
545
362
899
487
836
570
445
491
113
56
168
371
615
138
59
408
262
869
525
596
823
438
119
254
405
803
173
486
559
328
489
683
566
454
395
567
782
14
905
684
26
579
831
448
632
85
756
355
806
921
616
105
296
854
13
307
632
802
626
720
280
459
566
289
406
698
143
546
613
706
287
501
468
967
815
840
245
993
611
238
700
127
890
724
698
392
808
729
413
676
145
544
861
161
228
363
838
763
98
621
125
475
706
849
65
463
795
257
568
266
485
775
363
170
828
71
166
400
194
485
376
69
623
531
667
663
8
571
121
603
113
123
796
356
840
494
567
649
144
750
414
469
486
768
366
416
780
448
627
67
784
659
845
129
384
460
766
801
884
278
122
615
591
232
859
530
179
702
897
392
905
396
818
966
994
262
899
364
989
226
299
661
502
495
296
132
342
759
241
977
197
944
943
275
233
744
593
120
377
390
715
672
898
318
177
512
629
348
773
914
500
282
155
921
439
916
526
962
744
737
193
438
62
500
996
540
674
496
688
483
4
458
641
749
888
104
927
216
267
864
505
134
404
331
311
940
337
856
690
719
279
764
674
834
397
415
419
196
326
139
773
527
329
806
95
851
879
622
776
97
536
980
865
60
498
657
842
617
639
693
983
943
361
886
255
825
333
85
177
809
890
853
268
591
580
837
929
150
233
301
183
128
599
741
635
592
689
744
777
701
300
519
563
966
906
803
645
664
242
506
83
77
473
834
88
695
337
516
788
483
868
736
448
408
238
494
177
774
517
653
679
363
638
980
513
528
620
221
824
179
207
330
36
438
495
71
798
476
60
631
907
484
564
707
585
582
103
213
793
818
611
131
354
176
279
342
870
409
270
514
987
613
698
552
304
726
145
359
441
730
745
186
993
414
460
707
444
685
384
116
854
512
70
990
491
679
396
738
932
550
977
277
307
754
445
826
131
323
155
439
526
572
419
240
789
325
96
98
558
530
475
424
645
372
434
626
681
477
745
580
113
17
859
27
499
272
709
217
161
231
591
481
561
447
64
767
168
397
973
214
306
632
581
877
928
474
820
524
414
909
450
552
760
463
752
78
800
688
918
428
303
768
28
107
406
526
315
177
223
267
430
603
445
508
914
271
516
494
696
71
919
620
667
482
645
540
915
452
270
864
932
622
759
1
203
176
104
589
703
995
423
281
696
915
243
34
414
409
918
964
176
63
471
166
216
29
612
749
480
848
689
932
331
250
447
37
882
573
124
946
329
16
618
748
774
372
695
709
477
537
281
441
315
409
531
870
981
310
985
540
171
815
372
807
87
789
986
66
204
284
261
198
605
206
78
1
276
385
462
689
907
721
881
887
498
336
231
664
686
929
40
798
178
580
508
326
556
43
964
411
118
843
936
40
952
431
198
562
671
111
828
723
820
533
386
971
195
280
759
937
678
761
814
152
646
779
244
717
742
136
241
356
67
766
521
481
100
528
702
484
842
345
548
855
364
515
832
281
866
389
614
493
147
684
861
436
517
736
889
118
992
71
470
264
56
631
227
296
406
317
338
916
345
515
499
88
614
581
616
398
865
412
704
799
103
460
411
288
850
104
623
552
376
149
189
413
672
180
915
415
65
353
431
820
569
609
676
355
712
200
436
588
463
736
963
476
167
110
171
518
970
646
138
693
968
78
364
6
727
512
869
130
43
650
799
2
14
87
293
203
284
120
890
304
197
925
449
775
512
957
66
284
512
790
509
689
637
758
142
607
26
8
549
198
255
762
128
392
219
602
872
844
463
329
733
711
465
760
383
357
676
399
442
500
752
565
404
25
924
465
775
868
637
886
142
503
704
438
701
292
236
942
257
108
837
494
849
363
631
604
608
761
600
646
96
164
559
709
45
241
639
778
395
913
178
712
612
920
340
225
642
521
989
429
341
804
586
837
58
458
362
501
633
304
880
599
473
398
849
413
34
292
395
542
542
370
487
610
381
389
341
49
763
930
459
197
576
115
370
816
645
638
662
79
566
541
535
934
32
520
312
334
184
414
388
457
141
651
296
886
259
539
704
40
29
69
530
265
206
219
289
195
708
429
959
239
698
805
819
487
849
181
187
253
618
36
557
943
986
696
64
130
722
518
442
395
162
205
661
605
226
760
539
164
125
873
242
816
266
195
959
333
512
361
347
135
333
490
556
99
571
205
51
193
976
729
669
374
688
261
152
549
361
95
364
237
571
632
419
398
98
404
758
925
473
663
966
152
869
67
204
883
179
630
781
352
519
721
830
84
650
411
896
422
823
75
479
868
914
565
445
582
269
883
838
867
641
349
511
138
789
172
976
433
670
768
692
521
339
681
753
763
116
818
184
147
439
729
202
483
670
547
252
899
928
69
617
211
610
966
827
883
386
688
702
506
776
701
41
186
666
142
377
725
826
502
468
561
510
605
103
934
475
184
685
905
959
374
700
929
658
182
261
142
376
924
752
761
790
994
82
918
510
475
428
279
808
947
305
235
735
234
612
731
622
159
179
348
813
401
188
200
724
641
58
671
874
475
796
972
114
291
306
594
139
413
165
901
195
828
714
932
871
796
547
212
257
668
914
609
887
762
963
101
228
706
557
859
181
610
228
861
618
869
6
569
862
303
911
18
597
543
668
115
402
144
249
326
354
306
895
515
360
935
38
884
806
247
714
613
269
388
93
625
625
722
393
367
443
742
424
763
556
503
994
129
699
602
290
589
340
223
966
614
398
417
280
361
174
771
670
553
837
598
163
491
579
887
791
736
366
477
330
332
323
472
112
636
144
661
74
109
739
190
401
638
235
414
551
991
97
10
876
643
834
611
42
201
348
777
853
641
434
561
522
17
830
134
891
239
82
694
133
625
995
235
622
832
795
226
110
667
650
928
905
352
727
224
525
581
32
450
327
789
924
70
749
86
641
589
463
942
992
728
902
318
785
138
353
191
843
624
361
793
124
217
184
843
762
953
242
932
228
255
199
800
832
142
381
742
385
249
438
406
348
536
139
688
567
247
789
496
607
773
883
581
693
938
581
472
389
129
308
266
738
109
508
502
393
984
511
878
632
86
918
250
827
969
279
963
91
694
214
845
939
188
265
123
952
701
861
412
852
692
838
819
800
86
167
164
572
310
686
962
332
505
195
118
624
776
381
354
560
747
681
932
58
946
336
790
578
759
283
242
948
783
438
490
289
896
598
613
932
645
384
366
672
452
768
535
216
368
611
547
922
858
25
872
369
522
82
707
157
820
540
374
529
974
470
612
257
294
4
830
846
992
784
830
976
100
537
592
311
846
763
664
877
327
523
366
915
697
564
846
247
936
315
556
943
116
307
517
397
395
982
649
958
131
729
309
976
933
715
429
520
789
218
726
486
998
842
584
909
515
386
659
491
303
700
857
49
774
137
617
719
693
671
68
576
108
9
72
285
644
617
826
408
418
996
456
255
939
618
869
547
179
936
517
373
598
124
728
44
455
325
820
93
782
404
954
23
636
578
123
537
675
416
788
259
241
589
340
830
619
920
854
249
301
650
745
977
463
726
29
43
4
216
737
417
980
544
992
976
241
106
409
922
95
179
981
572
645
489
452
566
472
519
928
482
326
804
755
731
479
527
413
235
328
561
61
9
242
7
400
534
183
515
344
194
708
222
356
336
810
604
709
243
447
275
136
475
714
697
295
511
211
762
259
440
528
907
620
792
548
790
592
854
353
442
122
431
623
638
850
267
381
554
947
369
996
513
985
991
708
351
817
730
749
68
747
478
583
778
994
234
421
232
476
812
556
987
116
805
154
950
157
880
754
318
841
380
268
213
704
51
992
721
236
78
803
647
113
704
626
425
362
500
859
658
470
59
924
194
882
206
851
427
352
884
252
414
885
560
113
786
176
531
451
538
349
257
743
418
930
707
716
302
785
528
265
791
284
632
900
11
423
783
204
95
743
347
608
660
145
138
648
540
253
130
705
911
992
822
975
302
161
114
130
219
531
444
331
267
345
191
656
90
665
789
299
897
239
536
401
590
674
229
262
264
635
93
157
308
153
89
725
97
298
914
816
822
444
3
165
739
50
515
709
954
50
339
738
187
411
536
859
390
163
605
541
681
14
240
876
950
588
791
511
135
977
535
881
745
104
497
883
74
665
929
278
769
295
965
159
841
711
942
324
785
730
534
59
659
67
230
353
119
36
914
855
515
379
436
657
89
802
106
449
925
644
685
664
769
747
951
724
359
215
520
421
267
169
516
130
419
429
180
137
459
422
592
907
249
235
870
925
746
311
58
403
487
647
923
127
0
828
701
503
867
704
343
205
744
821
851
728
196
633
526
879
968
990
804
254
806
494
745
529
0
875
238
413
884
620
238
206
600
908
187
179
294
309
722
238
596
18
568
719
19
434
943
440
729
495
146
115
325
534
657
448
967
642
304
11
561
353
234
826
566
32
894
291
94
570
323
868
259
83
662
205
419
284
36
871
402
687
174
608
291
985
25
910
306
671
150
393
762
209
925
22
894
316
432
573
966
652
543
932
808
566
752
940
16
11
969
217
638
8
220
32
59
554
749
257
903
272
571
755
441
209
817
342
308
892
599
700
763
542
490
641
609
189
516
450
447
827
753
674
67
71
728
118
305
238
379
306
929
79
91
157
436
179
850
856
76
643
102
732
56
356
799
424
832
757
606
226
403
657
649
325
499
464
767
712
570
120
629
72
931
296
130
755
415
605
725
197
538
262
249
953
993
50
419
781
339
298
920
375
961
792
813
886
891
678
596
761
425
140
879
508
250
145
733
618
621
954
22
284
242
969
789
710
523
869
817
331
612
807
607
543
188
757
760
82
159
151
579
37
850
934
671
245
699
820
342
964
402
239
417
582
495
792
708
529
977
496
622
158
872
937
8
37
281
962
375
917
116
109
448
520
714
275
415
12
440
791
435
286
51
463
281
530
655
510
596
165
544
15
574
883
540
468
550
933
219
165
734
634
75
309
95
454
813
709
923
928
966
476
607
541
19
950
491
210
644
864
664
526
507
502
613
214
522
132
957
330
822
417
120
389
291
522
996
179
533
563
744
235
681
263
702
867
870
616
971
474
564
666
220
408
911
778
686
506
855
37
929
178
807
115
322
276
887
434
236
171
913
374
906
561
229
390
100
789
593
66
516
847
713
992
156
223
342
566
285
876
166
218
486
360
705
542
599
984
843
879
865
970
314
516
933
271
22
323
269
888
239
631
691
996
576
166
996
951
439
631
592
79
901
201
377
112
728
622
341
175
610
86
385
964
262
784
212
216
383
363
494
302
165
235
891
342
701
527
848
84
323
23
569
168
847
387
444
366
89
295
150
965
890
315
743
597
137
166
580
585
670
282
34
61
246
850
258
49
300
641
917
794
953
844
613
818
647
463
821
758
79
270
510
582
741
905
399
953
133
403
73
910
469
532
812
127
159
889
793
688
97
637
678
94
450
930
335
418
211
976
135
156
847
694
530
788
689
558
78
652
681
793
726
242
722
604
74
146
691
723
111
639
544
650
502
626
404
587
660
419
229
817
614
628
340
443
670
774
976
892
118
530
302
487
248
474
919
903
735
736
78
845
678
516
820
435
3
283
930
261
464
746
986
591
430
266
131
497
254
214
519
72
517
520
978
326
554
65
337
769
944
487
469
857
859
320
427
27
233
157
737
59
470
170
239
398
995
874
871
821
501
40
138
709
86
16
969
644
10
395
773
254
631
665
539
701
993
337
151
535
730
540
676
801
283
984
254
226
922
569
572
330
400
89
5
57
20
615
542
188
529
750
237
162
626
348
237
524
270
995
166
779
651
37
944
820
435
864
628
926
453
57
983
308
506
156
668
790
406
410
925
194
854
459
694
544
276
955
438
563
99
865
258
307
281
314
232
983
865
749
741
447
506
903
915
784
528
582
235
361
477
115
995
635
571
849
403
645
296
570
914
836
823
288
952
906
623
952
288
46
770
787
749
593
476
287
373
241
22
835
485
294
822
815
59
793
13
409
714
469
60
724
326
205
916
427
300
197
193
652
797
949
530
831
623
448
63
509
504
67
503
86
496
65
286
427
561
74
607
2
406
276
404
135
877
778
935
119
210
128
315
240
538
385
708
109
321
272
512
766
720
434
856
27
246
909
103
129
938
730
694
526
187
221
354
382
940
733
963
167
966
679
377
914
572
349
373
744
941
412
161
188
626
931
397
384
925
455
207
927
337
171
446
561
332
165
308
653
286
204
389
656
60
638
168
996
830
333
249
45
833
633
64
44
481
33
938
310
31
931
705
527
899
19
67
0
238
864
12
672
751
570
537
526
624
232
130
452
660
502
891
343
223
627
672
907
938
88
378
731
417
141
769
775
251
102
984
126
118
554
888
747
452
404
34
716
990
482
813
212
555
971
528
715
204
126
476
387
776
325
777
547
831
128
516
385
398
174
618
96
902
807
323
761
376
532
277
318
625
112
812
850
294
960
387
844
485
141
538
378
631
131
845
737
749
258
884
67
46
721
604
162
475
962
305
64
288
512
686
129
903
958
571
472
514
161
394
543
956
621
94
266
652
710
832
802
655
813
159
295
570
178
427
351
449
408
807
115
247
52
56
801
170
623
846
964
506
979
831
863
974
290
570
305
626
306
438
969
17
997
488
475
587
349
323
243
692
29
431
86
553
306
0
321
263
112
378
449
274
761
894
233
695
272
276
249
150
396
957
347
599
120
803
50
816
79
887
147
696
685
759
406
899
424
186
109
899
5
817
42
527
479
212
776
938
827
438
672
915
967
647
476
933
696
628
223
962
875
900
259
273
787
489
365
184
849
257
315
208
962
921
181
740
50
733
937
405
222
734
560
334
895
536
471
70
499
343
592
239
437
206
854
162
332
691
208
117
154
370
260
931
179
293
997
638
285
749
767
659
790
647
519
985
225
806
752
736
891
280
960
146
546
864
537
81
140
256
507
605
645
297
318
327
523
745
806
152
652
935
223
519
47
77
848
643
136
59
124
981
980
36
771
944
740
359
575
440
255
405
146
693
376
793
709
226
807
505
996
94
851
768
421
279
941
893
463
637
520
659
438
666
468
614
557
452
657
855
701
341
849
284
593
583
870
591
316
903
147
449
194
69
959
419
308
325
996
209
215
637
893
772
612
555
789
210
465
651
381
603
998
642
821
491
301
506
788
303
472
802
219
534
558
744
739
917
944
70
159
967
886
823
156
648
519
996
660
572
397
608
226
712
791
12
832
220
576
775
645
300
125
214
138
26
563
548
763
842
494
862
787
754
927
526
968
139
301
697
381
16
220
631
598
418
379
647
862
341
935
997
781
507
325
969
942
571
917
188
460
990
882
89
164
702
990
454
989
994
490
142
20
74
706
29
36
644
887
319
795
505
927
349
848
464
807
485
801
588
48
301
209
404
343
563
789
39
855
196
199
969
897
215
228
967
139
37
225
139
327
208
403
68
786
125
251
598
989
671
207
689
48
865
830
600
218
208
332
177
213
955
787
356
31
56
475
73
771
484
600
955
758
542
889
219
917
704
809
938
611
835
638
766
25
343
303
752
174
212
699
584
950
455
116
342
567
68
795
566
46
957
861
615
792
132
186
392
501
371
262
215
798
253
904
112
855
688
289
246
560
354
535
305
997
245
151
252
350
865
240
169
40
76
380
572
954
424
514
305
628
273
294
410
802
697
283
25
510
739
639
375
411
872
780
615
334
297
70
265
447
417
384
22
262
382
385
533
736
269
933
33
512
167
974
95
826
267
905
511
619
65
781
750
124
16
245
213
85
525
991
427
735
146
53
250
706
790
169
656
989
790
566
892
219
768
433
866
530
831
406
589
64
960
431
328
78
560
719
370
238
904
469
427
241
398
292
351
529
385
15
142
645
752
282
126
595
72
836
166
967
769
248
215
410
187
546
737
686
658
87
191
221
27
925
160
666
682
201
579
551
706
784
6
901
480
61
691
299
748
473
16
437
380
529
817
13
215
769
44
743
699
454
793
807
796
682
676
253
290
592
561
968
205
990
698
377
576
987
143
622
679
742
315
591
950
590
623
717
399
824
126
94
343
171
357
462
31
336
452
247
618
228
964
897
311
783
439
260
789
95
439
130
749
878
52
698
657
459
366
479
280
476
347
951
82
441
77
327
366
795
651
108
822
587
283
180
603
695
121
851
251
623
374
593
19
590
959
449
611
268
185
629
253
472
966
45
328
179
839
454
31
887
454
143
986
495
671
270
542
176
19
313
878
757
528
825
381
560
496
97
374
276
91
68
354
128
972
100
685
358
62
855
142
345
33
308
865
941
133
724
475
40
561
659
609
606
73
565
534
962
690
557
263
864
42
393
644
249
345
769
917
109
102
927
638
708
592
832
441
112
354
528
975
962
313
700
682
261
621
969
866
968
418
10
842
540
274
542
718
797
224
184
804
206
363
568
795
253
54
839
156
606
872
344
28
539
181
937
700
432
176
505
413
28
371
819
427
452
189
665
453
202
974
44
525
595
650
87
266
487
760
20
560
273
557
406
337
829
506
189
610
873
999
40
372
916
874
541
198
508
808
868
356
300
207
658
454
778
597
561
638
374
217
788
927
718
828
623
575
326
299
853
890
221
812
340
43
475
499
492
670
983
880
597
503
77
350
941
657
124
698
344
452
774
918
122
398
952
769
464
173
705
365
565
166
440
517
216
381
318
953
331
369
810
848
710
195
299
8
594
275
744
276
377
159
611
339
474
689
349
993
92
532
707
996
656
403
77
949
160
814
399
289
982
914
57
20
317
27
281
625
660
848
881
535
473
188
906
171
146
668
231
798
54
234
335
884
426
525
322
960
264
483
188
327
274
364
144
816
124
852
844
812
376
812
786
615
690
877
942
739
11
803
987
622
348
682
945
680
280
952
457
731
860
391
65
750
731
108
842
400
785
41
470
998
865
115
440
721
162
593
188
887
948
826
413
596
904
25
357
180
662
336
399
936
872
278
144
771
508
231
180
336
463
46
293
202
844
185
911
255
243
169
407
458
495
29
465
692
992
762
96
918
927
689
760
541
928
53
855
298
297
663
258
205
97
152
933
541
340
74
730
31
763
779
931
193
752
311
762
514
447
202
357
912
128
415
639
53
664
647
937
302
487
761
24
961
837
578
568
803
886
898
871
836
61
595
604
624
388
918
445
138
521
436
160
182
140
661
113
628
732
489
675
412
658
185
426
778
518
945
52
992
797
916
16
74
956
108
462
330
118
868
262
952
337
756
469
238
535
833
874
878
57
230
775
520
557
275
707
923
960
808
716
703
630
94
434
301
270
898
862
492
299
895
993
785
541
463
849
154
559
997
198
583
257
906
315
613
765
899
432
8
366
667
517
581
301
2
624
409
974
114
103
266
639
961
178
440
552
592
551
926
253
567
489
755
153
58
90
512
965
500
357
446
782
807
929
677
157
670
736
243
431
103
206
991
429
175
588
57
494
851
915
640
528
889
502
847
29
58
329
701
778
508
142
511
763
847
662
412
362
308
52
398
439
349
181
280
489
213
172
456
787
717
18
386
482
984
370
830
314
620
219
431
439
590
630
969
401
424
287
382
753
577
137
677
185
97
50
584
632
319
758
81
931
442
983
704
319
840
673
307
682
470
980
555
393
733
547
895
748
693
449
471
838
601
571
382
473
374
296
701
894
409
158
336
730
165
430
184
524
853
831
444
338
724
160
164
732
766
351
580
224
555
655
754
972
704
934
380
459
553
348
993
582
567
271
874
116
346
404
116
268
827
544
333
887
945
588
904
547
350
455
471
849
996
629
708
440
306
565
476
355
885
513
960
149
645
590
273
821
949
915
72
732
6
735
584
155
217
675
145
778
463
62
825
459
975
135
672
245
186
445
320
941
927
403
527
62
734
999
675
537
595
729
593
120
130
65
898
668
721
249
891
326
606
202
935
322
949
658
43
216
854
498
862
396
826
278
914
318
912
86
395
924
112
874
627
363
578
834
504
828
492
514
843
362
607
901
902
754
253
257
593
468
689
904
224
702
962
599
693
952
909
287
253
922
759
576
490
689
668
101
37
344
742
763
373
795
382
332
313
7
928
928
165
182
134
835
996
487
284
369
315
433
131
245
238
95
908
225
689
583
794
16
293
421
732
751
645
45
766
970
947
454
996
548
388
793
427
14
893
609
163
984
289
52
876
173
416
631
523
920
805
737
842
541
900
22
594
827
366
675
781
669
162
281
780
207
114
682
258
886
959
489
187
168
10
958
93
443
649
79
321
994
882
914
678
689
30
830
779
129
37
466
78
335
170
709
181
543
42
93
624
15
831
467
825
118
595
835
690
403
492
793
674
305
691
103
507
320
328
411
107
783
405
805
172
581
941
438
786
400
553
844
481
92
959
907
673
733
888
814
79
128
844
10
433
675
989
763
69
685
876
823
606
624
491
985
157
275
544
81
392
892
75
870
713
419
197
93
278
945
597
443
224
175
960
926
554
443
107
346
344
598
680
440
601
345
579
593
195
877
32
528
770
105
475
357
908
158
212
461
252
7
309
127
977
788
377
330
402
702
834
578
808
821
943
753
424
860
833
514
147
102
832
656
268
834
414
197
614
250
800
160
791
58
989
733
917
811
868
904
332
7
982
820
841
663
45
958
781
464
416
543
33
540
100
854
587
260
0
211
883
155
29
576
708
6
464
971
722
480
70
310
68
226
835
967
222
735
726
658
567
254
700
37
217
889
744
180
866
482
884
859
110
252
279
322
703
95
579
578
146
142
177
286
415
403
748
837
301
43
782
107
151
875
627
695
895
153
480
984
62
520
311
248
757
427
819
186
499
266
986
288
243
858
163
253
0
167
813
26
544
165
690
860
123
604
39
562
79
810
433
756
930
474
717
759
658
954
627
245
36
834
768
897
559
704
759
272
356
745
84
99
653
714
261
969
271
908
933
273
461
110
653
78
946
669
225
723
923
222
349
645
6
387
890
864
19
236
721
385
382
525
619
579
814
718
875
294
653
304
384
169
308
346
890
336
835
435
104
185
530
754
140
904
206
410
532
378
803
841
566
862
147
392
223
751
872
444
984
999
516
739
629
246
538
914
627
128
384
939
598
84
348
772
516
56
528
770
249
722
963
845
656
930
126
788
171
35
879
210
656
168
341
864
176
83
337
506
612
8
630
398
238
449
853
110
169
787
823
287
22
685
95
426
45
816
427
800
220
394
319
346
687
901
750
782
828
148
687
805
825
702
48
538
477
603
433
805
192
59
703
277
71
918
747
661
904
526
639
181
254
800
364
377
585
882
891
246
926
598
6
201
415
365
450
842
94
327
580
501
139
726
509
601
319
114
531
897
949
159
477
297
676
899
394
466
403
539
911
422
962
877
643
352
592
712
721
442
279
88
370
690
520
934
972
150
331
412
858
196
624
782
465
950
275
964
309
35
920
804
390
561
651
332
26
182
626
205
848
294
833
819
238
439
642
513
584
600
967
457
310
400
813
553
544
587
591
953
345
926
380
929
149
876
142
280
471
433
312
687
964
451
763
283
230
825
829
562
478
844
142
741
401
90
664
219
117
