676
768
348
159
722
91
321
177
990
330
972
945
237
74
732
815
938
120
36
21
166
920
576
38
444
82
806
440
3
361
98
543
540
881
842
767
403
5
720
294
419
634
766
36
418
43
531
641
732
217
396
33
387
39
982
134
139
112
703
18
508
773
580
630
913
927
485
324
637
181
37
334
21
59
638
34
248
135
353
515
683
665
435
932
554
94
259
435
849
785
343
919
128
239
14
496
77
77
401
354
691
216
227
157
240
137
960
884
820
851
361
312
141
874
301
17
935
146
291
161
201
769
92
348
372
818
493
263
340
535
162
836
857
74
815
359
879
632
479
905
553
507
680
198
172
306
790
517
335
743
203
427
353
548
912
52
19
331
125
304
692
793
708
30
91
326
628
56
743
804
889
610
211
282
209
560
421
804
506
571
229
200
78
599
851
935
192
180
657
261
33
439
15
792
555
661
582
625
311
139
236
802
953
189
302
277
841
697
660
804
925
599
277
210
721
728
836
324
169
167
50
822
373
744
731
102
523
452
717
447
379
830
914
949
315
957
575
87
915
383
748
774
651
414
148
688
816
553
271
761
813
466
35
40
910
311
234
905
160
39
684
252
349
812
444
977
531
287
416
165
668
804
827
414
56
307
349
600
534
408
106
745
858
824
711
655
272
24
0
692
391
811
471
491
576
664
592
42
525
166
944
107
567
509
139
385
392
827
612
891
304
103
111
904
578
941
459
392
342
935
67
707
802
420
499
104
57
471
552
628
46
639
456
77
457
30
865
145
119
937
469
536
449
243
467
59
939
382
545
151
37
951
653
114
158
756
651
681
475
133
241
699
840
61
6
46
421
379
696
788
650
273
197
681
509
816
802
796
512
566
967
464
992
422
515
13
607
122
588
400
491
150
62
740
56
516
445
43
160
56
126
757
827
616
359
131
490
450
495
441
684
18
768
814
804
902
145
425
706
631
808
401
701
462
333
873
378
529
809
47
142
985
717
80
711
217
143
417
913
469
88
884
885
637
353
37
532
244
755
64
545
745
997
66
652
409
888
744
74
471
735
599
210
610
442
785
691
993
466
89
921
93
783
107
686
579
332
531
941
573
700
200
993
515
766
237
180
747
644
12
148
195
898
55
784
975
57
309
361
275
275
220
171
494
577
617
35
513
791
426
170
451
577
652
279
658
440
654
282
840
693
609
461
952
782
962
533
203
542
422
438
76
46
681
846
52
833
634
663
482
366
447
32
715
390
56
909
401
365
811
642
444
350
724
231
778
247
918
269
372
820
578
511
502
703
802
636
466
205
619
976
147
275
213
90
257
463
89
768
341
492
406
63
482
149
431
119
870
650
764
907
428
952
420
510
448
563
28
945
958
335
766
353
927
468
41
717
416
480
841
549
1
6
483
22
656
260
112
154
479
58
459
244
152
254
880
97
427
517
210
138
378
796
849
398
282
476
727
988
734
732
566
414
881
592
392
826
448
976
105
106
802
259
221
795
221
890
34
818
637
889
121
418
227
288
855
843
81
624
882
148
662
976
274
593
450
511
70
80
503
380
968
493
626
626
166
917
493
447
134
239
810
308
781
742
6
702
140
804
567
706
959
801
523
960
539
721
199
70
404
979
513
910
448
373
27
362
580
229
629
875
161
546
397
232
946
434
581
284
676
285
417
968
770
6
787
152
668
945
589
554
716
336
234
568
878
775
178
663
441
560
113
160
141
665
146
683
707
1
949
652
51
682
226
550
454
767
696
195
970
671
831
614
867
250
678
919
932
88
554
965
466
65
604
315
456
847
302
217
548
247
250
275
270
703
662
230
424
537
864
566
95
45
137
286
493
510
121
791
991
907
496
641
50
757
404
103
741
639
956
268
923
529
232
156
767
768
938
350
220
872
701
197
825
569
160
766
309
231
471
107
740
851
575
190
614
151
596
186
240
463
561
282
986
179
266
325
116
233
129
969
397
639
980
412
874
686
319
346
96
634
748
433
254
542
371
584
961
84
951
782
997
618
464
207
741
792
166
832
832
742
392
964
272
139
289
831
200
776
139
335
393
946
683
939
329
598
185
108
929
0
163
384
201
252
85
237
106
909
550
498
799
755
674
897
585
719
504
121
622
146
935
616
805
316
322
86
1
745
677
588
216
942
834
356
478
705
413
466
971
797
72
631
925
612
748
182
483
952
45
535
0
594
640
306
920
276
907
430
603
586
145
831
42
130
449
45
770
628
67
129
484
629
22
139
119
958
608
238
75
713
779
181
267
427
328
991
526
381
548
438
361
837
219
494
989
241
269
952
320
667
811
870
963
408
318
97
959
347
549
606
301
119
488
487
177
721
646
421
978
643
391
491
945
525
887
175
659
919
920
369
244
561
634
86
274
755
514
582
819
144
836
577
668
13
974
104
512
968
283
776
865
251
761
833
29
168
456
525
288
231
87
708
274
330
332
396
669
569
327
662
494
377
419
483
661
16
611
894
586
604
894
682
822
969
454
652
627
985
746
220
473
469
949
301
799
306
307
252
610
663
57
21
580
827
534
392
12
67
249
291
29
113
760
225
942
120
218
984
494
204
338
136
786
598
256
311
653
117
582
562
163
33
572
78
305
296
152
517
996
235
733
36
108
123
71
640
501
829
113
872
723
757
387
854
103
582
499
344
674
759
310
803
44
578
971
223
570
654
165
29
946
724
428
60
916
134
374
707
350
859
518
410
340
120
385
481
99
768
130
106
609
564
865
554
754
870
220
594
921
351
522
884
617
793
696
33
271
774
394
423
559
287
375
736
575
729
25
749
531
153
176
361
718
720
19
115
129
74
274
332
260
473
986
758
407
62
638
933
483
39
494
479
841
956
15
270
590
300
767
783
739
644
195
459
733
983
446
195
509
618
8
560
69
558
962
752
845
656
185
413
250
821
631
615
947
879
985
850
183
77
565
842
46
318
29
866
450
829
393
493
913
497
348
764
210
548
589
629
298
563
511
652
2
12
711
724
999
307
355
686
541
576
602
978
921
562
795
156
977
207
429
837
426
907
896
26
631
21
143
290
512
482
275
648
318
305
797
344
681
213
303
103
669
369
703
76
735
621
137
346
671
895
896
623
756
989
417
775
302
687
821
945
628
354
705
235
730
398
355
98
863
976
770
689
281
492
346
858
989
971
3
179
79
482
790
216
834
603
875
575
724
276
122
248
81
262
460
306
315
424
61
747
43
185
816
352
14
821
182
762
783
95
933
322
165
412
162
131
353
32
155
589
638
986
266
938
797
370
569
113
659
371
487
536
778
108
93
367
641
312
792
592
400
205
923
282
597
170
784
460
340
145
802
94
727
28
506
796
569
588
669
356
624
20
910
174
815
404
789
387
61
337
779
742
494
194
561
664
315
662
973
448
672
1
567
143
474
77
286
592
556
317
442
710
829
285
894
145
727
973
276
456
950
165
924
42
322
642
331
592
515
685
564
473
161
509
29
737
182
371
425
332
432
476
829
845
174
372
937
131
141
932
822
858
832
830
86
975
411
704
76
661
450
756
865
894
155
528
488
923
780
161
967
916
530
354
842
171
551
979
253
10
175
597
174
437
103
633
277
114
443
704
154
357
811
317
649
120
841
431
3
568
401
763
52
442
421
750
813
732
532
319
70
361
55
779
450
116
240
843
262
934
575
551
687
514
874
262
527
77
119
237
636
3
394
669
45
52
998
234
994
294
842
245
303
324
761
331
892
60
845
966
436
543
746
377
48
81
523
529
368
80
995
191
133
937
145
899
278
941
593
42
717
339
675
479
292
960
99
872
938
145
644
695
996
849
57
833
961
685
34
668
983
853
903
633
524
702
412
64
330
730
241
459
497
496
877
259
834
80
79
711
798
383
960
195
217
120
792
556
831
740
147
473
617
912
80
718
211
125
398
322
645
541
987
409
276
57
427
484
52
936
89
131
757
401
733
524
783
745
746
157
764
464
491
942
112
142
329
898
159
739
523
148
795
140
91
303
320
274
897
925
735
844
486
745
635
300
783
464
227
255
20
625
748
94
292
6
67
330
495
434
748
725
872
186
786
835
516
745
787
918
291
188
46
497
210
452
500
860
907
713
713
863
762
491
525
194
500
116
659
361
318
722
662
77
215
624
539
972
563
436
943
339
781
835
405
210
713
409
716
405
515
437
339
779
911
576
386
24
134
374
639
493
473
597
633
159
662
163
948
77
708
988
937
243
660
272
505
83
190
715
887
331
573
350
271
753
656
36
951
251
102
615
576
172
997
272
496
241
935
229
640
57
122
828
581
146
539
382
678
577
550
351
968
513
908
394
665
629
649
633
647
72
896
466
756
809
766
22
233
653
224
547
604
405
586
945
199
622
582
625
510
886
388
240
149
28
524
540
900
233
765
190
576
563
641
125
910
393
727
731
319
696
828
769
995
931
896
438
859
265
57
892
407
73
870
859
136
288
105
703
908
123
921
677
244
960
243
267
883
942
709
77
877
758
856
291
97
33
775
672
541
336
792
173
805
355
389
620
567
9
295
625
974
414
769
250
648
59
28
752
326
863
332
213
976
586
366
485
355
250
764
346
393
487
951
975
571
274
256
502
60
131
747
261
165
878
56
42
560
895
879
280
196
605
735
458
189
314
140
876
724
947
259
945
346
682
250
94
173
425
857
53
620
625
367
86
941
368
331
313
753
897
976
543
56
229
707
174
182
392
612
618
633
639
343
976
750
205
254
718
271
244
789
159
108
496
449
378
747
503
534
234
613
613
763
513
406
980
852
949
336
41
308
628
669
442
717
884
543
99
406
411
487
423
415
949
814
484
404
884
722
39
188
330
512
263
493
337
707
294
877
332
687
89
327
775
117
224
9
344
859
105
494
321
126
431
852
541
519
552
972
344
159
149
466
140
272
866
832
725
610
933
739
558
247
379
569
957
92
470
646
825
404
323
554
84
258
959
272
83
242
26
925
530
21
436
795
948
856
955
994
121
280
263
666
24
540
980
55
491
598
551
945
106
735
76
94
360
38
828
743
754
421
268
820
894
801
864
524
624
276
638
446
887
880
127
757
622
33
257
883
254
648
63
629
656
552
746
223
841
511
56
276
487
539
955
427
904
606
309
1
41
783
767
624
228
262
681
393
651
676
35
107
720
413
458
751
391
475
319
983
947
704
801
707
933
591
947
752
596
416
432
894
158
510
106
636
652
231
242
458
59
976
993
410
655
161
909
635
218
476
392
60
922
158
218
714
321
79
343
766
502
740
580
278
664
806
546
78
635
358
156
315
795
296
189
476
509
153
355
909
262
103
537
521
578
971
672
323
982
701
844
393
738
917
549
78
998
497
28
970
885
856
622
417
247
177
61
925
712
153
841
760
814
823
693
394
256
990
982
139
937
287
943
621
540
639
783
457
522
188
396
213
342
112
57
495
498
744
267
585
74
419
625
617
318
978
409
283
598
873
16
653
390
607
529
271
944
63
79
325
936
907
886
330
723
450
75
738
857
671
51
36
329
742
993
643
731
34
402
648
617
640
266
158
335
778
113
241
154
433
728
787
637
674
269
749
78
571
119
718
607
299
51
139
192
763
132
139
561
341
17
758
741
343
825
266
787
308
618
305
942
408
166
314
4
109
94
298
268
734
585
839
496
248
965
425
258
704
415
93
691
109
837
23
335
43
992
268
292
433
847
434
145
88
414
900
402
440
934
533
618
272
669
536
874
586
678
290
261
617
396
357
590
431
896
65
369
488
635
105
942
877
13
672
245
205
963
998
403
30
670
762
74
548
344
590
78
796
650
234
620
496
105
30
429
119
568
31
920
576
366
173
750
715
336
895
999
548
513
987
722
293
501
182
257
135
709
60
75
892
293
661
763
708
274
284
53
449
767
421
833
233
454
739
496
777
115
763
795
425
860
168
620
359
565
780
420
491
233
927
635
197
322
79
166
190
393
229
674
449
945
816
246
935
918
200
15
625
467
560
406
486
465
649
884
970
459
224
13
271
606
483
634
698
855
397
88
164
660
563
431
371
284
978
181
309
770
703
72
433
237
227
178
242
395
881
350
992
859
54
210
660
434
59
509
536
774
82
919
970
150
739
904
187
850
401
168
559
255
742
374
139
514
223
564
910
782
485
232
342
433
858
509
409
57
341
271
468
27
361
46
754
644
448
138
621
480
223
53
74
8
575
950
964
689
104
89
576
711
385
275
56
569
920
540
295
389
714
701
888
364
640
673
243
456
263
208
76
754
890
302
985
737
86
411
337
509
2
59
852
321
233
862
242
38
925
761
172
604
209
155
409
755
602
644
518
384
716
303
62
748
941
265
673
654
544
890
580
265
337
960
597
936
72
914
184
69
651
658
451
825
764
124
939
573
884
451
313
120
234
107
197
993
541
993
629
596
497
214
18
346
433
50
391
112
418
470
846
114
432
538
977
72
200
668
794
382
432
474
128
146
590
639
846
751
84
769
98
838
205
332
895
556
495
719
951
414
637
227
64
672
23
356
825
702
0
881
298
594
732
885
910
628
428
992
742
248
135
503
186
488
519
455
654
154
470
378
464
405
27
464
730
109
164
614
544
262
369
980
487
757
67
840
399
537
63
689
583
176
259
822
108
39
60
452
37
666
345
886
630
313
208
647
479
227
387
219
137
900
231
403
356
522
761
743
496
198
324
422
814
805
235
514
481
494
63
718
183
110
94
521
878
23
682
748
669
487
977
71
912
260
501
450
383
358
234
391
828
533
351
581
655
345
483
62
471
897
486
186
903
539
105
693
731
34
218
444
446
925
64
373
242
155
880
388
658
773
498
834
567
788
323
391
381
402
967
544
986
788
762
220
779
572
796
232
482
990
79
659
871
880
526
555
482
612
284
374
523
690
581
181
222
190
445
803
622
210
83
267
709
228
658
351
733
959
540
581
606
935
467
996
372
614
590
620
44
812
316
867
348
691
112
764
732
736
801
146
901
309
268
403
900
468
120
143
122
598
654
968
355
546
459
867
9
377
500
164
149
693
269
752
762
642
462
540
358
29
634
723
309
305
277
140
212
768
41
602
838
702
45
676
278
922
171
973
18
190
284
415
265
285
275
432
305
956
474
615
295
537
445
576
500
168
737
714
144
397
392
1
461
139
341
991
563
411
398
198
515
256
411
937
875
223
577
616
541
237
218
898
252
88
637
837
28
575
6
593
460
773
194
378
3
601
266
60
476
49
793
729
832
789
731
414
343
696
604
908
770
848
730
578
399
359
24
559
666
730
999
373
669
559
507
385
884
323
88
447
463
329
216
947
549
935
2
450
401
410
271
327
492
522
148
481
583
81
895
225
602
332
993
122
558
772
735
985
796
686
244
588
984
230
622
71
733
243
411
337
30
395
920
157
415
239
181
452
198
2
417
232
16
923
790
900
516
26
825
447
262
590
104
175
234
988
184
634
62
989
330
543
482
527
1
19
382
555
850
664
88
566
232
920
952
425
988
559
794
451
318
62
384
23
978
572
737
16
777
63
34
800
3
984
712
184
878
749
975
738
94
703
409
882
97
108
806
123
901
183
301
838
289
995
109
389
69
199
818
261
518
795
295
922
530
440
532
692
844
726
492
407
773
487
510
985
320
184
54
21
703
512
240
884
15
489
672
563
741
20
352
127
315
33
935
405
603
276
874
14
247
10
258
744
291
243
723
168
632
810
468
394
573
191
207
203
252
333
286
246
726
943
512
483
60
150
311
310
427
542
791
219
75
54
198
31
444
486
874
9
166
355
995
488
947
702
431
126
939
387
403
322
708
604
805
763
948
789
323
0
853
443
607
325
411
686
602
176
893
958
825
882
453
777
1
881
430
594
595
385
801
126
339
586
908
431
739
925
680
35
23
801
237
479
933
570
236
77
355
329
376
789
204
46
402
704
56
58
672
279
199
841
386
138
10
4
856
21
671
957
139
564
447
931
919
895
893
870
913
168
997
652
35
561
630
274
777
475
38
814
343
66
760
545
465
284
732
570
950
920
572
309
954
987
903
323
183
677
508
883
319
186
60
606
881
13
675
64
301
695
997
291
582
581
826
557
579
919
189
649
713
781
39
355
945
996
890
957
209
934
285
687
490
864
75
739
726
757
184
742
492
567
410
603
433
317
423
394
420
489
705
789
781
384
867
578
635
644
830
373
138
287
732
397
78
157
672
519
502
588
160
384
239
24
961
155
764
623
806
466
47
251
388
785
487
454
924
807
470
959
421
350
421
394
318
993
86
366
118
605
854
856
16
384
717
357
574
495
571
517
664
859
905
307
985
987
977
273
423
757
91
568
573
989
766
277
54
152
431
239
288
235
304
132
499
564
424
459
589
962
67
733
11
265
838
645
150
549
585
222
655
208
105
956
736
326
833
234
769
981
708
643
804
451
458
772
221
391
109
678
817
249
798
265
586
30
961
892
821
228
322
522
833
844
122
614
219
517
226
375
170
300
434
574
644
913
423
948
923
966
351
297
40
385
554
871
338
424
423
981
371
420
271
655
168
373
994
179
186
909
829
54
838
938
325
325
693
683
915
512
280
11
835
264
213
275
354
481
726
122
427
867
164
88
279
779
520
848
463
926
537
868
199
501
655
922
272
579
59
99
586
924
505
276
653
728
987
510
466
677
99
153
387
683
228
701
363
88
806
600
99
788
348
300
370
758
228
872
840
781
266
470
32
236
81
293
872
821
831
125
270
206
540
711
448
312
583
647
136
244
525
98
371
136
359
937
116
535
271
456
161
487
518
672
785
804
405
896
673
66
166
979
738
727
142
490
801
271
553
546
651
921
498
768
946
679
334
857
688
595
212
47
519
876
763
149
114
688
447
811
452
811
338
509
523
254
395
526
296
11
918
210
598
421
848
856
117
180
341
807
658
54
655
160
405
545
493
416
678
316
438
233
196
750
136
271
844
406
66
557
146
65
994
554
535
530
787
486
760
348
15
942
822
403
885
839
431
865
511
839
529
428
747
831
70
108
324
564
152
659
772
205
403
373
16
527
809
430
520
516
934
27
114
387
865
496
161
248
67
89
791
740
375
860
908
207
438
635
714
962
837
928
111
713
158
802
806
269
568
276
74
848
92
779
272
129
661
720
0
504
411
388
887
788
540
328
189
615
871
199
22
451
647
35
783
509
360
148
918
232
65
935
774
221
389
963
758
982
696
319
429
530
315
863
205
474
373
925
241
834
414
179
203
540
968
95
959
278
220
920
190
715
854
349
823
815
719
893
152
524
541
905
397
98
673
429
411
460
164
93
308
709
830
124
575
680
421
904
307
255
775
122
416
588
365
41
938
347
916
854
946
520
24
577
691
133
567
675
942
68
519
189
747
851
701
606
709
837
603
842
496
276
445
653
665
253
881
959
386
556
208
497
72
798
405
421
123
718
889
244
938
295
473
466
89
832
557
691
168
949
493
233
577
458
393
765
357
506
598
875
131
302
840
546
182
234
129
720
170
201
4
133
395
560
62
118
730
416
218
506
781
317
367
409
330
628
129
839
176
697
336
592
978
942
584
966
264
327
342
790
523
706
340
737
989
437
162
982
275
224
409
53
825
641
77
230
840
686
478
103
790
717
619
124
226
423
260
361
66
475
698
587
507
854
141
181
692
656
849
591
968
971
278
592
614
685
483
772
86
716
823
488
290
1
467
786
975
309
719
22
503
56
864
987
293
368
866
269
652
910
496
411
667
717
365
688
713
484
86
415
769
731
518
375
738
306
965
798
182
356
134
618
469
458
908
27
741
708
568
956
48
115
441
264
858
762
841
121
622
995
792
339
148
758
96
63
481
195
76
508
827
241
877
176
678
863
914
277
40
887
379
854
734
523
346
512
257
719
71
102
65
822
607
532
652
377
672
189
114
714
643
120
424
727
631
949
568
961
950
126
913
956
750
552
88
705
302
785
915
175
34
411
237
441
270
854
372
136
891
276
499
249
289
398
59
394
577
92
341
549
732
490
221
327
158
150
660
218
905
117
52
591
480
149
712
503
465
557
272
712
949
417
78
453
839
578
296
694
214
58
842
943
529
245
759
468
782
651
76
714
623
626
793
377
882
800
541
990
220
918
117
60
169
200
832
186
898
88
426
216
315
211
747
675
576
923
819
80
780
180
981
453
661
10
981
859
375
687
479
32
339
323
630
665
588
708
421
628
767
997
429
851
996
450
284
308
917
833
950
998
473
516
707
135
990
771
957
584
353
743
116
994
915
417
671
665
626
473
609
62
792
211
790
243
196
171
49
128
164
201
403
226
476
328
802
427
821
776
948
589
941
483
894
519
38
405
941
786
62
556
400
422
907
351
912
197
705
67
926
113
329
280
559
401
279
91
814
702
840
373
182
532
374
832
858
245
666
465
756
495
917
705
470
614
171
133
688
180
940
22
990
28
928
587
93
270
759
114
467
932
874
965
208
843
705
97
700
14
202
922
886
317
875
459
295
498
36
17
129
916
860
551
871
444
806
100
418
69
799
768
740
441
143
374
749
158
834
723
64
167
586
469
290
79
555
94
702
760
266
664
391
889
635
170
387
175
878
433
329
266
548
954
159
112
836
715
954
991
285
561
450
36
695
956
193
793
442
695
473
314
282
468
863
528
622
940
648
159
356
476
166
330
538
123
814
342
499
176
474
948
181
736
598
104
539
189
961
343
604
10
882
373
862
146
996
596
160
305
592
537
724
667
774
88
509
0
415
727
282
737
457
808
854
732
544
377
484
818
838
341
420
954
367
341
628
287
907
785
790
220
64
936
714
208
84
0
392
397
252
327
580
898
316
504
710
256
972
817
724
817
706
608
751
844
946
14
7
933
663
940
876
634
148
354
218
249
852
79
816
132
250
202
477
111
238
382
71
200
237
701
561
236
324
651
704
755
416
259
851
450
692
0
773
494
384
137
665
680
963
959
64
52
749
99
353
811
940
600
174
801
929
112
398
785
325
475
125
948
949
762
948
880
527
113
518
221
840
618
513
707
476
734
261
383
793
655
172
100
625
154
958
119
562
984
240
563
707
203
640
138
165
245
199
405
75
171
115
946
416
737
624
741
412
232
787
250
914
338
107
78
905
390
596
253
349
463
97
205
730
455
949
186
556
536
318
123
765
683
63
458
708
242
561
305
518
295
549
640
884
72
616
827
153
106
116
935
510
882
358
781
236
411
785
207
86
393
95
584
32
436
583
896
455
656
136
85
15
681
320
61
443
676
441
112
644
233
113
802
9
53
716
798
568
867
536
526
790
754
413
751
625
962
95
873
31
768
57
756
194
842
928
598
347
268
529
553
951
408
24
394
130
347
646
779
663
332
358
107
202
945
700
11
434
962
338
993
846
166
225
425
939
324
624
175
559
714
228
682
477
665
260
650
717
682
264
322
871
57
302
529
884
119
976
218
74
655
789
723
818
718
18
914
879
61
197
51
301
530
230
127
963
890
75
151
830
820
158
294
708
927
821
740
330
659
85
879
514
685
28
739
861
508
826
234
385
440
611
639
479
114
612
564
764
222
935
780
841
230
524
515
745
464
694
409
614
104
120
29
9
936
218
734
260
363
788
261
557
281
333
198
554
652
440
558
452
274
164
486
2
315
463
5
82
346
390
52
229
329
28
442
56
325
188
48
731
304
260
495
776
821
472
37
618
262
608
111
856
769
912
536
564
793
578
400
428
257
737
648
268
619
580
737
317
151
862
764
750
359
550
532
814
599
912
520
259
858
695
868
755
359
733
503
500
554
848
952
650
319
323
793
373
34
950
366
147
538
515
815
945
764
783
272
162
299
16
409
289
68
873
322
609
496
631
871
351
267
287
513
624
338
79
988
157
321
109
797
615
842
568
772
512
938
161
319
512
789
853
967
664
658
858
203
71
721
235
74
95
760
90
455
867
261
129
869
623
718
542
737
140
924
736
183
159
974
290
933
748
818
467
548
324
158
422
700
864
189
133
687
673
605
350
870
982
452
711
111
817
51
963
336
135
91
353
950
145
772
77
174
851
317
429
900
297
197
362
210
521
840
473
752
121
669
429
354
950
188
931
631
422
677
226
997
931
539
468
946
372
168
342
246
721
250
624
204
650
851
745
95
541
990
482
377
947
333
901
423
302
960
138
864
233
72
61
244
692
721
240
578
618
582
417
33
337
718
831
512
597
692
302
505
521
972
365
239
699
561
272
161
67
652
719
47
640
255
658
777
95
784
95
391
313
193
746
427
303
476
544
395
796
579
823
26
888
141
413
582
437
341
148
908
488
525
327
759
269
576
652
760
47
644
774
216
155
934
773
904
191
784
4
881
517
541
799
104
718
990
271
481
973
37
532
420
569
477
126
469
350
565
319
949
584
498
912
63
733
65
647
61
102
782
114
192
882
230
483
758
400
921
639
901
14
52
748
422
931
11
407
973
477
859
0
981
639
60
443
792
291
974
339
412
616
363
684
929
736
2
973
247
785
836
185
365
854
111
561
684
953
520
751
738
151
949
777
698
152
208
184
952
25
800
693
970
888
178
319
610
299
445
939
97
246
970
376
534
239
794
613
91
287
993
682
424
184
241
872
737
885
570
662
378
939
636
593
252
970
831
351
703
383
770
15
359
290
544
225
579
974
40
718
696
378
635
571
956
4
881
864
982
461
460
55
971
988
846
947
724
923
799
935
707
936
302
319
996
361
592
63
113
648
615
815
885
982
242
855
954
887
66
405
573
625
604
24
583
674
370
255
967
558
13
611
691
74
477
454
398
552
512
415
435
959
833
372
303
989
208
386
885
844
656
819
139
687
237
780
321
272
148
882
866
863
453
673
459
328
811
337
768
458
716
421
518
656
955
513
699
974
291
983
465
977
910
358
690
3
956
808
22
161
767
559
991
283
827
811
341
864
99
50
238
692
998
188
661
15
137
994
355
370
590
995
187
240
706
179
927
863
116
816
193
963
640
113
4
157
316
646
624
949
642
983
915
425
964
698
885
264
694
739
693
271
397
58
39
679
646
564
207
794
681
55
70
136
755
911
75
962
979
645
958
410
276
826
949
421
513
448
697
566
688
689
83
393
861
287
0
72
175
447
492
245
863
282
851
909
548
866
570
229
836
37
451
404
797
729
879
973
34
901
246
247
705
799
611
874
457
543
843
528
472
359
931
350
914
197
217
134
407
639
563
507
835
650
932
39
305
847
653
508
953
899
904
965
374
113
695
385
797
126
947
124
703
272
345
129
63
116
975
487
999
938
676
351
549
744
125
384
995
48
635
567
108
110
714
334
18
579
829
223
21
135
773
374
158
742
688
104
897
362
750
116
713
352
463
301
293
178
169
793
520
720
277
41
767
580
144
116
803
177
64
914
342
263
292
587
882
774
502
154
245
59
861
985
849
996
402
594
328
220
532
679
36
84
319
782
300
351
647
461
555
719
611
558
579
9
541
975
7
746
318
392
557
181
61
962
810
42
672
969
128
580
195
77
523
903
877
123
145
667
763
955
191
90
548
725
864
866
75
125
512
656
883
888
327
402
533
602
530
654
476
638
259
244
594
121
256
700
947
171
889
670
551
235
115
157
630
246
970
278
787
291
459
771
587
486
119
510
327
271
579
212
628
222
388
840
356
718
33
25
334
315
537
890
992
545
162
235
564
402
747
441
89
500
530
711
976
549
575
327
527
67
938
593
443
141
16
342
854
967
360
977
568
94
235
131
585
665
634
818
692
615
434
598
48
499
290
424
552
185
805
471
634
388
99
975
477
861
458
48
563
194
937
377
790
392
901
503
807
735
757
150
473
481
768
586
596
862
439
698
766
983
572
586
420
348
753
876
110
420
22
970
632
713
810
787
860
350
658
832
173
94
0
881
439
755
387
744
634
455
740
626
997
970
625
637
784
968
74
947
377
686
496
794
88
217
325
349
62
428
343
530
104
76
55
760
786
881
270
149
318
259
118
434
923
694
294
676
546
148
968
240
540
654
236
122
144
303
784
409
705
948
711
954
43
755
429
400
950
576
461
269
483
182
129
384
379
232
953
611
943
940
56
111
602
376
511
118
307
93
412
149
775
612
654
508
787
9
7
244
767
899
308
700
493
996
433
735
857
300
613
629
651
556
621
476
87
33
797
732
182
472
32
580
309
208
584
20
363
232
513
744
209
734
104
29
506
625
218
19
385
548
31
383
217
136
45
300
79
228
624
550
724
468
343
722
536
163
66
605
416
957
295
496
816
110
708
909
931
313
751
88
671
894
898
69
374
844
154
602
150
134
734
56
298
428
308
100
954
945
615
468
550
541
421
640
592
222
981
71
966
496
645
115
999
974
834
322
589
427
1
234
144
562
778
55
20
814
292
932
785
135
211
245
120
338
982
756
5
947
29
200
191
681
544
422
501
575
931
771
483
403
670
527
737
660
384
607
365
21
811
536
647
864
106
915
986
361
63
137
803
112
562
748
361
554
820
567
589
605
42
475
907
646
804
768
22
577
717
668
361
468
797
363
314
281
809
51
769
422
84
202
174
314
391
606
977
846
269
545
299
277
154
951
538
425
761
182
49
524
931
353
341
593
789
361
340
509
67
432
953
644
529
883
186
972
1
315
859
744
126
8
203
642
31
675
299
433
295
758
159
994
169
907
629
526
328
622
179
448
509
535
661
929
866
856
51
394
379
943
329
53
548
848
233
529
941
355
891
200
3
821
860
766
696
830
196
680
402
942
57
127
153
572
818
728
666
501
542
433
81
629
762
481
635
142
73
829
73
314
93
627
816
246
12
380
110
877
199
3
503
373
44
725
877
275
275
68
582
950
469
796
983
434
840
920
231
164
407
706
22
309
526
78
844
325
932
569
94
165
961
43
498
392
639
206
284
767
844
650
746
104
909
487
82
514
775
318
547
824
439
989
448
327
298
757
969
30
22
209
68
329
287
316
777
410
381
791
587
181
779
839
434
309
307
775
629
472
484
79
692
644
29
73
396
581
292
891
332
221
271
302
212
366
772
426
6
87
396
460
356
176
913
909
577
139
561
176
556
689
587
167
430
334
230
938
117
147
104
494
737
790
572
822
859
416
965
321
182
859
119
56
525
685
557
713
652
589
644
612
347
65
903
330
717
498
308
453
463
429
859
41
883
974
663
653
836
171
989
877
292
746
978
479
442
968
745
895
879
23
905
354
255
259
716
732
77
634
708
902
62
158
137
319
416
136
382
558
364
634
33
801
790
488
480
773
749
300
241
59
926
838
362
11
331
364
703
704
681
987
850
392
415
218
429
846
370
719
107
493
901
153
932
923
214
314
551
303
916
750
146
713
684
924
61
669
139
464
516
204
918
458
979
247
845
415
836
504
158
433
347
591
845
510
803
93
33
978
514
713
530
570
63
941
255
855
284
244
172
346
678
794
256
346
329
815
300
599
865
402
176
786
875
951
344
459
66
476
115
30
141
198
540
155
117
610
537
809
533
394
833
103
546
223
707
695
162
726
953
743
825
600
483
908
406
585
200
909
740
805
640
161
588
98
724
511
824
422
551
576
898
430
942
107
227
991
66
653
56
557
887
650
335
406
756
548
775
690
731
31
205
426
995
79
339
393
760
559
923
563
605
55
609
225
47
1
806
750
218
8
721
738
290
221
472
544
240
831
604
957
340
6
586
504
481
709
854
40
52
738
954
839
78
18
268
209
17
774
342
344
271
220
471
544
790
228
159
242
872
832
327
511
583
814
879
67
982
725
817
43
914
194
258
828
519
430
617
994
975
901
120
145
645
94
112
692
352
50
841
432
403
443
86
403
489
658
71
966
278
901
976
125
232
619
311
983
468
77
339
438
573
924
615
269
640
889
246
497
683
348
273
981
267
236
908
806
533
919
766
575
732
304
807
786
761
931
316
404
961
765
38
292
776
628
712
328
771
368
287
387
539
622
668
335
102
23
637
987
871
257
154
393
269
193
954
903
850
692
822
847
634
353
613
445
643
724
399
229
67
49
598
351
133
539
365
536
726
361
748
926
820
243
180
503
669
127
197
527
805
978
16
116
210
821
398
711
850
286
7
218
300
864
222
368
564
208
81
254
591
692
839
548
238
978
667
479
208
755
141
654
552
338
399
279
422
773
396
142
321
119
228
329
418
7
213
371
284
864
756
243
983
662
961
224
219
458
976
187
266
242
484
473
654
488
190
492
74
429
99
589
557
650
323
72
504
275
894
723
121
857
921
516
512
546
558
263
735
54
330
105
742
561
479
411
444
920
114
606
242
890
535
216
113
797
864
761
868
233
444
45
984
397
653
189
311
500
250
244
124
859
618
67
105
866
338
201
869
725
862
75
209
886
540
716
553
249
966
913
376
740
221
203
884
200
171
498
632
336
457
819
600
549
271
286
583
755
698
486
925
36
935
117
245
31
486
364
314
253
945
572
977
200
4
836
529
360
967
271
495
170
519
177
942
183
155
510
284
79
737
407
496
145
328
834
464
624
417
20
38
875
631
174
690
113
37
258
347
582
750
200
631
135
64
209
211
806
106
335
532
923
836
783
387
127
374
452
774
773
641
545
420
936
393
347
857
107
276
441
23
185
396
344
237
722
816
991
297
574
865
364
354
969
704
794
689
795
781
240
429
667
26
342
621
135
77
710
504
514
445
677
352
691
588
141
317
134
411
432
198
458
451
931
947
974
391
93
934
208
48
370
431
212
864
560
391
77
999
445
956
595
356
771
539
481
3
402
779
921
245
360
662
519
357
607
955
799
967
115
174
220
507
150
666
534
87
994
333
494
658
323
577
785
557
750
994
159
772
762
291
487
274
58
75
881
715
867
5
839
186
824
14
408
203
856
640
667
939
425
939
717
3
803
514
944
724
683
763
504
772
362
368
194
958
906
27
163
688
717
63
146
822
417
993
627
988
820
725
577
112
416
133
407
166
539
692
852
789
85
377
665
206
495
983
279
749
101
529
842
785
295
459
932
285
290
204
767
457
821
887
427
986
307
208
768
101
349
227
17
460
841
577
357
831
667
700
707
780
662
658
601
745
854
318
481
613
373
89
81
622
553
144
5
926
799
639
723
239
606
371
11
773
234
53
121
531
987
443
609
445
465
520
77
404
182
252
670
337
145
718
948
793
978
821
220
86
543
294
989
902
34
64
119
148
916
171
289
421
483
271
541
373
139
49
18
432
60
392
77
828
943
222
30
355
894
346
338
983
975
746
698
630
565
253
231
69
748
895
897
657
703
902
267
752
647
641
60
278
497
104
708
420
909
374
568
771
663
963
597
461
100
454
805
812
723
456
985
861
573
563
716
532
290
290
951
747
18
394
566
525
548
382
470
52
231
144
729
170
450
163
664
829
866
54
275
140
304
43
144
902
276
709
174
866
618
791
341
808
295
906
861
622
488
415
687
751
527
162
787
55
404
975
767
337
604
983
992
265
640
698
56
237
956
776
749
574
506
203
954
837
634
420
916
440
89
110
243
179
324
632
3
243
559
563
918
943
542
795
927
111
102
955
174
510
89
585
3
460
293
24
489
884
736
533
336
797
690
265
294
115
63
556
700
797
992
499
209
297
788
64
261
76
544
616
236
350
328
939
933
369
888
140
821
650
548
735
725
561
233
698
669
603
622
780
675
319
986
587
612
317
147
138
702
489
680
598
520
247
708
90
774
97
448
889
652
580
123
440
759
385
680
790
835
95
197
443
812
989
43
6
36
205
295
771
645
956
652
433
100
606
906
586
3
943
47
851
490
860
152
379
305
184
53
281
203
899
206
270
674
276
70
361
644
479
138
105
295
785
46
245
238
456
253
31
208
856
858
560
753
40
432
725
583
539
906
118
411
571
224
255
10
23
246
104
376
501
243
735
32
939
227
206
721
31
913
582
152
511
613
738
934
531
118
457
911
966
956
163
415
779
692
780
528
387
241
159
196
189
731
130
571
607
183
831
218
505
595
538
600
97
812
766
398
616
22
579
19
52
23
810
729
887
544
897
695
220
633
865
964
649
608
324
485
64
86
981
811
104
534
600
556
329
979
968
292
589
181
455
592
393
599
304
894
771
16
80
292
61
691
883
964
751
910
963
809
267
20
404
82
322
127
642
335
468
718
476
636
557
574
882
97
466
496
673
451
467
783
879
43
803
116
657
945
794
920
139
13
36
661
759
665
161
257
566
870
565
944
565
818
915
709
759
299
763
117
0
419
235
817
729
223
273
374
951
702
126
810
758
402
725
236
652
526
715
496
480
253
121
791
32
786
253
119
650
770
567
404
730
474
807
98
131
13
363
822
241
694
790
160
362
895
325
31
957
132
59
889
322
583
916
277
465
537
454
16
791
617
123
920
251
684
459
808
527
289
79
840
362
503
360
495
634
222
262
520
527
863
788
904
458
689
249
248
76
185
50
98
507
973
426
980
807
701
915
132
955
974
14
567
887
149
743
939
435
740
708
461
357
28
100
431
835
279
356
538
76
264
68
44
889
346
425
149
154
937
20
220
690
609
927
769
348
826
287
111
455
548
764
440
189
533
918
900
226
372
530
0
151
729
666
975
957
83
715
480
375
661
888
139
369
590
563
17
541
43
452
567
228
636
194
902
401
40
230
619
33
221
583
814
751
896
127
969
196
997
941
247
907
892
292
406
995
32
993
226
917
765
130
944
461
557
169
524
862
711
807
863
718
286
790
136
449
793
479
709
625
804
578
895
962
994
764
872
236
732
603
514
466
123
829
701
839
974
734
412
904
208
375
620
252
738
940
18
688
440
590
952
544
667
943
180
272
475
933
702
608
622
77
179
734
729
617
402
573
777
868
11
11
703
993
79
248
686
268
88
594
954
824
901
406
263
416
762
824
187
577
74
428
377
508
234
934
203
818
4
347
483
327
476
930
358
817
347
541
685
386
853
417
946
769
505
821
299
296
997
808
30
622
611
467
946
595
59
485
949
820
142
845
47
29
461
906
426
259
284
375
789
156
879
154
435
397
791
235
557
579
584
178
761
846
946
729
396
351
139
345
555
339
557
80
522
855
609
575
456
819
87
578
7
195
529
929
947
128
587
140
327
958
417
803
838
718
494
578
684
412
923
236
386
443
276
599
856
124
275
333
522
77
576
283
74
990
878
65
6
382
578
10
781
389
522
398
955
283
408
227
686
317
242
91
149
32
640
846
700
357
497
71
462
5
585
157
968
742
251
632
222
332
743
619
276
699
617
985
731
127
222
279
150
415
131
913
952
430
28
401
419
129
181
35
831
143
473
660
38
362
868
856
192
140
191
530
752
948
696
78
498
928
499
747
319
605
802
148
799
25
780
21
233
450
365
395
274
927
849
276
591
140
822
366
521
867
261
379
717
829
996
978
900
777
396
9
422
355
330
6
54
134
413
317
138
284
875
892
913
49
7
658
321
136
571
302
60
693
782
355
158
634
938
401
230
973
60
303
718
558
705
172
49
503
546
14
89
372
60
249
689
265
110
801
13
443
896
827
333
159
244
853
152
94
380
190
338
362
768
40
988
658
369
354
181
393
15
770
666
301
36
248
295
588
19
245
338
392
240
122
952
243
78
461
454
846
679
671
526
371
955
825
764
98
184
860
980
296
881
471
523
468
591
739
182
164
49
731
506
460
457
351
849
534
597
8
437
173
127
502
709
3
689
188
354
435
640
725
324
937
900
320
86
357
201
799
282
246
901
342
882
763
478
110
332
997
295
569
545
912
175
160
155
184
687
23
553
432
30
218
24
742
723
218
751
931
221
880
743
310
282
274
949
840
554
683
606
994
568
20
502
746
933
456
372
757
712
846
262
174
630
191
500
229
562
592
443
882
785
857
673
97
532
755
632
144
427
705
818
338
19
493
799
312
572
572
285
374
633
939
436
441
780
808
652
632
341
46
958
696
351
560
773
801
816
406
975
294
947
709
571
58
260
433
585
229
935
294
432
151
805
740
776
819
684
473
885
396
905
280
212
270
893
63
693
355
201
622
525
614
928
947
431
836
288
779
607
814
299
11
755
267
648
748
382
139
810
485
202
190
362
66
88
306
381
59
103
44
660
415
376
270
20
575
610
470
2
7
134
607
685
615
585
872
831
736
569
691
489
841
158
201
186
257
543
248
924
823
534
206
956
686
497
679
892
580
166
698
302
930
578
523
911
861
206
225
69
370
710
127
343
113
255
368
168
384
141
691
7
889
766
687
398
822
959
295
900
128
96
758
977
942
278
342
966
827
934
74
943
304
641
740
550
233
872
545
349
52
309
704
392
795
163
73
700
859
916
250
112
421
117
197
631
625
159
541
414
691
637
991
736
454
629
470
372
188
829
942
631
624
28
850
780
194
434
162
733
617
188
828
252
560
152
170
826
311
81
92
59
98
72
996
532
614
727
888
499
383
675
213
850
184
182
238
55
498
45
380
130
917
613
823
979
44
757
299
496
722
120
438
465
955
657
13
336
862
979
727
136
318
228
169
569
368
694
808
60
415
770
733
425
602
977
418
867
439
896
707
453
456
951
736
620
516
70
38
152
529
492
918
559
469
686
557
520
4
385
514
321
84
124
647
302
700
140
879
415
275
709
917
164
237
642
437
47
375
162
844
790
132
351
65
572
136
220
167
531
921
202
475
753
454
991
456
