612
528
109
495
555
82
773
156
772
946
67
497
556
133
965
597
210
109
817
351
990
981
357
160
377
498
778
525
928
829
50
688
866
913
106
682
665
501
59
479
221
879
667
29
547
534
536
338
333
770
740
362
684
122
260
402
632
377
467
788
864
166
892
47
964
718
229
178
919
624
70
85
171
709
912
955
589
482
634
664
887
76
903
27
476
607
764
601
14
419
333
334
443
939
407
816
190
715
632
506
954
237
179
993
313
592
775
831
491
143
583
633
98
297
60
855
834
489
191
328
190
28
419
616
382
619
190
967
956
28
448
982
509
497
93
649
429
69
765
484
531
502
698
707
956
868
497
586
459
52
25
13
510
689
833
741
907
88
230
120
770
430
850
323
572
504
448
391
369
934
540
718
704
46
48
104
199
537
504
190
282
676
551
618
792
316
331
41
305
406
675
159
763
779
48
261
44
141
785
512
298
1
161
249
254
417
220
381
359
732
711
33
307
508
420
892
400
707
389
473
49
195
984
639
180
489
816
231
264
933
108
849
756
569
721
866
634
99
427
470
746
401
304
887
523
192
733
752
236
793
554
112
121
113
401
910
537
371
757
349
708
500
52
68
498
746
478
285
271
498
152
751
178
317
161
811
300
110
750
992
526
994
824
187
612
837
627
894
334
381
394
939
900
861
598
790
641
56
270
709
713
328
840
236
836
906
237
649
460
840
170
153
835
379
130
21
454
778
346
477
382
227
901
350
437
933
613
643
581
896
67
790
860
650
534
969
692
606
255
278
527
675
989
695
519
270
540
178
91
597
601
493
854
578
808
786
578
687
350
671
442
812
627
405
885
83
743
410
998
980
493
709
351
594
37
326
990
369
347
151
440
458
844
731
130
300
9
666
7
689
845
510
780
98
416
69
519
792
718
923
877
416
634
579
522
866
971
601
483
503
457
839
976
316
16
539
70
671
867
706
457
461
197
323
702
93
40
522
214
117
496
839
918
591
577
154
548
943
557
126
748
60
491
167
0
880
297
89
846
542
898
63
443
175
642
564
933
913
54
953
966
269
280
500
53
99
464
657
823
924
975
208
363
348
237
546
10
674
706
953
325
365
41
772
625
356
393
619
661
834
813
685
588
621
899
996
14
378
226
986
617
542
236
538
445
875
587
477
388
181
968
279
536
176
854
85
279
424
549
566
34
396
475
619
363
464
125
708
852
918
411
649
949
841
937
721
333
373
57
995
74
854
54
279
683
491
756
695
578
199
147
639
255
220
563
374
560
68
233
784
797
773
719
378
23
136
929
602
201
223
268
904
534
384
921
964
74
699
383
781
149
540
799
699
866
484
745
835
437
387
683
764
635
578
570
18
76
320
513
383
107
787
118
857
454
657
164
364
416
882
403
780
444
651
412
102
325
234
992
452
112
129
25
908
507
345
272
565
607
741
308
421
976
447
332
921
821
203
52
113
27
30
28
511
572
170
855
877
77
937
782
304
341
995
620
444
392
423
797
421
436
186
351
640
851
782
475
996
847
690
405
936
997
914
102
306
343
619
347
473
677
109
918
496
382
341
970
448
656
686
877
217
495
332
54
676
946
509
501
903
657
211
386
558
571
578
885
682
956
243
388
825
995
363
732
683
841
427
375
180
637
492
524
426
629
54
148
645
559
326
79
245
678
10
327
333
944
738
541
11
548
613
584
864
121
757
628
34
361
496
6
403
188
452
166
206
409
502
197
990
735
406
446
779
618
11
41
242
330
327
