494
305
276
317
597
89
563
465
593
53
589
878
963
118
123
216
898
307
563
164
478
981
533
754
807
729
901
141
84
954
435
883
407
105
839
772
469
762
991
225
612
292
995
914
445
476
415
555
80
998
799
396
207
26
202
948
923
215
469
225
354
727
832
23
834
622
790
843
352
759
830
698
1
901
134
138
394
252
159
197
74
738
443
38
796
965
619
2
723
737
277
356
95
62
787
292
748
220
879
293
177
244
106
705
174
53
884
308
334
480
333
922
12
456
674
542
106
241
804
344
965
268
274
297
940
92
222
358
31
584
517
287
157
149
672
51
965
143
656
186
446
501
614
502
34
398
496
215
501
427
936
570
724
683
303
605
368
845
790
545
569
797
725
597
471
750
404
235
220
216
718
177
766
199
542
374
960
88
826
910
400
448
228
68
523
122
816
556
180
533
327
474
900
536
985
290
84
819
978
861
214
3
755
828
673
857
369
692
554
433
923
159
744
402
652
379
512
822
161
913
679
903
901
940
198
476
655
539
719
695
117
749
94
477
394
904
291
345
706
854
148
845
711
989
712
294
276
41
102
722
270
121
707
945
347
338
402
885
2
780
909
472
474
983
586
385
159
865
66
674
223
511
155
921
570
245
836
880
32
124
768
787
796
55
716
822
806
922
859
432
151
528
962
856
333
608
173
747
78
690
63
943
658
643
49
80
369
995
890
308
275
535
260
860
366
720
615
161
154
896
111
753
881
252
593
501
834
834
195
408
28
152
400
790
184
422
187
398
543
34
107
174
962
366
149
937
49
504
968
760
563
214
193
602
404
899
366
841
428
267
72
787
844
967
281
441
732
357
389
120
136
831
78
889
953
430
15
919
751
267
106
341
236
409
252
233
460
427
726
33
153
750
495
377
987
170
141
813
668
650
707
825
945
566
428
835
60
417
270
314
366
396
1
901
347
654
94
466
798
742
965
473
835
455
934
397
43
414
665
271
426
843
18
278
436
258
532
159
518
197
94
996
442
344
866
940
906
536
50
408
397
296
542
413
119
146
976
11
362
503
129
425
203
243
740
522
608
752
247
488
669
197
883
459
61
890
473
926
709
443
468
799
5
391
581
737
424
75
817
872
355
16
24
136
554
710
734
418
374
971
980
531
947
573
401
763
605
15
241
815
770
11
768
780
659
364
184
313
20
591
997
535
691
878
194
184
453
696
973
16
548
145
293
573
548
1
92
735
957
667
231
987
563
404
594
42
49
78
504
801
973
913
40
837
748
437
956
452
790
285
35
435
348
299
966
928
238
717
800
411
889
785
494
886
302
787
702
165
45
463
243
444
792
548
710
677
372
176
729
362
802
434
494
156
741
616
780
353
643
181
593
836
358
462
147
244
261
570
648
818
59
956
773
376
665
302
507
763
943
604
654
405
589
26
360
946
472
162
627
524
585
174
459
397
679
822
41
544
244
839
748
957
157
817
801
847
147
330
316
580
463
996
127
576
851
608
367
726
883
486
646
893
650
739
530
874
336
981
157
72
49
509
894
128
265
569
436
863
268
309
883
331
602
909
911
617
959
58
69
886
9
535
209
247
746
687
458
560
598
614
946
902
414
240
50
186
386
441
138
962
150
313
565
93
43
491
467
386
822
164
840
85
454
435
817
480
255
473
799
667
411
421
453
479
976
380
140
44
989
52
661
589
278
684
86
773
975
26
262
624
212
656
514
840
319
291
82
299
99
98
254
637
294
200
977
431
411
789
616
556
821
623
4
612
815
657
138
743
592
109
244
863
589
643
393
18
599
158
383
75
531
807
25
692
664
401
459
731
171
792
642
726
646
430
169
835
919
812
182
56
204
225
762
187
149
250
840
408
418
134
373
766
131
629
813
852
710
652
927
277
763
208
678
444
300
909
456
198
512
401
324
851
887
193
772
256
903
544
882
141
308
400
335
22
55
766
502
264
405
63
496
937
328
736
792
52
20
583
814
489
351
436
865
405
795
19
957
122
96
544
877
949
154
911
98
24
18
312
961
124
105
596
842
717
110
534
781
346
792
936
655
687
792
713
274
793
734
608
138
789
244
648
300
925
943
432
857
912
417
214
296
253
948
175
226
564
761
917
551
297
39
534
198
950
959
541
473
11
507
303
535
789
215
244
418
944
535
191
441
530
592
452
577
614
788
454
876
770
61
666
75
757
442
363
815
800
263
458
747
768
510
218
726
149
228
742
445
579
775
968
301
122
171
414
598
732
212
11
499
194
5
807
197
691
279
76
72
963
973
550
181
28
236
582
358
915
656
44
400
449
786
230
538
692
150
761
173
810
320
738
932
714
662
114
474
94
953
580
538
881
485
916
601
57
664
574
705
113
279
232
919
654
92
109
596
908
220
447
408
988
317
24
322
804
452
206
348
331
860
696
123
639
587
329
709
101
734
527
115
36
397
184
182
279
793
779
46
837
834
814
269
359
22
881
97
165
787
70
177
749
517
404
231
33
482
231
60
204
131
333
425
209
862
631
265
47
158
794
100
61
940
185
718
878
255
449
879
1
134
65
883
49
422
971
265
523
512
907
585
545
74
676
359
962
981
617
20
107
750
935
451
614
326
308
793
518
156
403
765
948
611
752
704
889
430
210
22
689
463
658
674
392
607
359
328
460
679
763
83
374
901
213
487
830
339
587
16
74
122
612
922
938
772
280
82
12
254
261
833
31
156
367
321
398
838
570
384
331
712
31
762
653
664
361
651
431
752
283
281
214
804
752
536
767
989
766
135
523
436
263
599
513
746
78
364
622
492
371
868
987
84
307
349
906
346
375
67
398
353
910
591
239
614
650
723
671
788
340
377
716
739
797
756
98
63
35
558
716
4
284
504
255
630
249
200
660
879
426
900
975
442
258
750
968
869
759
216
70
355
208
670
51
519
675
946
736
13
770
315
797
986
169
951
813
396
183
111
716
475
111
850
390
591
714
265
398
619
594
882
431
128
885
369
299
660
684
928
741
913
431
414
461
418
32
342
56
232
320
646
376
819
138
568
591
123
986
422
836
183
304
846
840
620
687
101
632
479
445
120
55
407
511
133
78
617
459
680
995
486
385
874
196
138
462
155
470
43
950
232
398
650
317
864
979
206
939
48
167
419
866
502
528
786
461
755
775
450
814
930
371
916
148
293
187
516
160
446
567
91
354
131
97
394
245
931
582
897
595
197
563
845
710
47
973
663
821
924
497
49
951
911
957
980
719
172
913
382
803
622
909
655
259
499
937
666
739
923
347
848
589
343
432
623
710
495
370
690
827
716
418
235
968
532
723
180
164
483
971
346
573
790
334
290
19
868
80
486
548
229
103
224
420
940
691
919
550
481
227
335
475
271
430
139
253
532
90
958
169
487
364
999
760
115
532
266
656
658
308
514
707
765
310
301
692
815
71
721
393
194
764
298
233
553
799
373
572
620
854
294
913
82
320
974
768
161
637
305
189
953
377
435
101
166
100
170
729
796
41
927
116
29
65
38
986
134
795
325
967
951
323
330
224
233
4
517
506
667
995
356
174
805
962
44
566
349
309
869
487
319
772
415
658
239
54
297
144
234
822
776
178
818
765
972
67
329
316
614
978
469
555
910
615
170
27
74
729
853
285
976
10
124
165
476
913
875
734
613
937
657
3
401
226
33
783
73
4
612
826
680
156
980
257
53
669
780
961
663
620
779
447
936
719
343
975
178
434
965
959
302
808
463
38
948
43
703
471
461
833
736
620
804
699
812
441
595
314
351
431
457
360
914
737
737
537
268
646
638
396
43
643
786
345
296
212
190
385
816
543
724
709
311
566
264
884
368
95
109
932
967
473
923
876
879
237
126
371
679
599
787
9
255
199
443
81
504
729
714
735
217
381
849
684
7
83
487
98
284
527
286
438
448
596
962
978
333
857
21
324
740
221
533
134
533
24
863
58
99
623
28
138
38
571
433
682
642
47
677
547
77
932
140
380
358
356
17
926
497
423
264
781
695
556
768
822
642
960
687
978
974
172
264
134
762
358
928
699
814
951
959
800
639
980
993
650
886
467
420
318
566
300
228
819
596
809
529
583
465
804
266
700
251
396
731
214
562
187
754
627
70
678
712
280
997
642
610
285
122
815
423
684
721
252
596
731
183
248
947
578
455
688
603
83
191
313
472
919
617
36
971
119
245
353
484
637
628
689
59
695
751
164
687
884
454
939
270
95
388
460
355
366
448
968
997
542
286
226
139
380
836
190
54
202
705
803
503
180
215
846
360
342
249
173
935
212
304
365
228
741
992
657
827
749
47
567
861
166
853
744
649
394
670
108
472
160
109
688
6
144
779
198
332
836
789
782
771
526
507
790
571
952
309
203
529
228
728
843
351
920
814
89
261
421
92
900
829
53
476
541
868
598
195
899
117
23
301
644
479
454
700
58
927
804
568
23
312
862
400
15
878
465
446
249
795
448
257
305
753
93
796
933
997
546
324
554
245
899
303
698
112
330
351
388
571
45
781
881
597
488
203
526
552
691
794
883
807
857
626
406
703
532
448
853
790
831
457
599
384
322
117
389
969
892
671
586
733
976
953
652
210
942
892
566
791
836
804
667
126
905
714
673
172
535
764
152
994
371
743
829
396
993
325
248
830
320
481
246
495
704
670
764
325
875
983
809
352
63
138
510
587
687
878
372
804
320
404
554
525
943
42
402
243
333
145
655
4
684
88
550
534
400
849
221
130
509
370
140
159
512
398
263
554
13
506
965
907
997
924
384
507
610
516
441
922
273
751
263
294
825
880
348
973
286
751
556
171
749
342
75
79
580
926
474
680
808
889
518
293
257
400
613
265
38
900
77
357
65
625
355
136
910
823
781
202
725
202
661
510
602
146
570
989
661
365
356
335
267
727
452
45
112
4
222
258
863
844
140
200
537
981
168
838
405
15
837
455
881
392
251
358
406
991
997
117
425
662
961
61
467
145
307
968
143
228
230
418
147
888
864
598
253
93
793
453
779
972
200
289
895
275
746
992
253
844
280
99
139
567
571
670
964
283
839
130
600
60
281
94
620
630
623
629
457
527
394
752
340
507
338
596
377
849
247
462
941
259
663
779
991
75
248
140
505
216
844
567
97
976
420
153
382
95
419
935
346
390
8
723
859
919
175
451
853
220
981
566
336
216
285
664
465
557
644
637
367
452
845
138
317
956
306
751
983
969
529
680
770
830
654
579
733
309
410
84
446
826
680
907
210
544
392
663
949
955
210
613
42
885
384
192
424
132
864
796
1
136
205
526
87
690
681
43
349
88
609
857
48
926
485
290
561
222
402
812
47
408
790
566
381
892
352
142
806
108
297
301
16
959
283
395
268
392
124
927
233
965
455
671
383
243
775
838
335
559
97
299
940
320
253
174
781
792
168
141
555
616
314
853
378
179
799
380
381
339
947
859
378
128
719
490
311
999
347
387
392
671
831
944
39
142
746
792
134
82
46
516
763
140
662
736
705
711
268
845
463
71
299
892
495
548
286
469
269
621
940
85
129
833
217
974
932
480
402
496
635
449
700
157
499
357
561
283
193
304
160
90
52
944
888
205
674
893
1
733
300
961
926
193
390
713
75
554
735
209
960
795
473
446
559
374
766
693
760
648
415
689
493
679
106
386
596
98
840
448
218
694
983
726
998
866
971
900
201
664
676
29
952
172
852
760
347
488
87
201
838
342
343
351
521
199
236
201
405
728
220
753
182
500
140
234
904
548
835
718
55
324
551
920
47
655
895
329
180
650
964
70
119
174
741
494
646
647
86
688
791
185
891
139
753
251
190
24
758
868
627
42
377
929
541
86
784
512
407
157
558
855
361
558
848
390
188
512
721
467
500
462
597
860
401
747
662
990
642
276
535
100
247
645
258
820
600
155
864
492
400
289
109
362
232
110
324
552
841
724
823
566
362
540
739
842
706
84
307
650
178
610
420
474
130
706
848
369
142
811
546
262
365
704
284
384
398
595
232
147
344
948
274
822
228
271
862
25
593
363
995
235
876
38
283
578
889
334
918
356
250
330
546
506
187
551
161
461
736
311
647
712
940
644
871
781
687
403
937
651
530
731
913
309
722
132
375
142
135
12
951
49
704
716
677
277
685
242
671
813
361
296
646
381
810
609
929
984
510
868
280
927
723
281
795
204
210
160
957
564
353
57
448
627
357
222
998
946
505
476
329
731
613
280
56
485
13
815
830
947
124
310
232
654
814
952
819
755
47
86
624
575
675
0
214
71
275
114
586
61
521
778
948
540
256
245
289
748
474
921
217
705
343
549
717
934
744
565
103
703
13
778
165
652
57
334
43
985
872
757
404
858
761
183
125
652
310
330
78
71
405
580
509
671
891
269
337
426
844
747
777
748
513
136
863
38
230
718
44
181
743
955
88
974
142
159
6
599
860
98
50
841
826
891
128
162
706
995
315
838
959
583
710
958
861
780
514
393
535
13
581
606
83
73
595
756
252
848
668
936
140
403
634
486
580
579
804
67
345
49
180
407
173
269
706
904
807
418
427
113
175
535
218
921
579
585
56
240
63
179
403
645
548
544
25
906
984
911
831
665
285
452
18
528
433
432
753
151
66
143
5
571
467
207
806
939
752
776
92
23
690
207
687
104
391
492
75
794
729
468
339
566
9
929
944
213
784
52
159
991
754
685
149
377
863
401
279
245
551
979
90
980
786
477
819
398
97
5
133
481
828
637
645
344
17
538
3
755
438
270
215
68
411
953
54
978
503
842
64
990
637
772
590
107
810
564
949
250
166
150
434
83
293
439
313
57
433
845
134
972
46
162
567
546
273
248
68
743
598
158
668
312
68
560
637
744
103
174
304
402
691
371
54
469
263
77
411
213
941
356
670
390
629
627
346
516
561
332
300
566
400
832
240
64
586
460
827
216
133
583
327
856
210
320
399
170
335
172
79
466
394
316
846
333
998
894
123
119
829
482
929
250
299
45
241
866
826
562
786
670
783
596
672
105
841
576
430
710
521
831
401
442
674
362
546
75
431
262
575
87
507
631
624
47
737
448
385
58
704
976
296
870
283
768
461
209
979
377
737
101
1
587
700
74
827
825
359
270
186
96
203
184
510
949
12
938
487
350
813
508
681
776
673
596
818
328
99
628
332
750
563
236
786
820
214
950
32
956
160
833
979
887
873
405
210
418
961
165
520
314
473
427
23
976
832
533
979
728
294
853
288
787
689
38
304
565
353
922
253
505
530
105
415
160
478
555
187
480
748
167
641
393
321
60
416
979
985
988
752
875
50
369
851
732
502
847
193
290
51
33
678
690
416
8
738
262
190
174
926
909
200
233
422
254
849
363
623
292
313
582
237
477
507
188
505
317
566
580
471
520
174
297
592
757
854
596
416
350
405
362
293
123
82
905
546
294
781
795
440
265
899
173
160
827
877
122
463
394
918
768
222
667
247
604
925
165
233
1
156
91
174
787
262
832
581
466
810
108
224
586
591
893
11
111
75
585
340
334
136
575
673
63
604
358
74
671
651
709
796
193
827
674
271
756
988
294
261
280
474
485
920
34
728
947
462
255
339
58
683
277
880
521
956
933
763
790
371
581
853
819
564
378
216
886
203
954
739
979
303
991
621
165
479
232
671
473
16
842
995
299
792
555
75
290
786
231
383
462
414
955
231
354
324
135
217
92
453
1
167
306
23
44
520
7
371
656
753
10
356
715
664
711
749
524
533
415
695
416
790
235
175
14
341
62
801
789
975
392
971
85
964
486
159
178
455
743
950
989
993
426
270
638
110
107
624
764
75
372
192
540
25
528
642
24
323
539
597
286
769
861
287
305
159
693
557
598
741
434
829
765
491
237
42
143
456
810
571
990
487
957
769
648
903
786
218
589
606
717
559
896
417
679
942
443
18
378
317
706
919
100
404
50
243
775
61
642
507
857
27
951
471
191
292
710
154
788
253
27
744
224
848
766
956
211
908
437
203
217
874
924
480
408
663
25
229
196
763
780
811
891
108
947
742
572
999
317
127
171
53
228
759
495
670
413
37
341
765
756
861
909
368
16
718
946
394
717
221
800
182
569
547
677
506
278
880
881
222
614
826
850
440
205
974
0
189
552
457
224
893
843
268
308
532
496
626
791
545
796
104
375
861
723
104
731
945
540
97
627
604
767
678
6
616
882
577
214
440
267
764
705
360
440
188
289
105
962
651
771
463
296
192
205
57
768
645
976
21
32
341
908
573
482
576
859
282
622
740
821
555
634
770
35
866
869
58
8
587
385
355
209
346
110
379
158
192
579
424
40
418
663
857
818
838
718
531
468
234
839
828
90
163
514
662
963
343
87
312
253
575
737
935
830
325
466
908
30
318
640
859
240
43
77
247
959
490
788
789
213
628
447
795
695
859
502
724
476
426
866
60
532
153
935
435
789
243
871
807
433
37
148
66
836
950
813
701
393
134
490
72
707
900
51
863
425
151
162
138
859
641
569
545
849
739
702
82
403
593
643
897
827
348
121
730
455
525
453
606
514
324
275
696
442
646
623
83
996
588
362
146
163
934
585
27
624
755
106
569
228
27
600
380
688
628
366
143
901
6
143
270
712
979
195
186
645
101
318
475
436
134
427
713
937
502
590
846
597
461
423
339
906
86
587
494
748
851
732
757
779
779
0
497
29
797
199
978
153
639
270
819
525
247
208
490
960
149
708
87
116
132
618
285
652
92
623
626
796
293
49
439
685
897
892
620
591
710
842
628
617
566
737
311
876
806
326
810
757
232
319
200
42
820
742
395
620
378
234
67
306
165
832
58
790
324
318
217
921
530
648
347
785
128
828
356
699
76
215
213
596
249
114
807
345
818
120
513
566
619
886
128
635
399
717
361
531
912
804
110
206
382
701
395
231
271
762
909
159
943
49
590
320
668
227
919
142
41
634
346
623
37
776
874
636
295
788
73
335
593
680
390
980
38
14
210
980
376
929
677
893
666
871
402
837
343
884
243
533
302
210
882
835
987
20
590
703
27
514
510
807
355
143
909
38
332
238
922
303
415
75
930
279
298
494
325
456
101
729
250
2
36
395
871
109
544
430
753
969
412
170
948
654
545
460
511
480
431
617
784
153
56
181
328
586
506
313
914
749
210
152
605
442
847
378
539
97
834
217
293
503
440
97
158
665
89
285
241
413
520
948
223
129
143
875
729
403
775
996
406
23
977
907
265
975
692
681
83
84
755
170
864
835
410
977
753
595
901
172
421
411
525
762
988
801
304
48
602
348
68
923
125
43
744
527
995
166
174
254
858
42
697
293
981
147
231
192
992
881
403
854
769
277
322
759
907
597
751
977
704
667
93
202
434
228
177
376
830
324
946
869
821
158
406
494
800
1
930
362
808
23
637
831
24
879
434
999
271
194
800
219
894
858
991
494
946
47
569
714
142
75
107
616
488
533
439
624
790
755
967
257
477
552
136
546
22
797
993
807
613
748
934
415
687
543
605
818
216
591
716
776
71
505
709
29
678
178
880
921
905
795
283
147
322
856
40
349
639
347
899
138
737
454
999
660
298
253
772
651
458
937
502
976
669
320
373
927
244
58
117
387
255
287
514
563
12
404
665
330
951
477
285
252
86
836
469
229
240
455
727
708
625
744
491
172
820
302
246
595
174
80
706
282
859
42
462
205
535
600
975
542
843
911
251
442
553
771
149
109
246
27
642
185
340
585
391
65
57
301
77
811
271
497
290
20
121
767
149
270
470
671
854
205
125
477
496
231
438
183
932
129
745
84
930
870
365
623
638
306
615
227
37
621
492
705
499
700
821
332
187
505
535
614
522
586
347
75
264
519
88
419
940
301
883
613
26
7
329
263
516
917
625
762
139
12
465
226
656
941
579
940
715
746
235
224
214
522
816
197
144
902
100
468
906
468
586
340
943
201
60
92
676
940
605
888
682
981
297
931
820
988
191
547
385
478
281
1
656
905
664
199
699
233
550
389
634
636
577
756
540
607
641
963
140
460
727
320
478
451
809
414
884
884
142
724
18
223
915
919
34
923
479
182
901
115
265
939
231
487
772
609
678
814
253
608
286
928
737
565
235
338
293
503
53
923
579
765
417
723
245
875
122
804
866
804
339
528
2
465
655
290
416
151
383
824
379
982
736
22
256
789
871
358
568
115
433
683
410
289
987
774
853
964
362
775
795
526
96
741
309
940
685
288
231
194
550
915
152
313
516
920
481
347
235
332
399
398
141
417
383
36
323
258
501
68
639
121
312
376
889
460
477
263
844
591
839
165
52
243
248
63
119
483
615
131
829
751
206
875
501
897
470
330
253
549
961
31
309
46
436
199
817
460
351
703
346
729
667
734
231
546
974
289
549
427
894
233
504
915
600
527
181
255
291
335
742
450
646
754
784
802
939
317
597
198
463
311
217
771
478
192
667
382
136
749
498
340
98
713
225
445
402
757
425
414
139
375
649
342
464
800
860
512
337
735
944
568
672
180
510
513
271
479
499
746
455
767
330
641
415
798
523
415
591
169
36
444
40
46
467
35
371
102
893
966
274
514
382
580
543
562
45
463
151
839
803
506
890
466
729
791
681
78
235
759
389
121
52
795
888
296
95
183
554
656
295
750
179
624
316
289
575
827
234
904
755
469
456
355
611
555
506
330
213
772
948
401
157
966
459
183
382
745
241
582
202
425
5
653
791
167
173
240
358
110
441
513
464
923
997
160
599
637
187
630
886
924
898
247
254
719
311
102
206
565
974
786
311
941
285
926
481
585
405
759
37
613
14
646
353
390
854
61
889
21
230
774
752
226
394
567
938
414
530
338
965
672
545
977
188
593
593
479
687
188
265
633
419
69
613
475
801
18
400
95
966
942
905
448
791
154
591
980
990
759
169
184
405
407
959
374
126
537
735
914
372
370
549
810
210
457
562
203
558
643
255
80
346
453
926
894
607
272
245
75
926
87
953
172
236
468
515
70
176
720
737
92
533
737
539
799
303
869
328
484
756
37
757
871
528
318
914
405
316
385
297
399
29
825
620
866
452
284
97
891
856
643
348
313
452
924
794
483
21
639
901
504
253
909
113
269
677
515
561
712
619
431
319
964
223
906
263
758
795
283
550
35
783
693
268
708
519
670
827
402
882
312
883
924
118
605
644
367
317
571
559
613
118
359
665
830
522
358
461
107
660
62
869
306
68
882
349
979
32
709
716
632
967
598
80
651
436
386
4
386
163
376
648
198
123
853
30
666
608
592
356
534
364
343
707
490
625
792
179
800
925
84
472
722
339
637
206
243
954
49
564
506
676
430
720
320
397
685
103
459
238
396
519
371
285
131
395
401
19
153
578
224
177
286
684
563
888
816
90
254
764
652
465
329
932
746
691
663
688
220
586
485
351
751
521
189
773
471
298
274
221
641
589
694
145
641
819
279
987
100
944
625
414
416
310
693
918
816
836
582
913
188
11
612
424
701
896
610
390
285
18
906
724
605
978
872
823
280
146
571
527
549
940
200
756
314
816
569
23
131
897
427
410
378
796
453
181
457
142
988
54
883
882
203
812
648
923
848
728
943
780
482
401
870
634
390
227
180
642
609
315
768
420
864
265
299
996
19
178
559
17
160
976
427
395
643
761
671
222
987
937
258
182
344
837
531
861
513
213
284
584
266
829
690
563
338
584
473
564
522
466
565
499
585
200
539
155
269
326
541
517
213
293
381
426
185
710
833
131
491
800
484
63
479
762
302
552
180
845
993
338
567
481
732
57
845
723
917
142
6
568
927
373
401
816
340
855
978
65
131
319
361
599
426
858
476
389
719
960
964
419
56
282
245
589
707
703
182
483
167
879
569
666
225
506
685
222
979
214
870
610
262
140
790
422
673
734
789
468
698
455
340
887
768
975
976
808
139
457
49
182
812
506
578
313
886
688
563
475
254
293
257
532
230
111
976
225
300
830
439
249
282
841
289
939
687
909
548
182
547
379
754
95
623
716
29
913
842
555
56
564
425
48
672
476
742
525
329
245
9
774
629
680
644
986
95
181
287
488
846
869
925
880
701
698
326
840
671
133
331
103
943
308
712
570
142
542
307
80
246
164
875
675
315
926
163
798
378
815
630
429
185
863
189
254
141
827
204
803
163
786
810
440
526
150
439
143
31
853
472
69
75
716
733
536
934
903
940
624
965
767
831
976
393
96
376
256
815
886
900
335
477
412
45
450
119
760
642
899
575
390
89
32
107
16
149
274
297
655
787
350
949
800
925
756
330
934
961
185
399
999
828
707
913
670
408
784
183
725
221
156
899
93
612
149
124
628
254
196
704
393
522
435
214
422
582
101
673
627
405
206
601
267
599
841
892
253
214
936
538
466
92
403
854
285
114
160
960
180
748
915
871
970
584
778
516
734
501
64
265
411
352
868
9
613
473
525
289
197
580
524
44
537
404
926
564
315
354
428
572
132
139
553
723
605
343
288
850
762
197
248
607
492
53
861
234
921
886
955
732
881
85
425
832
40
935
424
442
403
549
663
236
209
14
429
351
975
36
978
77
392
828
225
445
791
912
278
457
691
586
664
738
150
350
115
3
881
970
22
386
928
554
708
187
853
611
336
543
276
162
650
722
723
805
936
209
243
86
571
434
55
904
80
974
288
786
743
465
442
297
819
979
519
987
470
638
958
429
184
719
112
325
877
138
134
508
209
599
602
19
376
977
425
582
117
196
522
910
879
54
38
385
475
94
412
924
34
753
191
184
881
140
470
658
215
396
80
917
262
553
209
978
785
65
670
783
630
312
865
462
535
165
545
92
451
921
834
386
445
536
300
232
398
633
890
445
411
634
818
452
445
789
404
712
553
839
584
903
364
343
945
101
29
60
824
336
687
990
606
136
785
31
201
33
19
371
2
401
335
434
49
493
490
766
294
736
350
943
413
387
965
876
765
375
644
749
429
567
305
964
947
987
635
81
507
255
189
740
840
379
470
662
970
291
704
872
348
871
866
29
128
221
469
532
866
969
144
853
406
686
336
132
374
247
303
163
372
991
119
746
369
374
723
330
392
324
499
872
113
352
155
501
773
442
430
441
411
815
196
319
662
770
453
620
691
487
601
73
546
483
422
912
712
791
340
284
526
332
928
793
523
824
771
714
497
22
623
809
566
188
125
129
441
46
926
7
422
863
44
519
440
504
908
419
826
177
347
134
130
389
18
967
267
162
607
825
590
469
697
191
796
668
800
381
771
165
694
705
690
477
190
201
234
354
288
982
11
569
534
141
832
892
934
566
928
163
123
334
754
51
602
671
748
732
31
16
896
245
2
239
780
154
450
570
172
453
691
781
550
83
127
45
890
645
951
179
4
358
860
797
887
85
854
350
56
560
111
158
516
328
701
148
663
684
691
487
594
798
324
908
968
746
651
26
957
676
129
641
644
120
627
305
995
309
488
319
733
771
620
554
476
84
628
92
392
543
615
556
529
231
236
680
357
2
134
319
326
509
913
669
555
933
295
655
617
456
996
358
182
138
906
825
19
684
482
355
811
294
80
652
4
357
169
228
192
568
436
369
416
348
738
169
334
912
123
931
374
723
999
824
337
816
357
328
621
987
483
942
836
430
635
245
510
437
574
436
166
16
281
636
47
238
200
819
441
69
395
313
148
24
252
496
647
850
769
360
558
727
644
88
350
770
404
385
373
457
648
804
283
893
168
588
711
21
232
782
888
529
970
877
921
916
391
970
663
603
82
232
290
459
408
421
77
823
47
365
436
190
10
881
602
627
935
533
924
926
558
767
926
856
638
690
239
188
957
770
827
56
43
947
933
291
796
650
311
888
152
581
304
297
521
806
840
79
785
154
227
357
141
40
799
965
289
13
452
762
913
893
680
901
594
524
956
731
379
250
614
178
107
652
787
188
504
311
745
413
729
944
22
959
449
895
89
445
600
906
115
500
744
774
393
517
641
0
793
182
873
401
551
737
108
32
259
645
275
465
960
912
852
763
899
534
7
440
230
939
224
717
624
28
581
393
835
268
389
59
506
690
931
907
517
912
350
643
139
246
95
295
794
989
167
407
901
536
466
61
515
404
683
146
856
232
540
43
378
87
819
48
706
34
420
661
541
683
303
602
542
909
703
453
178
615
516
119
336
519
966
276
323
483
118
780
901
938
106
398
994
153
69
629
357
538
553
106
931
7
698
248
938
533
112
391
294
3
496
888
16
353
72
616
187
645
621
616
997
688
539
88
982
383
920
988
16
62
445
46
442
792
586
35
835
697
333
298
624
4
943
447
906
560
883
182
383
845
956
290
843
813
89
861
338
957
64
914
885
114
284
118
759
57
540
133
675
935
474
601
676
519
437
701
88
250
484
232
354
896
150
941
43
596
723
879
460
950
512
674
202
442
115
661
310
966
564
899
808
882
364
288
191
919
797
985
440
937
158
868
665
9
897
663
897
99
994
988
486
415
406
698
362
563
342
423
930
397
318
705
956
821
431
148
661
129
285
565
85
11
645
621
544
509
287
2
945
301
604
456
868
451
69
764
448
895
199
144
512
191
238
34
837
110
629
768
634
313
512
30
443
626
926
432
434
664
598
107
103
78
348
909
100
487
928
349
267
891
540
677
852
970
784
76
966
176
628
752
329
978
169
992
118
948
524
536
956
812
520
742
144
977
631
529
608
958
573
833
180
531
233
393
297
906
416
857
683
511
112
512
799
96
526
959
970
876
100
977
874
600
683
422
175
532
192
895
644
917
670
803
344
755
337
776
316
938
754
766
777
239
324
405
287
528
921
879
844
470
969
495
359
686
265
889
816
242
692
275
510
319
320
633
156
616
784
839
441
663
929
743
82
379
620
906
190
406
847
739
662
45
448
687
672
859
775
937
671
519
214
90
768
537
792
629
386
548
835
944
19
661
899
543
516
169
444
891
216
581
212
360
238
135
180
780
896
386
233
939
792
655
106
111
446
30
464
444
888
292
445
586
343
382
466
803
249
948
538
733
441
385
708
130
447
7
993
34
165
951
851
834
199
214
317
262
174
763
213
130
577
412
650
30
640
945
212
767
855
104
455
258
972
103
899
580
173
809
36
574
865
55
656
348
633
800
954
547
946
667
819
450
154
817
623
218
740
184
723
687
354
713
673
585
46
755
653
668
805
513
736
674
928
830
502
323
120
969
934
299
942
667
997
474
637
989
336
768
245
799
140
831
116
51
651
459
250
776
630
428
665
835
745
484
695
967
536
44
666
853
428
313
975
287
753
676
935
758
655
759
383
763
3
346
490
210
130
774
661
939
722
97
591
67
116
720
562
231
649
379
866
816
416
249
169
354
170
548
45
478
530
848
479
744
764
141
169
123
553
237
867
703
772
367
681
365
348
864
205
561
39
443
940
6
559
624
680
328
411
72
466
107
181
713
577
809
843
844
275
632
93
972
607
401
954
473
421
413
318
570
51
874
388
90
933
107
524
881
111
502
570
691
714
743
859
53
153
554
756
443
662
494
24
111
190
668
846
53
102
951
837
449
753
157
573
82
439
340
228
424
99
304
369
688
289
600
24
144
330
384
491
414
53
369
705
891
692
597
453
421
376
47
502
362
722
39
582
632
560
547
938
249
704
513
253
772
387
200
145
855
17
991
491
104
565
629
138
219
356
544
459
453
760
865
892
912
667
228
11
215
210
533
122
537
969
766
498
930
181
5
393
133
65
42
354
30
664
511
791
99
299
192
421
763
264
417
635
919
840
775
424
325
307
950
681
491
531
746
60
216
433
210
893
326
351
718
426
780
155
953
468
936
469
497
141
418
630
107
768
915
581
580
585
572
646
619
218
435
617
762
335
912
685
674
640
494
303
918
8
294
363
912
614
933
981
424
391
605
93
611
254
617
277
352
962
897
264
510
346
454
464
969
599
391
420
675
734
258
332
207
33
231
635
953
137
190
288
41
281
81
641
846
858
252
973
751
343
424
251
52
268
807
644
148
528
185
210
896
932
709
844
20
415
236
583
998
959
728
666
855
686
434
862
438
711
32
336
116
779
364
277
914
805
722
161
126
342
210
787
669
269
547
848
778
55
289
459
676
278
261
70
62
146
963
984
360
457
73
683
715
756
923
336
698
807
907
346
404
324
853
739
677
838
57
919
204
805
322
619
936
474
611
481
963
880
433
156
585
221
868
954
593
52
359
562
954
849
15
579
721
616
752
839
854
746
250
579
791
325
963
12
308
910
566
911
938
454
793
508
547
854
740
392
458
760
237
966
76
356
953
458
178
492
949
50
979
525
426
257
583
74
79
808
798
630
208
139
718
78
356
814
227
825
669
994
873
349
241
0
358
23
149
545
355
749
984
999
232
428
29
748
751
730
987
413
248
519
575
170
852
693
481
797
94
513
340
844
563
597
118
533
874
67
535
461
575
392
663
300
153
818
976
761
379
439
923
558
856
484
310
528
239
855
67
405
958
314
796
569
651
213
305
159
926
958
556
201
578
423
508
277
794
396
686
972
616
207
587
127
104
514
594
48
676
992
125
146
809
689
305
150
550
857
567
116
316
43
359
554
521
367
493
780
871
277
771
992
106
60
726
180
382
460
349
327
950
764
476
608
329
73
143
623
727
844
313
231
890
159
717
396
312
636
155
638
388
793
892
130
548
996
961
186
301
934
37
368
466
903
452
764
620
143
459
303
587
260
758
292
147
813
16
26
290
938
645
912
685
21
564
78
298
521
648
211
9
45
598
424
67
397
24
921
196
126
648
259
822
748
576
175
170
570
798
497
523
996
206
357
254
748
135
207
985
104
223
325
541
77
34
739
870
802
350
811
79
579
162
543
466
175
757
964
933
417
546
461
281
16
769
233
963
339
657
314
869
629
994
363
647
288
223
949
871
9
440
918
736
152
885
614
950
347
663
423
967
646
729
473
469
105
867
264
361
93
983
579
513
924
4
385
650
380
640
217
97
88
139
646
538
532
126
45
28
218
746
405
116
814
854
226
69
386
832
518
498
391
164
253
314
17
514
315
842
429
850
324
832
169
930
79
779
8
696
8
768
401
604
609
784
932
957
772
901
720
667
511
707
923
204
917
523
631
272
917
858
470
207
473
145
170
515
878
70
578
440
874
367
357
679
799
487
796
274
914
368
280
266
640
560
232
988
238
889
764
34
900
400
515
141
717
192
853
640
821
135
622
960
880
421
96
128
91
548
11
586
873
723
268
647
652
301
327
446
470
495
34
355
114
415
680
127
452
304
487
814
434
577
455
150
382
733
519
331
865
877
869
279
301
602
89
431
871
871
751
313
799
50
583
337
365
627
507
650
866
21
268
497
256
858
633
750
231
60
94
396
101
461
261
720
105
487
179
38
629
232
177
646
381
246
685
694
888
48
221
321
362
853
616
725
251
245
793
874
744
909
336
718
580
592
927
814
202
689
822
583
802
294
515
411
173
398
913
318
679
426
68
464
513
329
423
253
399
158
170
576
28
868
987
646
208
642
679
127
260
466
630
631
34
707
88
826
499
622
312
335
30
157
763
507
690
439
173
318
353
657
656
907
481
287
874
440
567
383
74
118
74
38
174
810
586
628
477
306
179
939
524
235
26
357
255
471
650
595
421
212
995
266
16
71
417
647
528
576
932
804
412
55
937
618
300
172
516
118
573
628
224
336
994
456
357
46
891
575
133
904
37
291
475
533
806
193
872
371
491
162
403
763
128
55
932
914
274
177
30
19
53
646
151
563
542
440
933
677
724
55
430
347
615
631
604
38
748
708
3
828
365
993
329
665
106
664
41
305
342
12
619
201
584
987
675
781
883
439
453
588
165
915
138
128
489
227
618
377
113
372
950
433
859
778
424
42
198
297
890
604
578
539
607
90
706
359
98
828
527
155
889
400
242
720
933
169
21
436
953
650
542
597
949
180
633
129
838
562
257
75
243
966
555
272
310
220
840
839
885
980
853
814
285
37
744
729
306
789
200
662
789
277
593
868
739
433
483
834
557
173
727
828
433
907
734
751
725
418
93
942
707
264
624
333
349
631
778
963
902
918
998
989
203
262
78
852
965
589
573
768
283
336
43
31
8
8
941
374
294
303
901
624
438
693
629
620
70
467
516
128
349
336
899
708
494
433
703
466
126
203
707
457
363
965
945
712
548
481
357
71
911
785
821
881
731
278
513
663
827
747
835
70
394
736
435
384
417
243
874
392
339
944
353
679
658
353
598
955
528
17
697
975
827
155
857
462
669
80
30
761
175
756
11
968
130
514
538
813
538
782
547
628
816
248
355
543
578
449
677
13
169
853
959
242
966
945
180
586
465
278
737
487
128
195
366
171
633
857
956
39
301
63
725
593
816
150
748
84
241
983
210
553
570
465
898
380
388
918
386
833
299
37
214
141
697
554
699
778
690
561
780
450
404
754
588
732
544
343
506
35
441
921
978
92
128
887
717
200
562
288
311
576
959
872
777
991
159
615
579
561
482
791
688
817
604
348
741
567
924
182
847
993
856
441
184
392
647
798
14
348
378
658
864
282
808
36
854
305
596
740
972
764
461
567
346
345
874
671
443
728
96
271
72
768
361
429
521
403
434
680
463
858
626
136
825
531
370
348
609
758
742
999
81
167
182
548
184
790
985
833
75
523
847
816
258
660
520
791
560
217
983
217
414
518
669
46
957
271
131
581
45
747
39
562
975
919
578
195
972
404
637
268
768
146
637
490
639
619
306
341
594
212
335
846
277
278
471
232
144
363
949
755
192
20
597
747
161
167
293
111
67
134
178
701
439
91
280
972
636
151
169
505
745
170
801
347
417
916
772
778
191
954
213
929
764
917
475
980
812
92
754
453
577
57
924
81
818
169
26
39
973
941
163
9
772
622
183
891
358
173
184
560
885
792
622
963
263
281
990
3
51
161
902
424
482
825
143
666
296
49
311
858
309
809
243
456
709
172
878
186
264
85
864
326
78
18
285
662
307
813
40
163
555
786
468
5
162
122
104
390
514
925
205
846
634
783
493
161
688
409
969
669
443
368
454
256
439
891
742
54
997
965
471
423
734
19
450
287
861
656
953
424
910
763
566
250
391
754
421
186
545
24
653
848
642
66
776
234
515
167
892
590
105
165
861
469
107
592
481
763
38
806
88
723
528
742
94
296
311
895
415
446
525
933
662
638
851
62
25
712
471
130
556
427
515
697
760
448
147
238
112
981
603
401
816
317
363
555
907
700
280
474
143
784
495
957
903
500
889
873
957
46
726
145
585
200
511
740
643
476
260
464
33
616
847
501
749
33
579
501
407
411
660
375
594
886
372
442
565
733
671
175
344
256
732
103
777
954
889
475
314
597
642
907
393
336
909
366
548
914
69
264
54
993
488
202
523
35
519
858
28
758
691
75
175
19
894
800
942
28
973
458
386
614
328
785
531
306
130
23
855
374
532
416
710
9
705
550
134
11
133
161
591
850
391
787
252
377
328
449
524
451
414
541
733
157
418
936
389
722
42
78
956
496
28
730
465
639
377
624
927
650
9
353
603
918
352
913
5
687
116
524
265
234
994
527
553
133
261
4
688
579
362
117
254
556
626
625
883
0
965
148
258
780
55
64
628
549
554
194
693
338
704
48
479
174
683
614
744
658
572
151
555
993
692
953
249
157
113
833
65
344
800
733
883
117
780
553
437
524
377
401
120
292
728
198
130
906
951
28
264
320
923
935
328
234
749
573
449
289
750
735
487
314
976
601
919
889
523
497
99
6
865
692
42
818
799
420
887
763
144
990
140
435
647
47
92
415
944
167
186
123
492
613
73
731
672
530
24
588
257
258
649
312
670
165
839
929
969
749
378
701
59
223
641
175
979
571
642
502
435
913
496
15
792
289
154
430
484
797
652
874
353
475
805
246
19
993
532
115
795
445
895
803
644
901
49
928
452
760
295
379
233
144
16
25
797
23
847
336
135
174
222
663
47
885
609
67
774
476
299
94
136
328
73
321
71
674
114
458
285
913
175
169
429
327
53
989
143
89
427
828
951
504
418
183
168
69
305
915
690
890
106
492
500
939
485
348
760
843
878
74
787
242
357
389
485
660
507
983
19
573
772
455
950
569
357
750
487
544
426
35
714
206
828
603
828
641
262
800
771
315
651
650
65
488
310
179
683
889
558
467
468
887
683
588
169
3
521
864
113
945
584
47
123
549
77
965
876
846
873
312
331
352
764
71
843
54
542
125
541
99
594
173
502
617
455
16
140
507
924
674
209
37
775
258
58
691
938
480
871
647
874
281
846
452
598
61
70
416
728
930
141
966
755
377
30
529
850
126
299
277
384
462
107
158
554
545
9
300
397
886
937
47
629
166
94
916
803
952
461
178
218
196
776
382
350
323
664
114
25
547
906
556
683
209
804
570
910
807
765
212
580
237
438
418
597
235
153
12
312
621
172
865
661
359
50
550
237
272
103
128
631
563
949
821
240
119
87
277
710
641
546
398
841
384
867
260
943
94
505
168
618
878
184
471
560
912
751
748
158
50
511
792
97
929
744
84
92
165
105
817
255
994
300
735
906
290
44
314
302
424
171
11
892
920
517
123
284
707
779
906
308
230
356
29
627
929
38
69
81
61
621
652
645
391
838
339
162
233
579
791
927
576
196
26
954
232
805
62
944
387
953
212
395
400
187
739
657
480
589
380
421
853
192
457
956
83
190
758
406
768
303
312
398
880
686
985
40
64
823
990
94
476
359
128
648
637
40
502
622
770
112
668
874
223
845
365
583
363
87
211
40
827
465
903
302
476
213
420
290
38
244
734
291
779
975
176
189
495
670
387
903
890
354
498
14
177
88
818
987
970
668
687
781
342
391
706
77
801
119
631
797
244
418
618
67
436
367
449
592
203
361
245
119
117
672
322
340
93
494
318
419
309
563
662
410
405
77
388
924
578
471
789
499
824
621
575
225
754
81
943
923
246
429
224
491
830
598
800
640
393
186
836
180
832
54
452
322
379
821
970
898
956
393
411
50
468
423
784
970
234
403
86
380
978
79
193
679
26
913
359
639
983
552
713
378
622
866
893
297
366
54
118
649
611
640
445
229
974
903
761
242
15
151
969
470
637
715
363
614
60
947
29
163
669
989
280
808
867
219
356
251
81
945
278
101
402
82
319
384
256
494
198
348
334
146
718
614
785
660
194
405
913
336
44
26
989
332
965
283
940
77
94
908
864
980
437
332
69
889
196
199
120
802
972
101
290
536
151
222
156
278
18
472
164
878
377
831
965
842
124
839
421
204
271
865
863
147
784
128
113
98
657
711
193
647
958
248
216
197
400
267
816
150
944
866
378
960
207
310
32
186
650
335
673
4
915
404
347
81
890
165
898
250
531
298
206
63
888
59
579
124
247
146
899
591
311
416
126
618
332
11
473
201
10
993
364
745
613
171
134
410
431
345
179
619
387
758
149
713
735
792
320
123
686
678
191
101
947
110
309
999
850
34
102
2
656
206
836
990
427
1
973
715
787
206
489
122
64
462
113
662
302
195
723
965
699
995
290
341
217
303
354
509
622
7
26
1
736
117
282
473
7
442
924
855
347
152
607
459
972
358
14
692
641
721
127
365
600
381
79
626
219
760
530
62
596
167
73
907
895
344
749
988
62
730
631
730
762
645
354
281
