762
890
293
824
400
519
2
790
678
857
182
776
960
328
785
902
874
465
586
573
314
900
926
72
181
847
836
407
282
691
672
808
871
636
578
681
446
326
34
863
507
803
323
280
749
482
81
397
734
25
912
284
601
931
178
738
799
452
37
622
142
73
375
8
79
940
638
456
722
533
593
131
344
997
780
391
93
868
596
464
840
962
272
756
560
499
903
120
597
91
124
758
247
848
779
534
855
439
983
905
713
519
417
820
210
746
495
553
412
994
327
818
267
96
886
319
115
383
17
231
704
15
7
674
170
614
441
645
843
313
279
223
198
392
713
784
901
567
510
410
799
904
92
279
140
678
789
74
30
517
259
786
999
101
880
144
833
182
44
249
214
141
707
959
756
172
226
395
4
687
654
877
144
179
954
572
255
369
387
872
6
928
353
356
92
545
932
130
346
356
832
855
437
399
711
877
33
711
378
815
852
759
68
735
421
293
994
884
679
596
499
263
150
260
608
36
876
582
215
21
656
739
378
490
988
309
495
325
289
805
708
514
697
562
882
956
65
571
594
843
153
996
64
289
129
693
267
27
722
689
229
101
55
937
822
838
534
96
215
851
302
26
429
95
102
565
693
776
864
850
86
85
688
829
271
715
517
567
118
287
883
493
914
566
507
785
390
400
712
486
507
562
622
466
888
203
336
772
705
815
838
380
361
295
802
122
709
809
461
222
278
499
619
295
114
187
48
735
560
626
909
363
823
608
755
905
898
321
683
426
201
276
143
94
511
60
889
959
164
679
846
246
750
803
566
834
393
465
138
215
624
26
810
322
398
119
411
651
566
181
218
171
987
28
504
221
309
272
457
33
801
392
130
67
459
396
959
298
731
372
86
85
361
948
595
680
30
203
89
100
344
475
338
84
562
707
611
851
350
343
279
228
760
481
327
121
0
585
338
61
867
456
183
885
119
514
788
664
833
642
257
320
933
7
510
441
209
572
926
750
703
486
271
395
597
286
7
124
570
534
37
5
63
313
560
67
183
762
520
543
348
870
935
891
400
670
724
245
990
517
572
576
683
696
421
994
611
499
152
937
316
944
570
286
137
530
408
315
476
576
740
568
500
76
216
289
102
155
622
196
67
936
153
111
950
153
204
630
496
563
621
458
402
474
982
37
646
0
200
313
331
6
243
928
139
696
247
414
578
435
520
11
349
50
738
374
453
918
809
747
167
908
58
820
17
160
36
741
690
703
53
841
943
506
834
923
38
798
983
367
841
976
407
534
984
87
41
96
859
802
975
924
843
568
108
275
628
166
897
907
842
746
684
319
116
895
717
316
929
682
166
70
341
80
103
720
888
618
668
499
892
593
571
94
738
236
613
771
535
937
937
635
608
47
783
735
359
185
832
631
232
71
823
624
629
655
420
726
593
57
85
474
341
935
153
484
990
275
355
57
375
923
751
87
888
560
116
318
491
493
846
441
886
2
887
786
90
111
889
851
239
950
938
256
322
25
133
243
788
179
233
359
864
827
824
494
376
986
678
590
957
158
500
654
817
175
632
358
274
942
419
828
366
142
518
563
30
610
282
606
808
918
243
763
253
650
992
994
891
601
113
172
480
600
717
385
204
833
991
601
705
119
477
444
202
84
981
622
341
159
324
874
894
625
405
511
914
622
146
256
141
744
361
316
888
679
958
774
442
630
393
128
34
991
20
200
566
958
724
205
379
330
737
578
522
168
443
192
395
986
259
699
697
789
803
131
930
144
43
794
97
144
601
701
409
424
412
372
808
942
909
19
157
745
819
35
744
758
178
203
845
250
534
727
285
170
634
595
201
46
215
761
3
148
307
710
107
912
920
51
410
409
750
990
943
743
87
865
212
641
188
258
316
11
529
34
171
84
441
378
474
429
271
614
365
637
19
821
379
626
262
281
577
451
530
361
12
329
528
598
329
499
855
75
194
584
342
797
448
414
662
458
136
930
743
662
187
385
534
496
341
83
15
427
194
31
901
520
704
121
827
721
61
201
302
633
182
509
353
719
784
918
884
776
215
520
738
612
865
778
518
569
894
942
202
156
519
235
459
407
863
941
860
628
826
782
605
831
433
214
751
777
695
582
735
153
684
643
781
141
467
717
737
270
89
935
913
121
333
81
536
106
879
824
806
428
982
880
848
379
785
552
68
402
417
299
324
599
698
607
364
452
949
558
865
842
67
522
865
678
448
326
145
333
401
671
182
660
443
881
795
199
626
142
620
491
354
473
741
312
302
721
147
542
931
113
708
544
791
28
61
710
852
645
320
500
667
845
136
912
854
878
523
537
239
292
674
259
478
420
344
279
827
516
629
990
56
937
118
374
762
504
506
254
220
860
267
803
256
70
15
893
643
99
611
692
52
375
691
332
305
815
336
639
701
236
302
457
802
787
89
103
767
666
900
521
710
317
957
183
341
966
200
159
454
195
534
932
933
370
754
506
526
583
129
774
65
654
35
763
331
251
378
391
314
670
622
260
524
77
530
770
781
10
967
1
115
28
322
92
743
33
149
634
699
184
599
495
386
500
344
615
337
309
702
866
160
553
405
386
116
424
910
801
4
781
687
472
630
400
523
114
710
472
589
232
866
990
638
149
773
580
81
273
742
69
176
571
108
918
293
192
640
250
590
720
439
451
45
143
115
660
731
449
637
884
601
855
721
356
435
814
213
146
9
918
279
966
619
552
907
177
473
361
622
878
964
691
673
505
69
187
109
604
911
517
528
272
899
323
50
840
401
61
935
896
21
546
872
365
637
580
528
447
326
138
704
929
374
655
167
586
178
247
666
467
852
978
932
568
864
65
130
756
939
222
158
708
17
864
469
750
562
779
319
995
880
838
667
287
879
494
452
986
457
224
36
294
5
460
516
568
723
125
293
588
103
804
614
578
776
237
810
21
988
801
765
345
74
754
587
980
371
453
477
373
941
258
321
449
702
639
12
901
473
66
903
630
736
421
52
884
959
756
587
197
489
138
413
582
545
329
796
571
254
497
437
344
20
623
419
728
811
183
929
290
158
357
100
932
915
36
971
688
578
65
116
411
659
394
892
604
808
152
746
890
348
84
48
566
959
478
295
983
584
808
742
92
294
297
896
28
522
77
175
585
172
186
880
307
472
229
21
49
725
275
728
195
178
780
771
747
549
865
785
105
18
974
560
461
244
75
206
832
659
700
77
947
938
456
293
785
611
319
140
993
602
461
980
867
947
739
361
363
456
108
293
987
867
973
506
755
444
422
716
92
112
141
56
371
799
594
381
153
816
508
998
78
283
946
752
477
914
271
22
283
461
340
751
25
937
377
225
138
228
879
84
726
791
108
517
564
472
681
877
622
211
400
798
782
581
887
586
495
277
866
703
262
536
357
875
359
447
46
272
308
846
529
100
864
923
501
55
34
489
108
162
861
753
792
457
396
876
968
620
131
263
178
416
800
484
442
204
489
657
201
755
143
39
345
302
327
568
748
27
626
158
789
30
538
85
174
722
797
988
696
459
894
453
945
331
646
798
744
160
906
939
532
623
862
914
482
367
455
547
541
580
798
170
984
374
569
386
391
853
987
640
156
356
452
185
925
679
771
129
506
402
583
217
844
551
181
964
1
907
68
142
652
918
108
514
218
150
173
518
591
55
20
605
503
369
552
841
825
61
347
146
205
205
364
672
493
479
385
337
890
30
81
647
206
846
488
441
974
738
819
268
627
635
803
198
214
143
792
39
240
155
842
373
484
974
196
530
836
396
397
4
400
316
715
849
213
895
852
740
497
349
919
433
285
510
821
992
76
177
310
585
784
549
117
341
756
993
397
701
771
714
829
538
743
609
894
712
382
270
142
767
831
589
989
759
546
619
797
583
342
901
111
922
28
773
879
728
952
851
697
28
280
300
605
23
804
465
238
888
429
542
225
781
795
189
985
667
95
614
679
335
159
998
70
279
696
242
13
223
829
342
493
35
69
102
818
630
803
471
951
829
607
347
418
988
666
8
566
186
318
700
103
715
868
887
681
82
391
389
97
913
718
383
765
463
623
76
143
276
439
577
356
28
606
186
739
229
31
971
537
71
213
577
586
608
688
238
610
657
207
708
97
736
760
657
196
418
179
651
136
757
764
177
922
911
511
982
378
391
814
43
750
326
718
407
843
89
216
613
814
894
107
523
464
753
654
498
80
82
579
607
218
92
56
437
877
812
423
44
891
564
309
10
705
667
775
892
598
899
496
634
409
151
431
4
891
383
949
613
11
729
117
435
704
462
468
791
481
294
648
79
960
400
429
549
502
387
642
196
944
842
771
567
742
287
287
878
124
911
313
709
554
901
364
707
174
814
63
740
73
145
752
259
487
937
796
96
840
216
645
442
115
993
757
953
987
706
655
418
601
373
173
544
624
945
115
739
536
674
890
344
187
841
521
453
699
769
166
703
372
720
235
418
710
261
131
196
114
948
435
606
973
780
805
272
731
2
496
856
723
67
452
135
785
971
201
688
777
885
95
590
398
205
775
33
258
626
57
780
560
450
855
182
157
249
974
594
581
362
821
838
842
784
934
733
103
665
234
249
315
496
953
257
377
221
759
794
413
323
578
917
104
279
767
301
444
872
836
131
491
678
512
840
497
579
159
46
435
273
922
947
543
935
587
11
971
644
462
449
265
598
474
874
904
150
119
871
854
268
42
181
977
435
524
794
269
753
137
5
807
406
995
971
321
846
503
226
598
220
959
611
149
676
967
569
386
69
499
137
367
346
349
957
387
268
237
408
585
102
576
296
201
44
811
75
411
144
521
8
639
762
232
636
754
740
418
189
835
951
855
998
860
742
480
71
12
69
286
520
361
181
633
674
770
775
293
130
723
978
198
435
986
163
460
614
846
760
73
545
63
577
400
634
288
523
496
862
705
66
725
691
665
171
624
406
201
459
900
817
468
231
706
125
642
394
575
272
884
556
480
402
250
653
632
50
447
702
64
616
510
39
181
407
38
883
152
881
361
365
518
46
754
957
544
859
733
514
245
731
944
910
554
773
871
729
844
33
334
882
349
208
151
681
714
975
131
314
141
631
549
207
86
405
42
646
4
889
149
553
114
373
551
128
908
4
667
975
448
388
968
661
282
417
295
515
304
152
524
972
44
301
938
15
672
377
567
854
467
51
255
323
234
490
692
246
466
372
178
485
489
822
873
457
156
601
619
832
275
53
230
764
841
549
308
248
584
606
149
58
801
165
990
234
992
748
323
813
230
169
264
718
921
516
261
450
118
322
536
782
591
970
356
72
807
12
678
446
865
33
617
174
945
475
32
700
234
217
832
65
103
407
64
54
317
640
97
597
469
529
647
768
200
124
178
897
59
565
126
373
593
797
149
126
136
952
127
107
283
365
752
686
847
202
536
146
266
913
400
862
565
859
295
411
898
839
540
926
936
574
606
450
443
591
295
837
185
530
824
805
104
987
430
847
698
773
906
76
26
41
910
657
873
74
882
353
185
669
367
881
403
922
611
31
523
777
667
48
585
676
151
309
307
39
598
57
181
942
691
562
715
668
623
313
637
579
54
800
697
940
278
327
919
844
129
754
365
90
843
779
371
177
335
799
761
286
197
120
324
776
110
775
839
102
984
763
398
529
244
194
278
120
245
531
865
138
139
62
885
668
717
449
516
806
758
559
46
36
558
143
858
86
9
743
972
540
372
250
8
202
83
165
628
84
944
658
676
462
7
927
503
803
989
759
23
840
550
762
286
435
381
291
580
133
990
670
236
426
471
436
614
481
518
316
296
908
572
432
645
782
815
753
287
899
157
872
609
217
652
10
53
113
14
7
565
418
650
112
45
66
230
698
493
785
792
211
428
269
748
240
671
844
656
177
498
617
555
193
973
94
571
61
352
490
158
393
561
439
377
441
834
274
292
539
328
712
150
815
741
74
660
375
847
797
45
49
154
641
986
78
824
443
433
710
745
304
240
50
405
545
838
166
46
854
133
249
563
392
332
642
895
224
241
753
825
141
996
79
524
333
462
970
86
100
136
153
141
834
568
89
669
284
854
466
935
337
206
313
444
47
558
186
455
377
398
249
368
688
975
78
4
260
324
419
98
100
861
218
665
897
323
240
756
364
846
417
440
455
897
614
12
143
655
418
999
260
631
812
800
522
523
793
438
463
919
922
816
465
628
774
423
147
268
188
215
300
959
23
292
749
444
261
82
677
156
382
948
83
481
654
526
486
940
535
535
276
779
662
245
30
145
543
772
36
895
312
922
378
296
992
257
134
955
498
232
301
353
626
779
282
582
106
798
138
389
729
257
462
540
113
869
614
119
859
477
583
288
529
591
353
588
488
130
31
496
601
482
51
434
202
878
597
500
965
315
352
428
388
73
594
655
432
371
590
563
877
68
416
884
179
517
820
86
756
635
675
889
733
461
203
299
618
515
705
407
147
962
342
299
581
124
300
15
430
708
603
505
969
343
556
430
674
166
808
315
70
376
230
913
378
836
209
567
63
668
434
705
127
374
958
599
439
596
686
904
320
651
167
933
171
464
174
714
361
470
906
159
28
797
269
813
622
188
520
139
116
159
51
928
46
51
830
355
62
78
158
511
106
853
775
666
328
741
98
324
557
570
908
333
993
270
683
679
339
257
494
963
789
694
320
559
595
599
432
181
198
655
0
639
391
621
399
406
938
584
701
233
569
358
835
490
993
767
93
373
845
870
13
227
462
975
389
203
628
915
217
895
523
89
590
52
724
568
867
243
479
327
771
116
762
13
451
595
481
12
742
731
274
599
475
646
739
141
335
734
139
998
453
462
569
458
207
778
173
673
215
461
649
405
358
442
556
987
112
450
75
585
131
547
276
209
618
289
848
851
706
910
676
802
528
750
917
700
340
454
677
221
911
858
94
85
836
701
2
501
750
627
933
194
654
907
120
256
775
88
722
951
201
143
772
827
373
658
906
733
603
275
689
335
830
884
825
637
465
595
521
967
425
12
338
83
870
286
225
703
318
831
156
764
520
547
95
598
890
312
723
184
968
877
589
908
978
721
751
632
112
879
101
332
844
447
437
440
412
648
612
691
171
306
761
270
236
696
385
214
898
730
622
280
718
585
924
831
957
171
738
730
189
702
249
353
437
833
981
629
894
374
620
447
522
572
295
616
128
993
757
560
440
861
903
715
201
289
299
637
668
430
728
262
557
363
466
81
166
846
659
142
512
715
79
168
247
922
426
864
120
571
736
528
266
629
912
660
942
883
326
482
628
88
843
946
419
802
932
745
549
641
156
784
573
251
375
449
646
728
876
769
345
584
245
897
250
565
998
406
792
491
816
17
807
643
497
25
948
863
194
620
636
240
285
981
681
411
160
815
18
90
66
983
734
142
609
823
109
642
646
919
963
491
446
254
282
204
549
23
11
47
129
463
568
893
48
866
9
398
552
261
721
739
425
758
924
744
584
503
703
336
155
898
580
401
68
375
921
111
348
168
700
924
309
285
261
429
683
595
56
480
424
8
357
377
84
418
94
427
398
333
220
707
265
107
222
81
29
877
416
328
880
184
948
749
825
171
127
636
569
85
610
685
799
931
804
502
823
463
824
290
46
132
656
543
804
622
582
613
790
622
763
522
806
571
310
75
746
12
298
213
879
522
84
858
375
483
552
214
582
425
663
81
724
737
879
631
744
879
519
515
362
566
437
507
363
973
63
932
804
765
346
581
151
224
514
530
45
644
406
31
109
132
399
940
870
599
933
40
745
513
230
150
990
440
556
13
330
610
58
243
122
738
971
385
382
689
230
689
373
137
498
259
104
20
114
128
94
643
686
582
124
426
998
234
246
17
546
940
871
630
723
260
585
638
720
258
969
706
734
419
698
198
432
632
332
77
246
40
81
480
605
525
476
453
579
548
718
76
749
478
254
933
215
788
836
357
271
815
995
528
406
549
337
552
28
16
228
315
407
728
154
811
176
193
189
614
170
679
225
606
119
157
683
619
321
822
625
628
202
202
376
109
713
298
277
939
26
215
884
634
872
893
734
791
369
277
387
858
134
735
460
2
677
966
11
93
334
334
17
247
742
569
460
351
499
398
27
794
93
315
416
751
893
729
409
865
125
814
522
139
484
33
322
853
300
509
152
365
785
64
779
521
728
878
75
289
881
214
87
241
443
350
876
980
955
714
374
804
352
688
454
238
470
343
921
483
902
518
552
440
278
569
505
399
458
629
738
934
518
573
629
942
806
525
84
198
813
724
362
805
287
95
420
431
523
583
154
207
672
412
294
10
650
164
976
820
9
804
195
124
495
471
616
378
20
164
301
265
296
497
585
16
668
886
838
970
589
709
300
165
693
269
94
584
576
773
563
525
33
77
596
366
815
209
613
171
503
503
985
666
759
551
54
784
923
818
714
291
936
291
489
570
971
371
220
276
397
489
504
13
238
893
640
879
322
213
791
477
516
513
230
851
910
673
30
673
930
383
579
678
360
7
302
418
141
931
365
219
92
330
40
553
724
936
947
157
589
761
979
412
255
919
391
337
570
700
733
384
668
601
861
432
330
268
422
320
230
744
315
98
937
142
210
284
166
162
521
659
651
105
501
506
316
5
744
25
38
859
590
681
453
932
21
179
410
191
534
448
516
664
820
3
793
377
960
667
914
286
966
917
289
311
760
894
111
447
766
45
806
930
510
39
880
907
293
764
563
874
634
7
721
245
139
308
832
846
263
841
170
482
855
647
450
921
321
170
244
401
419
763
471
157
465
895
179
235
147
40
385
427
341
113
259
676
68
559
248
600
154
627
740
232
607
340
402
202
380
690
839
206
661
485
525
793
210
724
32
568
625
881
160
726
628
145
868
528
371
394
655
302
174
917
858
524
706
442
198
871
621
603
588
755
726
217
387
504
430
850
404
390
69
53
309
733
731
212
57
31
908
231
921
305
975
930
753
836
539
948
513
818
335
88
230
124
564
753
981
841
552
551
595
976
890
814
196
910
54
141
70
571
948
116
281
775
793
806
69
986
465
422
984
657
110
206
683
701
290
947
903
613
582
588
593
771
133
210
736
476
328
177
767
17
342
507
195
387
567
6
722
323
901
308
734
808
80
953
373
209
732
610
710
858
122
344
898
131
568
43
421
468
933
555
440
733
885
274
180
705
445
398
492
651
60
250
47
217
959
460
577
61
111
345
982
843
360
909
810
540
41
55
568
184
179
784
668
483
375
708
143
926
233
153
471
78
595
4
880
922
775
220
835
141
397
726
986
356
133
647
133
250
642
728
668
894
164
859
393
254
423
964
528
573
405
443
951
904
469
62
756
422
390
580
736
253
108
988
158
506
413
667
175
168
433
540
37
930
884
73
450
971
802
176
372
690
941
370
391
76
974
869
672
825
462
192
58
665
535
71
255
927
172
236
739
395
753
541
568
334
753
870
674
606
194
171
223
746
263
207
845
151
154
803
327
232
563
214
117
836
58
826
376
377
909
447
359
655
726
793
0
552
820
885
46
995
589
89
268
439
333
593
275
709
669
589
550
54
923
807
415
595
193
387
69
916
77
544
997
560
189
779
74
315
252
386
67
702
77
86
623
703
867
561
151
921
587
287
272
167
184
514
763
682
16
477
787
475
703
554
571
585
328
855
201
331
555
602
747
938
184
286
772
366
471
526
299
689
689
61
233
0
982
752
733
853
436
52
757
538
264
345
475
472
453
608
242
413
526
689
131
124
953
284
688
118
467
161
204
815
626
364
646
452
482
64
752
351
135
180
464
981
700
986
930
631
303
972
279
220
489
458
615
152
677
142
695
277
195
993
270
456
426
766
474
751
952
260
522
590
551
137
175
784
143
65
444
147
137
118
447
812
247
761
611
162
326
871
843
254
581
16
765
664
205
744
25
901
484
480
613
140
799
263
670
256
84
369
573
263
946
754
563
802
741
564
659
93
921
523
315
694
51
186
141
146
983
407
384
843
697
401
318
694
411
626
906
776
144
935
913
521
963
684
178
200
655
612
882
214
899
126
400
928
969
484
274
715
540
397
874
836
108
754
401
927
728
982
751
997
94
102
500
491
793
696
605
405
784
40
782
833
583
996
328
376
292
657
488
175
953
408
716
628
961
648
154
741
208
63
431
673
75
123
513
938
121
842
778
394
413
617
185
58
489
178
79
266
920
430
850
322
944
850
937
255
779
87
581
346
585
105
576
898
659
353
558
450
262
158
444
364
633
54
185
77
85
794
463
186
217
687
142
144
623
321
14
146
199
754
662
379
693
296
558
611
921
773
653
790
251
424
824
816
841
72
712
261
903
825
71
605
98
287
910
892
201
463
302
872
592
701
41
915
498
224
316
809
66
850
524
259
478
364
673
778
713
590
379
847
828
203
360
390
176
43
792
836
226
202
69
77
139
134
18
808
35
189
710
495
426
197
933
941
851
774
284
596
765
602
143
87
550
980
384
130
711
734
510
754
262
500
208
54
396
502
444
924
252
924
593
217
292
937
93
144
860
610
172
996
984
720
174
33
259
816
603
804
434
876
549
594
322
899
250
86
143
811
981
172
882
655
592
347
365
851
824
896
478
244
773
869
159
701
669
736
30
428
324
775
126
643
321
986
800
578
472
793
191
417
311
796
335
507
488
762
89
599
194
112
302
680
348
331
869
324
159
433
915
930
183
506
62
68
670
556
870
548
429
596
825
739
256
32
449
429
948
984
547
352
207
286
231
586
132
699
471
506
410
256
270
327
64
510
863
526
152
757
615
615
693
121
32
174
10
443
547
399
984
364
136
634
267
548
341
935
50
896
209
355
169
297
132
80
301
521
917
482
891
849
87
982
485
254
593
269
762
283
705
982
345
191
76
570
634
974
940
977
321
966
798
218
503
832
295
503
959
710
148
359
506
332
530
757
40
847
848
933
252
810
575
47
570
559
66
156
231
714
872
901
629
129
364
732
290
840
741
266
708
354
415
247
731
297
453
159
411
590
208
186
708
284
225
828
519
215
711
475
224
962
358
584
707
646
676
396
44
462
537
179
935
559
258
558
224
878
514
794
929
201
278
70
262
103
779
683
325
43
271
348
647
579
728
484
382
704
749
614
499
142
15
200
333
843
275
537
655
149
983
49
990
355
790
760
853
717
18
550
224
416
69
458
514
665
236
118
491
931
841
151
113
668
75
387
977
305
372
515
514
650
695
320
447
49
315
338
503
51
945
571
51
593
566
434
619
496
629
787
381
636
61
699
147
364
945
818
743
174
530
217
198
603
62
771
375
245
442
608
647
941
796
580
858
50
454
647
231
51
39
469
576
798
84
29
725
345
126
175
700
781
680
863
119
682
176
566
747
61
263
287
560
775
535
535
417
375
824
910
370
88
230
90
441
309
171
146
475
704
549
704
4
610
35
912
897
660
889
821
942
181
846
571
311
564
974
167
381
277
121
2
912
745
31
836
707
373
894
614
441
109
161
544
601
537
351
128
176
733
62
492
996
103
202
791
449
458
29
327
330
399
404
40
269
515
900
201
539
819
104
51
218
443
728
18
905
679
415
468
352
881
545
983
42
89
55
391
920
35
769
917
123
121
750
267
853
929
387
187
572
554
838
992
548
216
461
476
568
191
640
176
557
507
96
42
947
174
531
641
377
395
541
36
900
704
315
856
635
129
943
664
138
118
292
663
594
134
405
153
113
973
934
743
979
761
206
969
36
770
216
774
896
32
372
535
978
119
831
74
197
629
996
867
762
140
325
780
975
322
170
404
544
677
860
38
253
133
271
56
64
970
146
356
65
196
28
980
336
226
525
942
998
970
550
471
192
126
966
564
136
352
554
427
698
268
375
408
137
204
31
916
515
153
590
239
560
236
577
62
874
637
306
832
769
491
41
226
702
866
514
819
170
99
319
65
570
181
723
418
841
497
643
815
914
411
920
90
144
948
205
537
37
221
185
851
907
302
906
855
642
164
407
124
215
529
455
626
629
796
443
799
466
482
613
902
865
629
692
650
215
840
69
209
260
701
24
3
336
245
683
114
488
535
847
315
132
356
653
434
974
158
484
572
688
553
299
605
826
322
701
427
8
652
462
266
252
897
232
5
133
413
202
878
547
534
158
501
637
824
910
925
425
894
298
900
840
235
632
513
251
190
544
303
814
547
587
888
336
894
728
765
916
250
466
273
879
400
890
70
710
827
236
407
235
440
760
116
947
235
168
260
696
725
209
109
510
858
248
559
868
70
730
110
650
848
623
942
105
374
636
513
930
728
716
788
711
337
651
368
872
199
831
531
828
884
931
871
221
557
33
427
125
303
219
109
858
186
526
9
724
886
691
147
863
530
451
968
298
787
199
787
642
185
457
491
227
110
619
201
165
223
578
888
431
621
534
413
306
973
537
662
900
523
281
927
592
158
660
775
863
572
775
985
349
382
499
438
82
831
188
16
51
38
511
162
476
194
168
435
37
373
766
113
126
449
339
514
488
320
323
341
610
464
768
831
77
842
823
546
916
899
932
864
19
28
589
741
698
620
629
938
934
334
303
494
870
437
45
855
485
891
164
22
976
937
958
625
557
617
971
465
566
503
332
868
705
638
511
533
901
239
568
423
643
691
594
353
990
762
602
947
745
477
451
574
316
261
604
482
98
398
154
777
3
134
731
816
504
904
465
878
712
613
206
37
246
98
346
382
957
588
903
353
913
192
509
465
635
951
447
710
593
670
232
732
479
860
915
105
494
485
815
852
215
660
555
393
717
21
331
929
716
456
959
494
521
33
860
36
824
12
826
634
740
661
858
472
743
822
673
995
662
826
517
852
655
271
530
742
122
289
730
966
257
256
279
453
141
651
846
849
167
62
490
466
816
511
298
368
166
863
32
313
91
820
271
520
499
178
792
817
658
337
361
377
511
426
363
203
177
180
350
653
709
27
155
385
601
184
358
191
888
147
182
8
459
372
698
437
152
202
193
30
625
299
54
54
203
50
735
644
697
54
704
421
477
119
585
204
387
595
992
115
930
375
708
131
480
465
768
672
209
794
768
40
635
33
364
258
672
458
854
763
425
886
520
643
516
84
311
590
314
949
726
479
320
645
1
743
79
181
95
331
10
22
690
515
172
0
615
303
827
576
156
612
365
392
531
116
829
344
450
636
786
66
43
95
597
555
375
895
636
398
178
275
256
202
355
428
919
428
51
938
423
55
383
700
120
663
355
981
893
150
749
225
455
734
596
374
109
181
715
408
827
390
565
349
638
99
726
487
258
784
364
863
176
28
625
607
16
849
502
192
910
874
213
450
580
756
499
178
556
589
432
557
896
985
212
491
56
348
928
159
63
674
167
291
555
777
15
256
151
416
15
899
103
729
534
122
127
561
557
598
975
1
939
667
295
917
516
299
259
689
797
17
972
796
654
888
699
788
836
60
722
993
466
712
329
262
691
742
826
265
999
518
562
604
552
798
220
380
488
647
435
71
104
840
523
35
103
820
557
657
573
646
406
32
299
125
746
525
954
506
162
888
364
238
232
595
202
153
626
75
307
765
859
561
670
281
842
850
21
409
484
490
734
67
413
640
814
468
910
187
156
417
547
490
552
98
485
168
414
528
679
934
611
479
735
483
683
287
603
967
668
420
724
413
258
518
188
54
560
19
96
906
568
199
714
642
799
406
653
513
312
128
269
737
211
99
627
361
554
791
3
788
992
554
522
149
110
836
623
166
196
700
68
193
848
497
425
877
389
902
637
34
835
773
842
767
311
932
308
440
152
804
550
278
229
37
410
583
286
392
362
452
341
933
935
393
945
987
333
823
943
806
897
405
524
122
472
358
636
325
326
603
992
835
800
921
864
11
422
285
469
639
456
548
25
25
228
112
510
240
689
372
623
530
764
920
327
347
252
360
108
812
804
686
624
895
380
33
364
599
660
965
160
180
999
169
523
411
776
352
532
405
499
719
331
918
418
14
271
765
394
674
909
660
554
670
617
293
664
209
573
420
848
643
987
548
273
849
560
737
614
384
375
381
342
550
870
430
832
675
457
268
470
943
970
528
773
318
754
368
503
478
119
792
701
985
545
266
180
958
378
190
522
553
330
812
765
387
396
278
137
740
561
307
836
604
87
646
344
514
109
549
836
236
294
958
703
837
367
507
474
732
343
270
657
305
930
832
222
442
82
858
793
180
122
903
136
566
344
569
135
934
743
816
605
183
838
233
635
850
177
739
576
457
593
165
510
443
827
66
459
337
930
599
941
759
881
923
582
71
97
389
903
599
179
428
180
154
900
607
100
844
570
725
11
183
750
614
909
115
376
233
401
794
993
935
960
738
842
556
833
363
455
654
19
336
247
653
510
786
250
11
806
792
983
349
541
667
505
919
347
526
494
527
653
491
628
871
639
408
368
349
839
720
780
976
680
69
708
633
23
540
622
161
366
825
732
849
403
137
263
603
812
183
865
880
377
358
134
259
533
509
560
443
978
96
750
743
937
555
145
17
947
257
115
788
31
107
340
626
937
981
186
814
426
762
12
737
450
743
563
608
415
885
294
426
816
624
968
479
338
757
496
211
446
864
445
426
542
787
940
70
258
322
479
564
300
859
188
213
340
28
503
664
560
317
597
157
211
244
782
420
856
263
278
331
468
523
192
414
374
163
663
249
572
941
667
337
643
471
124
17
18
95
903
177
124
56
58
200
688
127
180
850
887
693
982
820
649
472
185
700
156
938
459
718
634
122
921
17
989
193
786
457
842
669
349
541
880
666
144
408
107
775
71
77
609
444
741
379
97
257
714
496
315
321
433
394
207
157
93
128
30
909
744
264
111
338
559
106
871
679
796
648
296
70
641
153
588
831
471
955
119
522
57
446
951
469
440
648
617
946
923
211
904
904
314
986
948
962
912
474
965
964
634
966
691
657
808
10
28
866
391
697
481
625
121
2
293
59
74
877
642
68
119
100
354
349
741
772
919
8
435
59
15
740
494
307
936
812
799
284
268
729
618
856
713
904
342
888
136
143
324
12
159
560
206
344
893
624
773
850
666
865
599
95
337
771
707
93
27
450
10
483
232
929
76
821
252
196
764
548
404
427
633
82
124
146
298
875
575
421
710
863
714
953
605
852
797
446
230
760
583
225
461
324
229
157
592
748
462
889
15
978
286
133
263
715
653
526
593
169
180
105
603
552
571
588
738
484
930
496
162
735
258
107
229
761
238
721
260
151
412
923
820
118
66
400
303
226
150
191
838
903
863
431
689
176
937
110
915
309
705
789
708
447
214
5
252
135
552
898
977
621
72
629
646
757
66
200
512
707
419
819
813
855
956
171
43
747
936
466
931
258
984
818
640
595
912
626
992
882
774
635
670
80
214
276
408
345
589
338
628
403
640
892
682
310
336
226
102
63
252
245
862
806
571
665
330
32
93
376
460
543
836
232
813
764
548
340
144
791
308
9
272
382
513
790
986
649
998
511
590
614
305
571
32
383
940
560
861
793
231
33
988
576
711
190
562
622
29
241
90
643
725
633
31
495
25
111
927
490
202
926
959
820
275
856
205
248
578
963
246
683
731
282
724
699
914
863
674
554
581
807
192
418
668
470
254
930
390
505
303
623
953
451
940
606
797
655
217
205
150
236
72
769
997
559
624
210
410
289
785
131
991
385
511
262
603
693
313
516
546
162
133
538
622
619
962
607
637
85
721
786
718
857
256
672
592
267
60
547
474
928
483
566
993
908
516
652
657
241
699
209
242
932
341
808
262
521
972
708
677
286
663
971
542
149
170
171
226
91
741
824
622
166
923
46
797
380
914
649
559
950
649
516
219
619
971
254
780
377
831
40
298
854
401
971
680
21
393
15
174
140
22
607
243
97
814
136
296
541
381
311
643
537
711
34
135
805
859
63
381
159
111
72
425
321
618
848
675
411
914
472
879
887
347
666
308
52
480
375
830
138
417
732
897
133
265
750
843
180
250
758
811
368
351
400
844
546
862
5
184
797
881
305
995
787
544
967
846
708
532
704
563
320
154
690
356
806
562
517
107
885
51
897
877
47
892
683
664
510
906
166
357
167
225
790
836
843
209
640
716
707
495
438
723
860
700
703
432
392
606
290
906
188
497
778
404
641
754
989
745
665
536
359
990
235
7
637
448
498
930
187
810
743
572
254
914
679
620
861
1
368
147
130
598
461
402
943
71
696
741
876
283
799
934
900
990
191
631
927
617
381
952
371
429
916
369
355
772
104
356
66
245
457
435
784
66
75
105
923
255
226
296
225
705
643
254
146
761
86
908
394
908
64
342
876
136
788
104
666
861
689
906
584
949
615
410
921
969
723
123
18
770
490
823
474
721
755
318
907
3
588
331
770
237
846
583
825
920
485
837
23
208
903
153
413
695
175
582
593
225
9
386
199
491
341
872
763
397
81
449
620
842
958
208
170
168
629
377
8
944
130
133
92
619
742
85
20
374
123
625
107
100
281
236
224
567
918
189
191
267
153
716
417
383
159
526
503
809
271
176
556
364
272
324
832
496
658
859
888
887
545
567
371
191
510
947
576
305
609
10
819
165
673
25
486
0
251
626
20
371
153
558
737
865
649
438
837
277
847
333
223
413
85
749
406
495
286
125
675
862
786
501
530
281
715
622
504
872
679
600
726
572
294
696
851
74
355
150
712
780
832
329
436
268
442
423
272
526
683
221
157
497
142
368
473
697
573
381
1
436
78
851
96
214
548
83
886
52
338
161
500
930
778
186
979
985
131
129
812
537
658
512
826
686
815
463
419
498
624
676
750
23
740
328
247
559
997
922
334
842
832
650
725
59
913
156
848
328
815
894
166
428
486
664
622
338
940
487
757
960
899
110
972
590
373
322
950
761
318
25
767
913
659
102
736
379
144
635
710
475
351
27
804
290
685
410
373
88
734
508
939
599
849
343
837
635
502
535
378
857
755
908
109
195
574
561
881
54
397
635
75
256
537
380
615
761
257
107
339
885
499
586
136
883
573
140
630
973
642
169
175
820
760
23
428
183
5
846
171
440
530
208
306
27
640
204
181
468
423
638
764
244
510
564
720
871
316
39
796
221
413
772
552
508
192
910
480
510
789
314
19
500
812
887
215
823
784
664
506
62
859
783
164
369
979
375
120
225
298
662
105
266
891
925
529
582
480
950
773
191
825
577
36
464
327
891
502
696
134
867
866
53
528
706
567
665
807
807
556
955
171
284
715
677
137
560
439
125
508
386
215
499
957
302
91
710
878
648
587
915
461
34
71
387
916
963
489
39
989
23
631
435
570
453
876
212
962
945
870
471
536
134
42
104
254
31
667
420
295
82
418
275
89
833
256
613
425
687
510
80
337
308
325
443
476
709
58
514
338
835
689
383
367
438
146
497
622
237
409
228
116
565
191
589
647
76
831
255
900
640
163
375
631
209
27
936
189
512
607
892
174
235
693
609
607
438
812
963
419
839
449
347
681
933
526
972
545
950
448
469
17
340
674
168
308
316
429
391
593
275
65
61
545
308
333
512
938
994
258
369
745
999
918
509
68
815
372
380
197
780
488
507
75
750
656
696
763
206
998
922
91
376
243
498
239
803
886
593
365
71
889
568
546
545
948
558
552
837
363
706
975
377
418
53
327
450
297
618
192
966
779
38
1
565
784
222
757
556
587
497
11
431
109
83
724
819
560
218
792
277
96
881
721
106
459
535
521
28
330
963
512
406
63
54
333
525
606
77
29
211
153
386
938
488
195
518
434
887
390
213
729
642
319
318
713
595
527
901
333
185
261
390
997
499
223
904
908
828
648
148
429
147
379
161
868
517
101
30
873
545
729
971
607
568
37
580
58
864
833
962
255
59
848
208
413
928
694
495
449
462
674
782
665
792
534
210
934
970
777
686
148
631
797
807
653
964
180
279
305
452
413
372
538
848
661
243
860
442
305
982
306
983
32
176
611
792
845
889
220
915
425
779
911
819
751
159
352
96
81
908
376
851
73
997
371
659
489
398
757
29
996
723
265
356
349
141
865
93
413
722
489
109
627
432
854
33
163
109
853
466
385
486
237
347
382
634
574
768
409
474
195
949
106
952
587
952
951
969
750
764
513
369
955
954
689
217
374
46
164
927
725
972
942
906
420
214
914
935
639
635
279
510
189
829
887
739
76
998
857
833
399
560
862
329
820
152
465
195
97
390
599
527
567
812
149
795
871
161
177
801
657
632
745
971
468
210
288
958
832
484
207
336
710
574
328
416
793
10
269
833
230
53
487
2
950
485
379
501
540
703
486
394
522
516
474
159
942
839
664
62
986
862
101
787
313
450
362
536
389
20
675
944
462
782
89
684
749
68
794
581
406
205
78
383
604
90
605
125
758
617
60
943
7
558
143
845
644
455
416
23
670
338
941
91
703
990
504
313
937
891
152
590
418
967
972
987
948
21
624
498
208
276
416
757
211
233
825
723
969
994
135
439
582
177
321
182
316
153
113
389
862
63
447
917
818
32
613
364
165
259
958
65
57
947
47
196
674
492
23
815
590
863
531
709
514
395
58
718
529
810
679
996
303
61
253
845
564
933
373
685
157
319
426
23
596
411
350
959
647
154
445
480
334
593
935
597
158
766
908
926
707
118
223
145
706
736
141
490
412
858
479
721
574
566
698
687
773
48
424
324
303
815
319
407
525
597
992
803
397
437
410
667
196
592
205
722
777
44
90
321
572
162
639
662
941
378
721
997
625
653
34
374
646
23
498
34
248
751
905
3
45
660
866
648
874
221
252
706
745
669
42
253
338
898
370
726
54
425
163
62
90
607
967
568
920
798
504
141
82
370
655
561
248
15
879
281
673
545
480
644
501
296
248
35
441
926
499
830
964
285
755
381
358
778
252
975
1
360
886
651
487
683
597
777
859
770
549
259
620
624
894
645
699
199
783
38
213
265
79
938
780
196
199
54
297
609
660
544
596
258
216
864
68
694
736
326
769
810
176
729
935
917
562
489
29
360
437
507
299
920
826
519
291
833
418
78
485
537
68
981
6
943
451
833
260
838
195
14
40
921
780
936
102
941
207
93
104
781
53
213
758
830
911
335
274
345
448
737
672
870
919
787
451
562
881
337
771
88
491
771
626
189
909
587
405
59
649
739
632
276
491
104
610
465
691
230
120
70
677
154
957
11
914
430
623
386
799
836
741
87
467
195
732
41
431
687
625
236
365
480
729
976
507
473
700
890
489
178
887
621
589
349
697
77
80
378
438
552
50
79
951
793
624
640
650
921
206
854
661
220
655
191
582
438
785
411
422
264
798
742
437
243
932
734
655
688
14
979
899
49
348
446
396
903
518
23
448
449
798
943
558
446
578
150
252
640
592
82
535
317
53
918
372
347
558
778
59
855
392
548
163
74
194
483
264
336
144
348
737
614
307
67
806
79
683
616
527
468
350
395
936
262
419
685
681
641
279
165
905
751
57
251
418
909
33
828
39
782
450
603
530
634
297
305
403
955
373
232
211
84
470
378
255
287
147
936
783
121
859
642
981
219
29
187
147
136
523
133
486
830
185
664
583
843
604
378
592
422
661
844
356
606
884
657
390
875
650
876
515
303
95
141
268
873
497
919
844
878
62
673
280
356
57
751
884
660
368
252
490
435
94
70
205
93
772
294
284
255
683
627
578
984
957
754
521
170
265
676
471
859
949
92
705
475
453
891
813
825
465
602
268
494
997
596
747
62
979
125
754
838
819
722
621
982
66
518
529
789
944
823
193
851
211
163
462
528
305
698
965
62
699
121
162
245
254
624
962
555
755
345
326
973
157
909
99
839
818
869
607
676
955
410
206
99
430
401
426
214
219
150
129
720
155
420
280
802
36
47
101
625
953
14
139
152
678
376
399
846
306
738
7
156
453
114
313
909
808
107
929
762
796
525
37
545
603
288
699
801
851
373
74
653
361
505
181
827
890
535
92
495
428
433
565
736
587
619
240
687
63
132
936
360
179
201
620
311
368
544
598
640
240
126
323
442
319
109
553
161
524
558
527
446
909
807
77
302
272
721
165
132
390
328
793
99
129
151
636
293
359
24
389
505
959
598
237
28
719
239
826
726
712
784
68
672
450
151
692
895
241
7
885
472
601
116
882
944
333
956
495
62
386
149
884
768
883
72
276
503
974
250
604
912
915
699
142
359
485
493
901
74
665
259
179
327
211
915
23
619
888
778
58
841
823
450
808
227
920
106
811
495
326
802
939
329
737
834
235
809
323
158
141
425
405
648
877
734
770
234
762
408
369
365
801
807
136
572
644
476
587
334
392
889
300
732
724
174
381
480
277
