715
815
979
232
452
886
986
371
490
853
399
112
233
246
914
688
825
568
337
65
15
495
148
264
64
432
632
630
777
340
263
525
155
182
220
357
458
250
676
703
812
795
840
781
398
785
279
427
961
982
176
967
420
700
326
753
915
364
68
998
781
309
647
415
692
632
507
793
110
332
446
857
936
138
376
438
881
991
564
378
428
489
352
294
992
432
632
154
802
51
498
550
570
420
18
687
283
601
301
905
267
664
186
453
826
374
156
624
512
612
541
609
591
262
573
868
856
513
512
343
425
441
677
848
580
324
994
929
474
879
653
521
742
883
406
856
127
354
280
351
37
476
766
322
605
897
858
899
863
810
440
548
485
425
682
209
206
361
885
999
624
596
968
477
163
863
212
638
946
948
39
679
853
659
731
755
402
381
83
977
699
800
894
6
776
232
524
541
909
800
725
944
438
508
9
857
70
210
794
537
423
741
310
564
68
766
728
216
603
95
782
248
886
557
613
985
504
130
848
56
749
771
72
957
26
941
781
809
883
327
739
759
835
972
232
194
6
759
953
259
267
259
852
21
413
950
616
40
761
450
625
933
681
0
872
940
87
481
879
40
101
546
962
540
961
851
153
781
175
556
730
123
574
876
419
860
316
40
909
935
405
261
932
450
47
650
795
33
257
44
956
20
673
247
309
275
341
174
750
600
82
944
215
417
344
71
543
393
287
382
895
443
746
134
149
634
537
653
172
735
948
468
656
207
539
683
631
104
316
867
875
841
924
191
572
955
486
512
595
784
369
412
946
159
339
802
870
512
228
877
806
26
229
691
254
511
103
976
428
0
968
564
523
234
953
221
334
781
43
986
436
749
847
510
201
791
52
597
782
298
35
830
47
815
255
765
698
382
937
348
560
942
727
541
419
73
884
775
527
218
947
362
85
588
277
88
834
688
898
795
183
458
884
21
426
161
911
288
17
473
484
162
38
615
685
404
998
376
987
135
340
942
299
348
715
576
135
991
824
557
776
95
534
781
1
981
98
124
719
526
999
988
981
86
76
598
828
99
25
316
336
899
553
606
181
43
137
855
480
750
439
947
746
230
358
623
927
409
77
909
781
619
887
203
152
428
861
247
330
582
775
441
272
310
507
5
415
532
444
435
533
984
171
861
637
835
515
852
594
279
798
760
628
900
941
370
881
401
109
847
690
347
909
99
78
284
484
575
437
267
367
706
210
291
544
79
516
155
18
568
766
410
665
671
161
325
423
29
11
743
528
561
713
764
39
606
232
889
985
193
873
251
623
998
923
810
802
22
275
770
327
223
70
599
914
688
799
746
30
591
11
220
2
418
730
293
504
134
208
33
711
767
841
369
976
116
396
522
989
22
726
987
541
925
223
976
877
775
546
942
233
854
989
755
855
165
969
43
196
175
451
553
896
907
289
640
749
408
688
37
557
377
978
484
17
734
85
275
326
623
902
830
529
613
237
808
371
30
986
546
16
76
621
100
194
508
819
789
946
614
884
417
958
117
154
438
582
437
540
450
921
628
168
37
773
263
815
855
155
762
593
110
600
267
338
133
255
747
45
740
580
202
692
720
820
710
506
864
473
968
983
195
274
859
891
825
310
969
382
756
689
588
147
402
735
734
149
362
325
654
938
721
143
776
412
48
644
367
814
356
925
225
932
233
229
487
283
779
651
240
591
283
978
441
331
483
65
67
771
454
126
392
838
647
342
435
112
556
64
596
883
110
79
205
461
208
406
621
444
690
430
534
670
777
314
636
950
12
468
412
184
270
760
158
742
355
94
689
59
368
653
458
620
828
595
296
599
117
257
192
131
656
659
40
751
609
253
761
975
555
953
38
776
772
430
155
373
280
610
836
586
57
343
660
510
528
876
103
845
274
90
188
627
26
743
314
373
703
664
133
138
410
782
293
807
686
459
660
127
819
151
386
689
313
203
303
483
198
62
100
461
829
605
758
344
515
845
792
102
119
853
51
483
541
623
405
808
198
621
92
80
304
928
109
524
766
19
334
369
468
278
691
177
401
343
953
455
448
898
981
780
973
9
32
926
89
455
202
120
170
47
711
349
843
858
74
878
707
700
781
795
292
240
394
158
786
754
585
971
405
610
599
603
717
313
431
608
458
987
672
899
501
916
970
105
775
632
853
836
668
315
401
670
834
879
772
312
324
371
427
728
62
296
609
73
52
767
637
548
563
294
922
909
540
322
192
464
161
527
691
586
485
410
861
412
604
623
741
90
571
358
227
410
494
177
502
56
845
112
580
727
194
789
390
713
761
908
206
679
124
234
453
660
930
327
229
523
668
989
384
882
860
568
476
126
546
144
315
310
684
937
243
835
824
412
22
556
674
390
767
681
117
134
122
206
240
620
758
199
54
941
139
354
401
107
770
375
733
697
461
180
197
332
235
158
308
686
264
626
753
852
711
98
96
830
413
211
377
351
676
818
712
802
784
927
520
932
441
218
972
241
478
529
244
399
26
235
312
519
406
711
956
458
123
214
840
479
122
56
211
370
346
298
3
233
748
660
484
840
431
889
251
900
251
888
525
349
540
359
633
996
925
255
966
868
358
514
554
549
68
849
113
419
12
18
174
573
331
567
281
241
317
618
661
213
256
20
117
289
564
333
906
80
369
789
851
438
605
705
314
147
353
962
247
444
374
151
531
731
297
634
771
933
761
424
191
425
865
242
478
721
958
769
896
961
918
302
864
700
243
31
75
837
859
942
577
99
301
859
175
254
402
218
783
294
582
583
765
820
626
734
222
767
135
223
127
784
512
222
871
162
924
65
842
136
239
274
83
35
61
476
222
595
978
667
919
242
769
132
338
240
822
500
872
361
98
588
850
963
707
913
190
388
677
490
859
440
514
162
586
559
985
30
627
445
989
793
865
908
957
754
59
12
731
487
568
866
532
675
246
406
323
618
327
862
618
366
777
816
782
570
777
853
893
987
619
81
439
687
32
663
598
397
724
154
916
300
466
246
911
280
663
668
132
511
832
908
333
921
977
453
88
526
507
840
950
281
561
315
195
682
592
633
9
402
296
422
36
607
899
840
74
919
552
922
321
650
828
266
932
400
271
266
932
793
398
916
279
379
243
158
687
542
149
252
177
4
372
461
584
68
301
814
639
693
926
67
184
160
472
316
707
862
110
236
621
104
238
92
180
694
482
910
309
135
667
38
787
759
468
187
965
790
422
83
650
285
157
196
819
36
446
551
165
503
179
998
881
239
405
886
234
276
517
384
427
240
55
202
74
47
843
875
781
899
649
395
71
332
520
440
343
284
620
509
734
984
434
181
171
650
144
381
708
611
166
664
123
767
283
788
955
441
446
17
765
741
746
2
851
628
972
452
480
146
796
555
667
347
582
348
262
116
804
981
559
399
906
409
26
454
645
951
856
40
448
698
985
673
933
188
786
299
853
579
530
203
628
5
783
934
364
504
176
187
276
42
438
26
540
231
236
817
8
97
840
248
959
498
677
498
615
165
598
620
990
602
961
266
975
616
358
773
215
500
315
705
348
840
941
978
369
23
325
694
856
525
941
349
917
636
485
62
98
513
582
692
140
516
673
29
17
718
797
794
381
893
668
994
720
715
161
42
365
357
89
375
513
751
451
172
110
925
732
791
372
300
395
117
899
894
998
30
167
957
207
459
168
111
911
148
172
607
718
454
380
836
188
938
320
523
422
368
487
736
512
634
408
970
779
477
174
332
668
26
251
671
705
388
596
773
168
433
693
472
22
435
529
57
905
513
935
325
51
262
884
242
931
707
986
559
722
624
370
657
814
453
459
993
622
47
134
563
139
623
517
922
503
12
496
799
78
216
652
985
341
480
401
726
403
925
638
511
538
8
482
409
530
275
594
240
795
914
642
718
364
160
426
321
301
589
607
899
437
741
370
731
297
452
433
945
978
110
520
750
874
779
260
65
386
943
220
902
755
168
940
602
967
472
247
882
907
507
152
760
548
882
341
447
394
813
113
430
317
16
644
424
35
372
866
957
940
670
765
641
650
85
231
306
888
13
320
975
349
584
687
307
789
268
225
209
637
16
108
490
577
136
391
74
827
704
720
232
786
756
385
396
69
446
968
283
242
497
929
501
616
418
218
112
821
671
915
501
725
976
367
40
112
481
140
526
902
81
83
143
697
5
860
162
943
638
106
704
115
465
118
64
551
957
347
74
40
575
373
399
678
217
630
133
47
489
71
233
607
901
223
37
861
533
771
169
61
1
506
965
181
153
348
853
119
67
207
813
218
679
189
508
461
223
885
189
881
498
788
727
874
304
568
847
962
439
593
308
898
939
780
288
470
629
181
86
843
610
353
486
487
604
142
918
709
175
239
755
92
409
759
941
972
836
849
984
644
280
834
206
762
33
412
442
248
480
55
56
967
277
902
681
915
418
132
682
571
187
849
563
475
562
44
53
816
671
935
917
479
404
682
317
314
974
661
762
696
583
133
496
88
401
522
665
850
53
587
492
890
754
334
226
889
145
616
204
554
716
485
969
78
735
45
292
989
446
515
865
410
718
595
184
321
473
256
714
783
857
767
689
94
517
179
44
396
473
430
327
839
687
168
393
879
716
863
79
800
478
668
246
338
857
662
478
423
929
485
217
928
497
900
715
948
306
212
468
734
447
202
360
778
485
588
312
492
168
941
194
502
849
818
939
252
708
992
484
444
517
84
26
143
650
271
903
655
316
252
495
549
231
656
365
40
417
364
643
547
839
569
824
267
99
482
628
891
578
639
160
159
594
483
992
42
152
675
410
252
271
120
824
955
165
348
184
820
783
854
942
94
221
969
55
892
112
479
374
53
792
149
404
370
634
732
992
555
767
404
478
926
16
532
132
965
140
610
543
610
956
387
412
42
174
408
626
748
5
926
773
53
834
800
262
361
860
603
669
159
770
22
505
273
505
523
110
383
562
15
453
999
467
266
953
675
293
306
53
624
253
19
556
22
284
811
344
512
777
757
244
210
727
725
429
370
401
114
379
21
177
309
757
751
352
29
722
438
551
908
100
363
220
857
47
46
945
691
840
109
191
990
632
808
40
661
224
836
705
37
758
739
790
930
821
324
39
128
323
340
88
288
555
281
351
653
579
607
246
82
505
977
665
610
462
605
921
259
524
68
543
703
468
396
732
521
168
789
253
305
511
916
348
932
542
551
761
611
708
102
999
461
646
658
83
372
681
493
840
682
487
461
206
461
336
982
33
438
265
299
405
346
290
625
942
347
10
840
310
262
389
199
80
265
165
531
682
601
782
939
567
829
899
747
706
867
471
708
695
725
94
380
707
736
410
343
100
897
401
681
146
475
251
206
653
697
513
585
936
684
841
909
171
986
574
731
583
244
572
225
155
851
434
587
67
982
600
993
840
970
688
93
10
438
881
511
833
969
302
143
388
347
765
374
496
197
827
81
50
781
76
50
16
322
121
453
818
353
682
925
438
362
939
345
601
850
916
454
785
37
127
713
855
479
838
353
642
584
53
519
334
42
699
444
260
472
318
461
59
661
948
597
860
109
526
95
187
444
327
326
665
305
394
76
943
567
921
307
341
568
42
483
120
126
980
753
377
768
871
176
538
677
353
662
940
720
533
846
797
656
975
269
181
474
298
379
639
373
90
761
516
266
621
417
242
246
651
382
628
182
671
233
316
950
806
244
780
614
861
415
57
737
303
886
872
819
627
11
147
110
620
757
500
673
98
292
722
246
709
39
225
846
994
836
92
436
263
188
238
962
104
321
989
316
356
644
952
503
201
943
871
573
3
476
729
609
796
600
939
185
182
384
44
524
908
470
78
290
751
928
286
274
795
997
725
692
529
460
343
676
352
908
632
111
789
754
798
630
865
794
778
924
729
365
560
149
57
874
534
421
666
388
930
898
699
697
771
935
347
475
154
597
116
580
625
560
787
930
705
644
996
381
394
771
643
361
555
932
405
717
849
904
349
318
756
212
946
48
389
6
677
379
644
311
281
950
79
660
827
306
628
608
9
469
543
17
383
258
151
357
60
642
874
977
819
425
577
37
342
695
735
512
212
625
627
180
907
155
484
790
633
941
956
572
52
783
645
411
218
322
328
875
762
773
565
497
313
121
645
266
449
25
707
951
444
313
953
434
774
642
990
426
600
214
725
814
17
551
521
348
991
71
900
893
451
667
583
383
51
65
196
342
497
555
807
944
608
199
787
571
230
652
664
438
349
395
18
609
108
439
230
649
587
291
885
212
388
647
379
45
676
799
89
501
824
288
694
487
421
422
76
613
96
519
623
44
524
966
545
385
497
494
512
926
449
995
480
197
519
774
301
984
225
693
313
987
684
972
684
359
726
964
698
139
486
462
566
41
15
133
876
282
612
581
923
903
926
827
185
325
585
955
649
964
709
696
528
12
455
612
262
509
343
636
799
1
229
774
641
672
29
322
864
144
681
898
460
311
614
104
876
391
230
930
580
524
932
468
994
525
879
595
343
996
885
857
224
124
553
50
420
710
440
866
424
344
741
760
398
163
396
67
277
887
555
752
961
429
868
237
723
72
335
429
75
377
252
913
433
790
719
791
980
959
124
681
626
964
306
268
509
654
20
723
191
369
802
896
948
154
782
343
718
475
842
727
350
72
559
934
446
261
273
360
668
894
990
123
368
650
917
17
846
261
75
363
263
769
64
759
938
664
648
334
848
297
70
109
133
284
99
533
690
172
604
593
512
264
34
252
719
869
882
812
844
244
445
655
369
403
658
488
646
411
822
214
285
422
398
114
443
18
379
994
874
375
949
951
76
529
283
751
915
193
5
480
107
806
869
906
424
36
570
256
676
847
652
947
801
78
342
610
748
422
436
761
706
858
678
613
789
204
637
482
943
643
51
857
808
17
447
186
826
415
173
457
752
287
652
704
815
373
49
465
421
44
986
710
342
641
60
992
590
158
429
928
736
101
358
652
61
270
320
433
713
87
416
650
791
808
261
723
708
872
493
404
897
63
904
493
34
920
764
259
291
50
583
164
131
277
83
236
920
628
108
317
402
282
573
580
396
325
913
846
180
34
565
959
900
83
26
74
801
540
536
810
89
726
902
243
250
605
239
430
45
989
934
784
400
12
482
790
379
467
236
86
115
399
517
253
74
902
741
745
952
840
630
746
531
100
551
634
361
699
60
285
934
789
99
7
353
647
385
361
817
630
331
984
125
283
825
698
624
482
308
461
331
352
345
118
245
760
309
539
46
218
936
86
953
538
926
726
991
664
448
947
832
65
514
350
613
514
765
299
121
20
452
236
822
816
204
11
939
599
485
403
427
47
845
643
153
870
484
577
535
860
810
591
694
25
36
333
576
32
989
387
153
639
385
88
764
988
237
388
514
397
786
814
293
60
713
699
538
205
16
636
749
494
26
770
623
362
381
273
498
233
757
262
957
400
30
294
978
584
959
13
93
182
497
536
168
919
734
727
185
701
783
426
333
794
166
935
685
999
426
61
647
178
113
209
944
643
936
306
869
201
869
195
168
389
189
532
455
618
154
501
449
80
596
553
138
92
49
683
406
805
343
351
986
430
69
119
230
11
314
264
966
18
949
657
664
727
163
992
56
67
16
57
30
298
484
611
201
672
678
313
277
336
255
914
600
577
789
789
155
149
64
588
204
998
722
124
112
192
71
63
405
309
179
654
829
569
811
94
118
251
875
365
519
444
527
257
45
327
373
174
172
501
928
642
793
59
728
735
988
619
196
404
467
236
89
960
249
903
932
444
125
111
691
956
151
828
730
634
549
876
994
430
724
950
915
998
18
381
690
934
736
965
342
509
318
597
973
764
646
848
843
163
170
930
898
329
905
324
77
303
676
20
38
98
71
157
464
308
747
94
854
726
377
433
730
76
625
378
794
21
984
930
773
189
392
663
36
968
209
490
827
949
189
668
494
13
882
269
792
592
688
171
127
698
562
76
668
862
721
193
822
671
820
855
470
447
4
546
885
518
900
991
625
593
973
911
750
588
415
668
2
725
829
817
985
399
567
314
63
583
866
557
764
199
605
667
969
77
818
87
369
263
117
338
754
469
264
793
931
58
700
100
952
472
85
283
368
384
325
278
119
531
160
241
816
256
967
667
170
715
470
410
660
118
224
837
619
422
586
934
647
284
77
665
710
110
741
725
208
546
558
190
818
414
647
692
926
271
550
515
303
52
51
480
770
535
801
541
143
952
887
610
344
37
196
784
545
369
841
779
245
463
32
387
633
500
10
399
913
695
703
919
617
670
438
196
807
566
237
590
859
958
898
521
648
137
983
365
540
510
444
105
363
166
831
324
802
929
574
399
271
661
149
506
86
92
971
905
199
80
519
371
747
382
472
240
724
725
698
476
236
49
948
907
326
136
582
579
193
385
727
489
115
740
973
761
498
537
478
197
342
953
571
193
114
707
365
769
873
268
479
176
61
686
971
758
386
916
768
709
1
583
113
96
1
408
289
15
385
179
411
404
568
4
126
420
44
248
533
306
481
226
68
838
378
593
790
989
123
3
340
5
55
825
544
463
709
910
119
394
885
332
973
328
481
205
803
711
774
419
523
758
746
100
172
513
975
14
209
516
973
763
643
792
719
9
327
68
299
881
58
164
133
505
897
150
725
392
430
783
524
902
140
945
110
614
603
87
634
169
567
919
45
111
883
450
219
660
371
883
615
781
335
449
939
622
323
147
544
546
499
679
537
30
148
895
939
450
822
937
316
5
837
674
397
20
919
990
930
118
352
758
766
863
241
238
763
863
735
938
703
815
879
452
706
663
247
133
76
71
784
166
795
832
503
49
778
509
459
233
422
148
194
587
106
763
20
159
690
32
480
87
844
570
181
594
698
157
88
229
4
782
253
848
659
980
937
801
176
231
4
943
307
952
132
4
312
92
540
791
627
429
867
510
580
559
385
917
598
652
565
461
65
245
881
556
287
238
855
700
420
117
901
43
374
606
35
575
28
966
294
212
923
66
324
11
412
923
896
440
9
744
896
152
678
416
177
389
380
651
508
288
888
859
82
850
99
308
603
743
714
869
844
719
150
923
599
570
798
65
244
840
304
421
822
290
751
89
56
680
637
101
478
216
682
750
151
144
749
925
824
336
591
990
533
335
895
899
80
448
471
149
892
536
630
439
946
479
855
775
930
321
343
81
439
928
660
409
97
552
272
829
310
190
797
485
218
590
538
568
930
592
548
636
433
485
896
905
58
108
404
627
380
596
565
835
123
413
955
521
115
959
73
271
648
550
873
677
169
737
981
268
514
493
231
849
369
59
329
417
432
203
17
251
713
748
92
447
312
105
396
753
354
745
276
41
115
10
48
186
453
251
297
132
692
293
670
937
407
758
254
937
409
154
298
563
349
53
392
248
776
402
529
741
712
345
708
69
627
352
788
824
530
457
460
437
884
516
587
455
791
9
555
935
361
228
267
685
556
869
956
764
496
786
856
906
971
236
654
616
236
267
978
884
181
983
818
361
118
628
404
696
461
912
651
21
283
197
736
688
899
590
780
846
772
511
180
331
734
941
805
998
809
511
247
658
280
744
158
21
845
418
91
102
646
201
402
680
781
353
693
461
445
884
413
825
424
188
648
181
70
170
630
947
831
176
917
661
194
225
421
781
446
491
278
264
117
422
229
316
913
92
278
498
982
597
83
506
719
285
26
715
893
324
756
331
810
163
466
73
84
118
994
668
37
338
368
344
694
412
624
685
492
539
231
403
347
811
25
398
911
295
188
305
993
330
956
578
566
530
953
475
196
906
418
424
21
179
924
850
654
806
62
943
706
32
60
891
759
234
611
911
330
988
132
52
798
942
498
220
183
811
957
334
813
274
505
412
764
26
424
138
848
489
12
21
910
953
497
46
566
616
383
450
852
402
517
287
22
77
560
253
376
625
788
958
187
754
682
755
76
867
439
253
912
377
693
141
973
873
674
601
52
495
694
987
275
20
595
495
119
979
909
504
638
888
192
88
90
437
753
283
50
315
133
38
891
137
285
834
139
524
827
767
246
915
806
62
185
462
377
655
68
179
275
171
445
100
807
655
335
688
475
158
594
596
133
218
707
246
482
47
516
966
424
612
959
418
587
271
788
244
21
59
801
818
54
712
833
985
236
240
973
919
843
321
607
436
13
764
294
740
597
41
68
756
582
469
251
878
64
529
589
338
266
608
267
219
715
565
501
508
274
878
353
661
606
97
975
686
312
401
216
486
917
381
62
312
735
589
887
91
594
474
43
989
332
57
645
843
814
212
471
591
527
437
373
407
600
128
548
254
354
100
3
617
651
125
671
104
64
593
437
95
709
748
977
791
983
675
147
310
74
778
377
920
758
178
79
281
732
131
75
80
607
545
397
369
838
990
435
511
173
52
339
395
507
317
642
438
527
329
802
912
780
275
264
34
635
529
858
350
551
454
639
56
299
757
425
489
32
836
174
321
355
275
469
366
563
199
131
205
504
40
693
676
527
19
367
913
506
972
35
715
276
788
46
291
466
923
612
54
517
123
468
794
36
577
21
418
311
271
704
864
902
962
776
382
583
110
804
450
327
169
957
67
192
411
898
724
256
392
153
796
90
455
176
710
942
586
209
988
827
154
316
44
61
430
447
76
258
616
25
815
158
652
884
843
966
574
792
382
73
631
332
246
762
443
639
746
547
907
205
432
628
274
933
547
49
645
743
824
801
692
755
310
683
104
372
607
683
648
148
639
865
236
665
985
450
493
453
832
489
463
955
65
150
428
685
50
838
862
587
87
635
184
637
161
426
569
458
803
634
255
745
515
716
964
61
464
174
775
277
918
322
978
305
132
12
644
593
70
544
914
79
164
217
326
253
102
47
892
225
90
400
437
957
572
470
754
226
416
833
311
93
47
292
417
818
380
258
173
765
586
171
55
663
180
706
172
549
8
446
324
45
33
816
287
90
567
68
187
982
117
16
647
559
375
337
448
426
382
325
861
636
826
716
328
504
515
200
412
810
739
427
478
34
683
47
265
669
985
912
634
525
67
974
348
880
395
815
753
22
478
97
751
396
354
773
354
93
236
959
795
816
620
634
389
589
574
80
151
769
621
487
323
706
709
759
211
884
669
216
594
465
392
985
70
855
783
619
840
491
500
732
13
299
413
399
333
137
67
88
157
756
575
229
323
337
608
569
918
254
203
434
343
407
7
338
400
689
859
866
967
428
207
290
54
294
716
102
699
858
825
859
727
128
827
479
917
734
679
669
258
164
431
784
379
68
872
631
679
944
812
575
202
878
664
78
858
735
476
795
202
197
698
684
385
786
109
335
958
285
992
482
666
168
199
333
666
365
270
45
528
143
605
68
117
428
340
884
253
936
465
99
919
413
315
839
567
94
881
410
129
91
380
169
612
559
710
119
169
621
94
951
631
721
690
614
805
699
271
583
435
325
175
840
421
742
687
593
316
896
548
77
907
739
58
457
435
572
649
833
819
112
564
658
968
715
431
106
645
989
20
707
783
180
666
895
152
597
99
382
502
811
73
202
487
506
908
420
730
349
90
287
917
787
579
9
999
64
136
250
914
376
776
806
463
783
655
196
781
908
539
993
951
524
243
143
577
394
479
798
599
452
230
109
378
393
736
833
680
526
241
580
95
800
871
273
821
595
328
52
383
33
186
735
868
71
520
222
750
25
142
692
916
846
202
863
118
206
863
654
911
607
751
394
32
783
916
498
519
604
219
337
491
392
613
499
594
824
700
61
545
643
654
313
751
783
705
640
230
334
756
251
295
352
405
98
490
203
124
253
639
686
155
185
308
203
928
217
515
586
457
94
486
266
403
178
634
682
23
542
757
214
474
76
22
501
527
598
608
799
298
973
570
796
804
414
398
776
38
511
268
571
244
407
426
388
833
115
570
37
320
868
208
625
149
278
886
202
417
268
543
216
844
63
124
356
762
646
358
946
509
670
89
301
882
123
168
148
19
191
11
306
208
550
146
419
819
933
381
43
607
855
226
249
612
846
593
688
121
507
127
605
534
709
453
988
502
93
885
830
717
34
977
78
596
352
504
545
878
12
685
691
773
954
605
270
414
303
861
597
694
875
6
974
160
814
518
78
76
275
460
487
861
793
976
36
510
958
396
950
690
135
963
503
624
603
893
43
855
286
524
534
604
616
182
184
613
629
143
485
352
752
682
458
581
8
476
730
908
365
773
318
877
651
83
683
107
149
701
52
699
573
233
720
999
552
851
199
585
111
179
839
78
23
306
739
977
178
880
146
697
327
620
149
921
796
713
874
929
468
242
182
910
171
994
448
19
30
258
232
577
279
288
62
931
494
504
62
879
316
594
201
801
113
79
912
290
477
65
842
584
347
7
428
651
682
682
336
180
365
270
14
593
10
200
126
25
968
225
472
713
121
812
331
441
847
746
594
470
195
255
989
276
328
160
723
591
926
220
476
942
899
524
453
141
484
736
573
950
121
840
556
651
382
884
180
747
917
120
623
431
49
551
560
519
246
410
861
589
340
221
882
302
507
215
905
344
744
805
421
805
445
985
639
163
590
396
967
708
864
485
780
201
252
460
86
942
937
56
64
858
560
802
412
550
136
996
719
303
490
209
147
634
704
281
755
963
894
649
81
577
258
990
51
705
599
188
221
294
701
55
640
394
197
933
655
652
152
686
450
214
223
385
827
865
917
780
462
359
913
335
166
477
784
566
202
739
207
985
999
410
870
610
279
937
800
195
399
619
350
105
758
496
323
353
33
566
970
277
371
717
132
418
970
420
719
289
453
939
224
873
305
798
192
486
643
906
948
304
56
431
78
114
160
866
73
132
264
46
522
960
351
71
267
222
96
354
73
284
166
236
381
958
7
14
207
734
335
50
477
335
509
732
324
548
570
232
974
248
598
692
417
905
28
977
209
847
278
604
971
715
947
475
578
421
941
822
903
14
983
940
9
190
731
591
76
307
298
533
109
176
925
267
932
93
848
696
130
720
270
60
450
968
800
292
28
394
734
682
12
571
544
661
489
880
526
514
186
916
588
830
635
935
593
41
221
216
79
312
627
367
253
880
784
337
991
730
358
265
311
79
474
336
301
513
44
984
818
643
98
307
554
318
83
387
48
130
665
877
723
245
80
199
686
931
299
538
334
546
165
766
588
176
597
801
610
443
539
708
698
957
600
538
914
834
546
150
924
616
708
712
34
290
940
803
911
744
589
966
816
415
525
245
201
665
497
779
284
792
461
806
796
732
384
95
679
710
99
749
794
832
834
13
743
756
179
976
186
870
340
553
297
126
657
777
481
942
771
113
957
988
444
988
754
884
814
470
366
510
275
620
550
879
559
865
967
535
834
715
196
430
906
8
966
267
198
184
170
307
445
984
619
34
524
848
905
857
430
802
338
893
774
287
252
544
40
600
644
750
653
246
289
677
973
302
858
714
567
517
94
828
572
219
546
951
290
207
68
400
84
975
71
952
574
922
23
815
455
541
412
510
375
78
460
808
496
600
969
94
57
451
274
302
692
143
564
63
561
277
177
476
164
474
625
194
178
905
485
144
769
884
787
530
637
735
907
178
366
969
303
219
663
167
121
875
402
375
431
237
510
62
858
824
83
582
205
944
244
416
160
951
394
922
595
455
450
749
208
911
253
349
753
383
118
765
417
585
920
39
311
382
957
814
436
306
867
696
333
278
880
195
957
880
287
178
426
105
843
803
655
75
624
249
562
972
649
466
548
443
227
700
998
22
625
256
171
430
961
683
656
543
812
869
215
944
466
464
507
827
243
79
46
250
483
288
30
415
309
232
895
549
960
817
674
536
647
514
42
942
169
3
999
305
305
156
108
826
801
681
362
963
23
44
912
256
754
287
42
571
549
292
998
531
297
283
454
57
194
271
663
383
528
581
880
221
165
866
622
665
102
296
956
522
267
149
496
570
320
89
297
157
662
969
924
234
428
309
990
693
62
170
68
646
320
972
750
354
652
12
714
707
471
922
444
871
865
384
779
66
11
226
495
193
355
821
663
380
355
675
887
871
624
744
710
718
782
805
501
162
817
902
43
372
318
50
878
140
840
559
525
638
238
191
392
498
769
731
657
671
988
458
35
68
620
510
680
379
247
755
714
761
489
573
527
598
161
813
871
478
930
271
321
193
341
267
865
677
644
14
127
318
993
469
473
952
949
958
600
857
677
386
287
285
655
379
528
966
386
438
98
32
59
836
237
471
884
547
621
558
855
484
236
253
160
233
690
854
784
477
976
716
942
991
99
664
384
572
755
217
271
265
227
583
720
954
819
709
543
690
736
9
990
55
582
888
636
321
468
715
920
687
581
944
68
589
223
479
87
222
500
234
659
443
222
391
749
53
472
5
762
924
839
561
998
132
287
844
224
577
978
706
674
16
947
866
405
577
833
917
25
340
343
93
609
959
776
563
149
841
767
189
241
438
413
818
819
776
420
115
714
646
592
920
202
675
229
308
355
126
12
279
857
538
439
390
415
593
580
416
957
762
726
143
952
715
398
914
88
757
905
675
685
91
667
497
67
62
193
596
908
697
356
705
436
187
217
41
48
190
854
874
24
899
903
225
523
968
670
450
290
696
273
215
589
525
789
57
585
556
913
205
907
652
29
686
830
573
529
139
160
922
530
44
26
730
575
255
559
232
58
905
164
213
802
747
997
567
133
331
65
504
602
131
707
118
196
43
810
138
691
502
626
223
637
947
97
137
490
723
86
656
533
289
971
791
782
627
731
221
492
988
470
144
392
219
930
456
188
19
516
783
331
584
588
595
338
123
270
758
68
394
365
875
755
255
898
252
586
27
26
84
24
119
685
110
350
311
483
345
530
508
361
144
588
900
681
850
821
519
24
699
112
529
48
525
89
239
550
63
161
312
934
559
556
513
498
887
105
773
610
594
232
208
741
682
603
278
821
927
251
76
921
237
675
626
644
307
97
44
762
835
729
788
243
723
708
830
592
551
997
904
578
793
580
563
875
47
172
42
772
270
511
646
589
944
433
907
275
480
441
283
387
606
444
197
261
323
996
786
852
986
542
300
913
585
666
226
399
667
987
252
82
716
253
552
569
736
158
367
746
208
845
792
684
538
671
334
192
892
817
128
969
860
16
293
914
119
116
169
439
852
691
65
635
532
313
615
488
185
517
458
662
96
407
550
754
172
574
651
784
401
46
453
475
369
814
95
905
430
872
100
484
757
817
484
219
83
912
503
703
143
748
345
89
811
637
746
393
336
613
752
977
158
56
444
24
685
766
670
402
811
561
582
812
634
593
8
934
884
517
83
674
942
469
246
984
494
587
527
692
419
63
810
63
64
529
490
441
580
89
847
321
537
923
220
779
942
279
267
800
43
660
880
860
721
429
951
160
532
355
899
191
839
385
227
902
754
327
259
981
457
438
437
34
452
723
490
988
278
431
473
93
37
658
809
73
38
871
655
659
898
939
711
647
232
23
873
298
344
629
874
397
690
696
668
705
505
172
875
412
335
284
340
457
461
226
316
742
431
1
786
383
91
206
802
240
188
589
911
783
231
424
884
872
233
562
32
122
435
730
524
495
859
11
185
577
344
112
675
703
850
253
692
415
627
920
758
101
102
294
553
98
322
739
293
760
251
433
853
217
878
233
40
263
759
912
133
623
505
920
754
903
809
832
833
654
559
726
648
339
177
120
707
357
438
866
624
241
388
825
807
914
47
230
92
963
207
775
371
728
940
247
886
507
169
350
614
634
946
995
83
269
731
301
250
341
86
217
642
984
33
94
683
889
458
52
84
101
719
411
831
824
310
360
11
982
406
154
125
973
305
635
21
847
974
834
80
470
407
229
679
520
172
699
571
251
713
855
307
313
163
65
549
396
43
839
469
757
628
449
404
93
119
946
359
15
528
298
323
477
900
953
154
934
313
357
709
314
931
172
383
460
167
109
337
414
781
873
119
859
903
935
558
565
272
661
392
590
115
67
198
76
505
697
536
206
982
792
100
763
849
950
529
258
974
795
79
539
618
49
350
309
683
832
335
833
785
159
586
323
988
463
389
968
283
945
421
275
574
80
84
18
305
105
552
662
238
647
860
336
318
747
173
70
723
592
211
276
341
628
106
544
647
603
28
78
389
270
996
354
509
593
98
60
391
802
934
196
313
724
83
623
508
603
321
179
917
530
158
124
545
105
299
385
824
667
879
360
652
747
810
70
22
366
616
979
605
891
536
514
901
7
407
974
384
110
798
191
915
204
693
172
192
697
346
731
355
722
602
612
387
196
91
691
959
996
644
636
714
546
289
601
964
412
158
159
919
415
303
271
907
352
843
408
454
448
635
953
652
926
698
196
926
870
554
999
922
439
32
580
999
995
662
39
571
223
548
96
580
650
114
374
295
939
99
220
784
330
593
272
374
809
882
718
978
892
932
531
540
339
514
293
986
984
123
88
254
915
131
219
723
180
832
889
236
408
699
492
785
116
953
196
815
816
310
964
698
106
933
429
369
427
397
189
207
927
259
823
881
638
24
230
921
431
432
260
206
92
775
948
398
9
471
104
537
462
362
92
299
12
104
705
165
580
214
926
25
547
195
921
512
674
0
155
425
409
388
882
297
724
537
312
754
173
726
928
786
393
34
841
312
999
298
107
316
762
607
646
804
728
535
265
63
436
46
488
32
678
696
927
785
802
38
308
289
429
27
961
276
227
242
934
797
494
390
61
994
569
469
711
708
995
138
372
194
623
806
936
393
728
874
977
426
530
259
660
344
12
42
943
516
729
87
105
503
693
138
806
819
901
93
719
862
711
369
286
357
673
428
302
65
469
4
393
488
442
475
508
554
334
54
221
678
287
619
173
265
41
639
816
779
105
386
720
718
208
288
882
643
556
52
336
539
560
659
157
230
996
250
8
620
159
668
712
70
656
868
821
712
989
108
495
125
786
272
64
319
819
314
756
810
37
299
537
307
998
922
737
346
869
300
404
905
484
248
707
624
18
181
247
967
453
371
280
823
676
171
42
125
59
372
705
156
872
747
157
374
658
934
64
550
161
149
524
373
888
269
299
336
239
770
262
842
957
385
758
211
691
832
505
493
844
618
196
806
408
122
696
279
792
131
663
912
51
305
861
469
775
648
355
18
508
168
46
142
530
649
686
799
995
1
755
602
378
999
898
268
594
411
942
683
724
524
9
850
377
357
369
501
550
461
888
297
933
289
171
46
823
817
836
637
375
820
171
688
906
696
271
802
979
986
506
165
851
566
915
577
133
108
853
335
327
271
197
691
933
3
217
15
280
442
683
994
908
387
285
188
599
281
734
828
764
179
258
233
248
885
440
577
476
634
422
585
120
795
407
514
825
417
716
420
402
451
576
258
230
884
596
130
901
981
252
974
156
338
305
436
879
588
309
214
186
675
766
527
77
893
553
867
845
967
984
178
647
150
94
193
168
810
958
676
657
145
972
628
574
340
3
385
708
976
134
212
330
483
274
508
137
584
992
867
141
465
873
500
566
568
946
259
320
946
686
384
805
216
803
778
397
100
444
756
412
652
918
207
745
934
967
20
687
929
488
540
837
707
931
310
840
436
591
748
760
910
368
202
399
672
636
595
878
317
504
626
346
678
833
395
900
929
967
684
934
523
140
619
544
689
258
189
99
271
161
335
109
316
696
885
947
186
860
773
637
685
964
783
522
248
924
267
500
646
928
247
727
211
824
756
651
792
642
444
993
101
166
42
491
646
514
453
19
397
166
194
269
976
298
246
729
414
323
373
616
963
564
258
408
525
585
579
114
995
927
487
337
753
672
607
269
842
18
767
485
131
943
360
652
536
599
947
362
797
801
347
594
315
33
696
348
341
483
172
561
990
13
267
860
272
387
980
256
963
340
790
228
473
426
145
948
130
55
563
401
521
538
787
200
962
65
925
263
334
689
42
476
621
792
779
200
414
460
627
585
150
876
623
157
650
268
74
610
315
798
321
450
662
172
575
492
700
706
718
934
933
559
867
414
700
717
748
464
454
694
385
49
773
350
277
923
980
976
407
433
30
888
257
274
399
56
996
626
846
46
782
820
69
83
129
412
23
894
441
360
541
262
58
527
13
159
812
930
0
771
556
15
615
554
336
340
329
164
638
400
850
563
769
661
203
302
370
186
707
928
727
501
895
184
498
398
851
673
273
886
77
553
965
206
690
158
481
508
111
844
41
64
430
508
492
269
19
935
496
708
906
936
9
802
663
583
621
801
74
121
335
572
61
749
262
971
627
481
417
135
238
563
305
423
437
957
99
377
633
607
296
741
434
136
11
171
218
23
15
901
942
499
642
870
789
867
930
890
902
488
419
23
362
166
442
369
355
689
497
12
120
125
958
882
998
493
610
996
108
493
540
981
683
43
375
891
216
168
255
62
728
941
227
923
687
520
983
50
316
950
346
818
725
818
550
23
874
228
681
162
856
61
407
143
829
622
930
884
923
912
23
125
692
158
166
444
568
862
390
549
557
983
114
496
811
277
860
24
74
615
957
160
363
178
310
237
849
926
350
367
202
318
912
89
973
829
127
416
234
292
601
128
336
392
462
481
255
456
788
992
427
772
177
899
505
120
27
405
561
48
575
335
384
287
388
167
441
0
467
954
304
373
262
973
891
981
226
617
45
463
690
237
967
261
897
141
925
149
380
848
499
449
218
568
994
702
720
715
156
985
949
22
487
421
159
288
73
362
137
956
152
79
498
473
540
448
778
52
492
730
363
453
754
67
26
903
324
679
784
48
696
150
770
8
315
249
801
767
854
562
439
791
317
707
271
1
245
727
639
555
186
670
981
47
362
660
763
366
946
864
808
139
122
753
573
901
927
300
672
988
814
827
592
925
160
304
583
80
670
336
997
319
650
650
910
321
639
686
834
508
871
906
508
888
295
880
138
312
672
652
697
556
197
472
817
178
500
626
388
796
803
854
71
850
641
445
746
416
646
647
674
418
199
700
32
867
66
214
878
862
218
586
901
811
120
102
838
427
6
732
619
895
321
876
105
402
914
720
309
328
193
873
128
302
104
384
888
288
351
822
132
57
368
684
587
925
473
471
354
523
50
291
672
286
426
384
568
507
771
922
11
796
94
754
703
907
836
570
920
850
962
270
848
943
208
118
230
334
630
136
825
862
891
842
264
805
660
333
239
911
910
861
39
738
304
412
347
221
71
287
27
463
319
329
543
427
595
419
170
385
66
437
224
312
366
454
589
824
498
590
787
92
663
805
199
972
195
245
921
256
631
26
287
489
331
650
349
434
416
976
106
899
857
802
394
254
719
450
35
58
32
985
103
277
187
799
30
847
131
784
780
393
478
88
998
460
40
815
100
606
513
352
732
664
967
867
547
35
417
586
256
48
34
513
535
230
662
127
63
398
764
769
1
347
264
101
5
190
908
635
403
742
858
872
98
715
353
900
200
371
169
724
551
134
860
10
8
420
932
248
527
519
99
83
475
515
226
356
184
825
42
650
435
515
409
603
81
498
337
522
708
571
683
521
204
920
275
112
558
778
688
990
835
604
922
308
999
291
904
561
443
954
526
120
738
770
303
974
565
103
141
79
428
757
458
816
426
121
577
847
291
492
966
102
941
154
79
79
416
545
638
409
706
877
700
321
851
344
587
956
203
95
400
264
939
568
547
779
663
254
892
219
821
615
836
820
586
909
501
528
162
289
703
320
57
54
664
817
3
673
383
530
541
62
654
610
598
85
473
702
445
708
759
312
528
422
44
443
422
993
856
715
386
149
816
241
404
368
367
148
877
359
0
123
359
103
771
591
576
10
826
566
961
412
350
330
127
109
987
872
20
537
956
139
187
875
389
273
63
440
748
550
78
400
618
812
223
695
339
132
453
361
768
990
879
85
469
29
182
128
972
910
938
906
486
174
785
158
337
51
269
530
114
331
209
607
16
257
632
194
347
126
2
121
575
99
475
769
993
973
922
972
932
66
251
512
840
831
441
138
345
772
796
954
279
631
762
984
999
917
630
956
125
663
298
699
868
641
129
766
628
126
646
540
135
231
738
935
992
730
318
60
144
343
958
796
630
430
974
8
931
260
196
913
695
85
489
349
795
315
957
285
932
676
86
900
344
562
357
411
593
699
861
367
731
345
561
907
612
572
24
561
543
939
968
596
148
754
948
106
96
894
979
365
532
843
7
40
333
718
190
199
439
870
873
767
414
229
103
132
435
645
965
130
448
198
924
435
64
356
319
262
822
13
663
41
256
919
869
309
543
176
803
912
190
55
999
920
981
752
517
411
553
398
400
476
457
192
165
32
40
30
4
782
994
756
4
540
284
645
266
606
589
379
422
962
915
971
906
983
923
110
999
292
361
713
726
101
775
246
599
535
710
971
90
541
447
856
96
683
741
463
844
744
529
132
412
784
352
92
630
55
501
9
297
490
367
123
529
128
350
259
718
822
240
873
922
919
378
925
357
946
957
706
631
77
759
127
985
16
75
7
624
260
734
96
335
859
535
768
904
617
930
276
342
879
432
67
666
752
135
230
72
789
586
531
142
195
685
247
257
316
831
104
739
787
235
141
181
289
445
245
972
604
686
684
43
359
348
84
814
341
593
336
294
647
87
908
261
877
517
120
728
273
544
291
252
319
800
164
110
728
685
716
163
326
303
576
241
514
911
290
16
577
374
822
585
485
303
370
353
224
283
855
865
67
34
629
246
668
9
914
776
894
596
747
865
58
520
851
740
820
21
800
991
72
975
853
838
307
65
34
981
294
133
856
874
917
41
416
797
447
769
515
245
685
708
212
417
957
494
18
359
576
179
474
980
999
715
249
337
341
926
854
750
566
548
526
638
829
433
953
518
290
796
826
667
187
483
709
79
753
669
904
584
83
147
971
589
393
396
812
134
423
403
756
199
545
639
869
424
581
607
813
788
587
56
84
156
946
740
616
560
636
57
194
193
666
483
217
582
410
191
813
784
756
773
862
372
372
856
163
413
906
774
22
924
886
599
956
733
374
388
547
239
322
733
44
263
806
454
351
993
398
847
126
581
225
359
194
554
116
84
521
466
319
498
521
809
565
830
543
58
373
197
96
824
85
445
817
151
782
176
441
677
626
697
67
552
26
725
114
548
644
215
542
529
842
655
67
167
246
296
128
511
777
524
685
352
339
679
381
787
164
29
203
579
417
105
297
68
907
19
132
255
657
220
707
991
909
697
870
411
700
18
876
312
439
726
52
450
463
941
269
832
765
809
201
33
111
418
876
646
23
925
675
438
646
936
239
856
581
156
392
16
204
584
702
41
131
278
435
115
701
748
301
802
157
345
223
315
505
193
759
227
347
639
458
549
903
583
819
680
350
229
235
883
800
301
555
846
913
776
453
750
146
831
944
36
816
199
897
916
282
90
319
589
915
230
15
505
456
348
934
922
372
655
181
815
134
654
334
106
196
400
381
312
81
859
490
476
417
249
611
384
982
224
655
193
699
132
741
941
925
652
450
4
930
141
25
984
417
55
700
731
753
314
25
12
934
452
265
573
998
938
378
580
793
656
875
915
79
327
231
942
27
882
331
593
693
621
162
683
502
67
169
851
644
67
436
238
421
989
238
586
97
166
816
555
344
334
409
743
698
354
955
135
405
811
302
780
17
51
670
836
848
871
968
320
217
277
474
387
59
843
439
33
991
689
322
385
966
301
98
129
753
713
44
372
40
371
527
603
746
153
424
205
835
198
365
196
379
494
863
390
867
106
824
36
851
672
244
331
495
346
629
412
128
881
534
74
942
630
185
392
243
948
899
124
971
510
349
516
872
113
846
620
626
613
420
480
531
581
762
412
712
633
675
974
611
988
133
693
597
607
344
120
146
465
717
509
205
585
4
332
66
226
989
600
546
425
104
362
441
758
721
849
315
589
147
570
253
64
269
63
97
403
97
279
417
867
33
635
76
115
421
624
694
645
519
166
385
530
480
348
410
862
755
157
727
131
982
563
404
64
18
710
908
109
400
753
292
134
451
370
972
306
604
316
807
630
464
603
914
59
671
371
705
937
725
445
829
30
563
766
754
984
128
38
692
146
992
226
233
918
895
815
522
527
375
36
499
610
444
282
946
153
937
651
612
227
260
971
891
972
268
232
595
172
867
994
100
862
150
230
890
711
705
877
144
337
151
276
260
604
199
408
659
504
907
583
229
736
730
134
539
566
941
467
685
440
743
750
272
372
389
729
661
78
229
128
92
730
498
479
807
935
309
432
835
195
560
765
841
653
749
119
988
243
267
436
186
952
440
503
373
961
778
695
788
253
159
949
242
927
732
995
488
945
986
574
982
519
437
288
140
869
855
709
127
37
938
39
648
561
698
216
822
313
16
163
939
402
787
320
76
340
864
10
858
397
963
847
478
791
582
411
314
195
558
265
282
537
789
80
929
46
649
557
399
768
124
99
968
704
229
235
128
716
91
186
491
536
82
462
265
32
542
212
414
605
84
281
16
42
376
954
457
82
785
835
213
705
193
569
621
339
865
13
553
820
857
437
