524
965
114
233
671
97
639
383
288
43
494
305
20
957
216
705
138
603
231
570
322
371
325
909
306
49
318
74
412
283
674
839
755
965
314
96
4
290
420
443
626
489
658
22
849
944
260
688
620
735
422
680
362
123
44
62
675
869
977
181
257
150
303
393
922
794
649
66
553
399
989
957
116
792
589
436
512
138
668
113
120
250
285
996
261
952
215
110
295
757
862
610
90
957
51
559
76
784
635
692
978
195
997
601
490
765
612
941
436
185
388
193
474
152
842
793
22
679
356
562
474
60
904
941
50
593
873
942
238
915
923
561
571
746
632
322
674
660
259
423
336
224
633
164
556
932
511
587
752
860
679
510
127
544
764
218
204
112
341
658
35
334
711
813
553
280
306
325
773
569
117
909
450
636
38
926
653
876
194
926
89
258
58
37
474
915
134
773
406
125
91
470
975
727
777
100
950
787
992
550
177
952
344
195
989
264
39
882
199
954
188
742
820
965
491
644
272
283
154
987
395
541
824
135
992
888
501
114
959
564
29
488
842
893
142
613
645
592
64
141
6
716
708
223
196
146
709
495
92
306
4
751
159
923
847
921
503
983
33
339
368
161
821
256
667
300
740
231
502
385
534
450
903
412
45
653
631
668
172
425
12
797
183
868
670
60
989
351
811
526
151
188
277
501
60
297
137
720
501
438
812
350
140
142
518
543
866
661
136
543
37
847
953
720
504
921
636
339
700
870
61
346
805
120
123
861
63
177
48
159
423
548
530
268
822
517
886
681
464
434
499
128
331
709
313
767
659
895
333
388
770
450
436
919
693
570
756
924
593
690
666
859
932
671
198
662
785
643
372
542
3
400
203
963
922
166
0
558
428
747
749
820
634
230
258
329
707
976
365
94
319
136
518
626
497
778
43
712
503
187
779
170
550
283
734
186
399
255
585
9
590
490
48
942
649
455
675
956
533
366
155
184
571
856
302
686
650
977
781
231
775
906
407
1
351
399
271
187
813
627
929
507
774
926
458
223
609
977
436
436
693
230
384
62
51
502
438
164
691
568
288
471
402
739
190
519
160
849
122
418
912
176
971
778
288
29
831
778
824
575
897
405
224
726
890
970
114
110
395
208
711
668
857
290
518
987
305
144
654
243
955
906
884
535
532
849
256
242
923
499
490
734
701
810
978
152
723
755
301
795
993
838
635
543
842
159
469
558
47
471
197
923
950
583
126
775
743
59
498
977
234
263
81
825
340
657
15
354
441
570
687
474
843
578
523
351
784
623
766
943
809
986
88
172
511
846
280
498
489
357
529
615
792
537
419
622
571
20
810
455
286
797
532
798
117
920
483
583
215
504
290
267
982
771
117
162
954
98
953
709
309
100
322
102
625
902
731
103
638
33
960
163
80
567
696
893
636
275
846
731
403
909
279
358
496
103
406
193
587
472
98
868
888
490
577
188
937
81
222
128
368
770
869
818
521
773
168
344
452
1
658
199
320
379
568
243
147
395
696
421
878
419
569
466
485
820
770
715
381
478
174
982
653
180
597
193
159
578
191
830
400
261
129
783
659
685
9
671
524
257
326
531
127
351
505
147
9
998
120
441
511
338
305
669
99
563
212
850
165
651
561
769
37
722
0
344
310
984
991
814
182
918
62
246
947
985
822
293
680
172
856
841
156
648
203
377
179
611
765
851
902
419
578
6
358
925
274
972
542
455
589
475
62
278
210
265
764
84
549
906
149
105
470
808
209
373
238
989
260
240
845
959
896
526
407
0
736
2
45
665
808
998
711
299
688
36
287
26
839
373
257
503
636
187
438
40
144
668
328
342
191
334
216
658
518
425
555
284
454
662
563
10
430
474
41
130
439
982
569
308
840
383
694
359
338
893
468
255
798
946
532
599
67
464
738
264
500
519
538
246
461
59
641
83
277
238
216
851
183
351
595
724
44
822
808
871
499
290
731
455
872
161
78
725
778
100
318
550
277
37
945
770
848
102
891
897
610
39
391
771
278
530
267
812
277
231
268
459
698
591
808
486
560
80
579
596
264
84
89
54
455
102
515
963
476
994
700
870
431
336
99
446
757
709
779
498
360
509
893
879
972
337
263
999
340
560
798
743
570
678
79
614
749
646
860
925
157
453
810
744
146
797
254
511
418
50
856
377
826
85
711
302
220
498
748
294
990
24
723
35
531
148
700
633
515
466
832
662
390
402
399
161
69
219
46
11
681
870
581
196
725
898
631
228
318
47
979
688
532
161
303
396
792
515
28
163
589
61
604
144
11
268
944
455
470
213
214
974
693
285
8
578
999
968
200
335
408
796
127
935
120
937
317
518
933
791
362
784
471
676
803
55
633
185
640
101
72
672
731
243
107
676
587
868
242
244
166
449
996
165
309
649
192
91
321
36
629
780
59
884
117
122
713
41
348
603
965
320
830
999
703
503
614
749
563
351
612
737
181
702
126
998
729
9
639
788
319
34
980
966
515
852
19
507
531
336
687
463
841
586
950
230
440
853
747
180
484
480
423
716
306
164
715
827
806
226
752
727
324
142
927
17
902
202
821
636
388
904
678
610
721
161
59
402
90
691
974
375
841
401
481
352
360
869
414
831
482
603
737
513
179
842
666
321
815
732
887
777
616
903
270
38
921
175
16
270
327
674
633
705
72
144
804
425
371
53
68
784
687
221
637
541
328
715
208
250
379
549
165
636
651
407
147
872
388
162
491
871
733
57
355
965
627
56
438
76
464
138
568
208
106
405
56
383
199
668
54
991
855
73
875
115
362
60
856
820
208
365
927
136
215
210
550
441
759
421
10
20
10
542
303
5
991
464
13
100
717
690
543
814
700
492
918
674
368
284
442
821
535
140
504
461
657
346
614
71
840
740
259
406
405
861
133
49
377
25
410
343
5
113
80
305
553
499
216
308
897
569
980
417
198
732
210
347
432
84
96
269
985
367
135
893
869
453
181
17
950
179
274
36
107
396
276
637
952
0
726
957
465
519
267
955
689
839
368
973
79
86
864
93
399
524
801
614
815
319
395
665
304
517
913
552
84
848
24
806
871
225
436
354
909
276
522
630
43
915
928
496
442
361
945
300
894
310
101
356
238
58
572
389
267
496
611
167
347
440
839
896
863
281
31
174
480
849
782
312
521
490
909
999
494
356
424
398
426
609
103
739
790
160
204
705
861
585
764
547
20
266
134
431
559
460
841
221
295
85
307
379
191
50
851
743
742
761
896
871
695
425
746
208
299
614
438
545
369
925
968
339
963
456
649
527
770
814
111
100
308
826
196
276
353
822
182
714
438
933
389
707
224
106
404
310
546
864
751
472
50
46
603
960
509
318
275
4
699
955
254
791
421
61
149
967
291
819
882
127
74
619
493
150
746
280
64
497
782
881
306
420
909
642
553
24
581
994
336
946
607
888
824
952
925
738
787
937
512
795
11
807
807
120
649
867
65
400
18
566
339
542
804
992
158
332
182
151
935
397
317
348
386
119
971
781
489
684
929
75
949
108
702
889
152
464
608
64
41
349
174
264
150
890
72
751
736
904
150
47
544
558
526
440
296
990
121
58
612
608
621
244
254
192
141
206
681
366
331
175
886
587
520
892
946
635
963
150
529
539
133
807
339
887
22
440
388
448
32
170
730
665
520
15
927
533
429
420
398
559
233
622
227
22
268
717
779
234
8
609
579
95
216
0
156
677
241
770
611
225
722
849
143
236
40
608
596
422
890
718
820
791
700
975
653
882
798
328
758
942
124
941
411
218
817
696
927
868
308
808
601
870
941
292
592
733
385
138
16
631
384
185
86
657
296
127
560
187
227
264
565
305
683
516
292
670
717
35
537
647
507
271
746
529
348
6
248
616
910
931
872
693
188
992
369
106
18
746
888
830
477
825
790
328
560
75
604
81
24
500
573
251
849
563
289
536
522
732
411
680
572
269
704
498
224
720
311
310
517
324
48
533
329
456
685
222
791
741
261
30
295
271
335
539
283
448
356
853
565
865
621
314
286
326
988
988
105
684
174
24
326
345
853
422
27
120
196
392
853
160
724
26
540
329
740
12
220
162
717
102
760
657
123
617
545
936
583
862
284
264
953
501
105
325
635
948
343
790
617
786
958
359
525
287
36
357
999
418
833
789
889
318
14
89
448
250
184
680
94
252
955
777
613
57
481
100
902
595
370
981
855
296
157
29
27
715
372
31
268
337
373
20
803
345
829
532
352
441
408
978
837
194
483
938
124
79
435
41
410
239
118
289
435
877
38
664
4
664
54
292
127
172
837
885
865
924
208
663
408
609
316
786
128
60
409
392
141
44
50
282
842
525
624
199
712
901
302
442
498
668
192
999
309
192
261
803
989
209
467
517
763
671
393
308
826
959
847
310
713
972
570
289
75
416
789
722
58
694
745
697
450
386
844
277
513
256
991
777
676
62
42
978
613
847
794
196
201
925
715
576
941
538
232
84
105
243
663
959
485
186
178
943
608
782
392
889
47
833
130
452
10
62
65
115
914
445
132
637
47
548
287
579
838
739
880
637
632
636
307
953
309
926
534
489
903
661
982
656
556
647
296
896
339
461
772
3
383
964
987
117
721
975
345
586
895
395
581
857
939
758
206
60
183
93
424
443
468
889
940
900
162
965
973
714
994
399
679
751
31
416
802
766
242
354
892
434
685
557
212
628
615
558
10
205
998
108
941
521
707
632
253
588
999
816
366
236
932
872
294
898
174
855
397
742
904
657
331
854
163
630
392
618
160
494
789
407
47
823
280
143
64
101
20
81
615
68
647
635
61
389
893
480
145
339
977
487
541
288
588
706
189
57
446
31
954
811
729
663
148
433
646
680
199
243
335
818
412
804
307
410
953
544
648
358
67
296
50
726
422
132
146
91
623
300
954
759
705
994
980
760
531
623
402
994
395
489
417
728
396
677
551
911
483
47
299
207
984
84
307
343
39
920
200
644
525
728
847
662
792
878
537
375
608
413
801
656
546
720
293
225
691
315
198
117
448
85
474
648
516
825
489
286
36
448
508
786
580
884
113
783
964
131
43
46
613
142
887
445
14
309
921
160
379
945
869
271
220
902
185
108
644
99
79
359
112
816
697
560
31
282
733
216
817
741
272
732
808
679
751
958
907
549
848
418
826
76
439
611
787
942
396
880
131
544
986
150
824
164
739
778
435
471
350
139
571
632
403
586
820
636
317
432
103
563
190
2
539
688
721
291
257
458
656
726
893
258
533
679
176
616
774
813
626
230
417
621
149
881
575
678
789
472
886
549
860
138
279
701
882
0
414
284
617
612
487
869
134
885
69
589
940
648
445
932
506
429
762
75
389
467
298
932
304
16
206
650
247
280
31
134
796
529
283
251
904
514
326
574
75
726
549
118
471
497
406
284
743
373
940
287
605
457
183
239
840
799
952
35
268
33
281
249
180
775
11
82
218
295
697
128
319
241
962
844
254
934
348
536
235
469
124
54
938
897
74
619
937
827
624
908
871
23
843
91
654
661
467
478
315
919
269
52
647
402
79
924
702
307
483
997
388
959
533
740
759
126
727
789
640
566
668
417
587
280
344
255
206
144
758
547
527
462
332
712
797
436
529
515
456
428
143
853
477
736
940
437
858
341
250
128
968
300
413
389
589
878
916
842
809
924
105
380
665
416
52
223
87
308
12
859
587
725
420
247
490
939
532
292
981
48
966
408
189
906
913
166
321
583
724
927
570
324
224
655
662
42
7
982
312
54
835
329
57
3
94
292
880
749
329
663
157
949
393
162
643
732
284
774
419
598
98
474
317
37
510
911
138
815
42
208
77
445
834
481
440
112
674
459
434
250
721
857
726
582
118
682
663
30
473
91
39
495
403
48
791
219
919
503
888
978
58
218
521
270
22
7
18
178
890
837
60
613
310
165
499
937
313
435
284
251
21
623
768
662
971
980
139
505
592
533
934
657
569
839
472
68
267
703
427
436
123
600
691
59
716
432
985
769
95
521
166
136
340
647
59
280
542
211
725
196
933
203
910
719
157
315
182
60
700
740
633
330
945
335
745
192
800
23
276
994
810
712
841
664
241
80
652
944
296
824
721
375
433
750
429
977
217
467
360
714
806
900
734
816
112
343
421
408
77
156
464
145
471
549
930
728
448
516
295
97
854
607
476
183
601
98
895
713
712
874
617
210
940
697
631
866
733
811
480
86
728
700
777
136
634
892
388
516
470
728
567
1
770
661
665
912
280
899
711
437
696
909
621
247
179
641
648
757
418
64
631
982
276
851
610
101
199
639
315
64
694
551
410
691
985
325
812
382
723
837
115
720
604
14
16
637
190
622
181
387
668
929
591
982
566
933
673
291
122
869
796
647
141
119
290
756
823
916
594
884
53
612
509
853
671
20
343
114
305
325
489
626
944
234
252
288
930
662
152
934
695
175
2
638
143
835
539
582
721
317
29
719
3
708
90
778
999
697
725
992
394
402
569
501
264
72
72
216
315
177
827
274
331
971
273
424
439
102
811
774
969
789
236
466
56
377
901
219
511
409
910
572
43
33
281
416
385
486
225
243
942
428
304
859
80
172
517
754
329
686
572
393
133
279
360
442
385
646
588
402
379
304
79
393
488
662
685
160
784
689
74
893
750
730
497
902
787
767
643
536
467
877
316
66
183
655
415
299
305
473
889
749
879
299
651
412
262
989
449
935
287
588
999
882
615
86
947
405
441
255
790
189
534
649
749
221
365
681
956
457
541
340
465
606
470
846
862
201
288
154
112
539
628
547
205
861
639
109
610
198
156
377
114
398
624
204
347
486
961
435
771
215
880
764
408
83
14
308
44
659
419
345
719
206
585
571
687
11
567
628
898
196
250
656
964
935
613
627
412
322
553
886
768
977
751
6
729
95
746
9
970
343
811
357
602
310
812
551
609
824
517
837
606
515
813
993
199
715
304
874
610
411
527
688
872
173
966
108
482
398
502
242
547
825
811
60
293
374
544
644
303
199
13
973
204
463
451
366
719
391
150
749
434
175
433
292
766
157
736
427
205
653
238
594
691
149
743
512
235
587
176
173
86
733
731
48
134
381
38
126
80
711
682
448
200
968
122
47
647
110
26
615
767
894
374
645
679
782
260
454
865
983
658
142
585
558
561
698
353
63
996
962
615
878
409
622
496
884
141
332
525
211
359
204
123
559
154
632
546
904
182
690
659
479
633
92
588
725
326
151
712
739
63
600
231
921
887
605
341
535
384
784
782
105
75
941
823
322
999
718
912
193
960
81
677
816
288
506
52
551
268
842
337
460
461
932
588
764
255
672
980
659
54
150
733
756
579
968
965
509
871
348
389
458
279
949
243
813
661
805
979
743
975
265
254
270
88
569
195
250
133
2
793
141
763
530
687
943
387
671
186
299
823
149
286
858
278
690
712
834
571
816
464
250
956
110
92
269
166
675
767
40
94
680
784
610
242
305
311
927
334
104
226
97
779
917
430
363
210
982
81
803
678
495
244
188
991
647
958
213
210
439
972
234
901
447
4
797
73
502
953
920
473
837
465
473
623
801
585
970
774
524
570
244
282
647
189
377
859
742
330
363
504
304
142
627
863
489
35
889
899
389
921
485
663
436
322
961
991
677
155
299
239
400
567
706
298
3
126
828
124
8
306
753
555
306
498
864
952
283
751
420
436
859
195
875
373
71
938
843
72
315
665
985
832
973
787
24
924
24
651
730
943
705
99
237
289
762
563
885
443
121
669
666
376
852
676
54
471
531
349
149
828
577
526
577
214
793
684
913
939
929
160
270
760
469
73
74
37
763
333
845
29
391
760
933
955
755
48
713
167
948
423
458
272
379
103
55
796
582
940
51
67
747
522
941
138
984
608
700
211
618
228
981
929
953
790
547
377
844
881
161
12
510
51
390
289
868
430
262
863
1
399
481
904
185
492
643
482
590
851
863
719
858
21
832
644
98
881
774
830
107
413
369
976
428
751
670
97
208
457
19
243
126
139
512
606
631
531
843
891
891
199
360
413
544
211
228
57
16
310
212
414
109
799
191
295
820
757
220
254
260
291
737
3
305
323
50
865
162
137
890
850
371
592
249
337
319
10
811
365
949
825
760
325
886
747
565
110
561
106
190
546
235
745
70
179
958
498
853
573
549
996
100
106
641
594
432
711
931
719
33
411
695
133
182
287
417
630
711
745
574
225
839
355
306
406
3
120
401
381
139
663
460
455
333
32
939
656
832
547
393
837
859
16
848
216
130
832
354
378
778
195
449
384
931
259
355
414
511
734
502
671
10
985
252
999
584
879
435
800
109
57
660
496
709
727
93
28
809
13
269
398
546
960
556
353
118
888
221
133
420
648
881
62
61
368
232
407
193
812
22
68
331
565
249
165
115
845
594
158
934
776
935
315
939
734
188
705
588
996
962
104
599
402
69
684
840
712
237
851
646
74
153
881
247
931
74
966
192
461
668
578
276
422
108
455
520
670
621
548
465
805
142
594
123
778
384
46
576
613
790
495
225
102
334
794
203
943
286
89
953
604
260
403
137
963
823
445
574
518
956
837
898
734
549
151
886
97
940
296
631
268
632
384
262
420
314
933
149
221
391
346
81
326
769
638
824
324
900
545
816
610
530
314
122
506
236
387
353
262
846
734
275
71
70
497
3
15
697
236
168
737
65
819
717
430
902
151
6
795
368
111
860
317
766
941
453
319
631
355
771
866
891
59
895
387
52
190
482
259
302
84
728
904
88
722
537
88
343
706
701
221
222
132
195
948
635
395
551
360
968
930
342
588
181
404
879
661
415
227
599
957
663
273
241
756
145
42
600
505
999
339
570
847
330
547
524
402
445
871
372
281
574
772
79
173
857
157
407
751
906
901
800
585
151
590
631
282
88
640
791
525
404
549
138
595
969
289
121
452
775
887
744
669
386
182
113
124
699
514
739
911
570
95
239
122
817
225
86
495
432
135
378
471
104
669
888
311
982
512
495
118
503
45
408
770
522
11
785
147
695
639
936
39
370
789
616
500
883
420
707
661
781
651
517
396
504
807
368
613
854
494
913
627
495
206
254
611
26
455
195
654
912
735
904
877
526
804
88
813
159
780
281
969
187
352
467
151
49
967
686
347
828
663
388
935
933
862
32
140
524
382
714
626
796
79
641
123
627
279
603
838
122
116
716
648
327
778
512
924
93
392
663
123
757
757
940
703
763
672
673
785
263
837
947
459
542
371
150
791
156
914
557
462
400
130
840
884
317
566
242
545
177
440
149
51
292
14
388
846
318
802
365
358
980
839
202
588
249
639
739
299
262
17
929
38
374
504
321
595
456
191
363
951
97
265
342
781
693
533
946
362
66
414
729
919
689
712
450
265
730
574
220
397
828
833
444
21
654
19
547
119
148
282
863
381
265
856
36
927
557
726
743
780
43
25
847
224
834
597
448
71
518
253
317
360
378
917
802
700
44
839
571
950
342
193
132
181
460
64
933
796
935
726
234
194
901
14
997
301
698
601
360
210
935
992
387
479
157
849
878
562
958
112
420
130
129
434
420
227
688
335
237
791
135
152
341
392
987
587
582
498
549
784
821
725
370
811
585
944
520
346
869
937
551
633
473
1
233
425
843
564
663
951
950
654
858
376
596
545
747
594
174
11
328
670
860
965
963
754
514
726
560
243
882
789
906
455
504
374
955
808
687
571
815
997
821
604
124
443
565
842
208
216
241
588
182
56
385
557
846
224
508
733
504
48
530
339
869
574
837
460
42
269
522
77
562
117
279
805
183
187
138
558
29
41
203
66
379
993
399
169
39
938
739
969
772
901
81
519
586
378
114
121
979
435
280
814
646
874
71
309
353
718
47
354
47
409
120
263
180
365
619
359
305
132
129
437
977
159
627
268
519
878
836
384
961
286
679
817
901
505
136
912
54
744
730
433
267
155
837
584
380
232
225
737
314
442
763
335
226
497
555
14
326
239
264
357
457
947
1
114
732
439
648
489
473
203
109
688
459
268
37
513
224
343
124
579
517
335
782
58
