231
310
529
823
103
336
441
728
887
594
325
438
263
169
441
691
526
811
833
496
242
373
558
266
776
60
764
945
601
472
443
50
506
442
616
210
534
847
888
82
642
180
281
531
100
745
988
695
889
578
274
14
210
560
962
426
146
159
229
946
447
912
798
963
634
103
121
405
804
407
607
225
951
617
803
761
607
123
421
127
163
749
560
95
204
559
625
905
944
558
102
86
251
853
649
652
996
56
312
444
783
916
347
33
548
738
673
299
91
643
286
865
689
717
941
933
492
292
590
482
800
116
965
144
587
514
583
608
875
130
17
747
994
2
119
932
59
838
101
838
804
485
549
256
679
665
854
670
407
396
190
673
172
565
172
94
378
778
236
291
268
496
240
133
409
13
287
648
504
407
748
630
846
885
734
1
49
771
79
387
367
235
444
10
208
502
56
442
909
99
669
738
779
94
904
560
264
474
24
528
865
649
627
15
669
607
476
999
602
63
940
171
770
69
724
226
841
707
925
568
750
471
245
936
724
433
143
414
75
347
885
856
320
657
532
245
710
695
291
934
335
162
313
209
115
703
763
796
211
335
263
270
675
476
529
369
210
69
303
420
623
413
274
917
210
778
996
555
971
610
880
602
571
711
858
304
422
451
852
740
146
31
138
334
950
21
964
161
370
517
445
917
727
636
860
986
482
225
135
775
738
218
350
791
979
115
171
973
407
718
516
911
745
670
402
581
397
277
402
277
31
734
614
287
806
461
231
835
693
466
16
587
886
708
34
666
179
794
160
4
947
469
22
999
597
969
99
399
939
434
656
192
542
843
708
100
474
98
261
644
310
96
557
867
379
652
519
126
711
559
228
416
836
786
295
442
633
723
369
560
269
935
417
566
571
785
260
529
559
745
317
946
163
16
9
253
662
511
273
136
594
511
93
311
304
738
978
876
914
913
559
603
653
72
442
332
873
340
218
18
863
972
160
216
782
509
919
499
529
359
429
547
880
237
757
931
762
34
179
599
108
847
723
429
505
401
750
781
517
943
802
618
63
865
700
90
467
851
261
538
954
225
326
499
815
53
417
969
254
516
902
241
306
703
191
938
35
822
145
477
595
470
735
535
932
34
500
157
264
63
917
142
739
762
993
540
337
437
230
916
664
270
457
670
778
176
73
638
193
298
48
760
742
54
423
35
345
565
421
92
175
133
284
947
18
484
905
490
771
142
302
882
396
803
717
272
645
916
771
893
462
651
54
427
220
90
149
627
489
244
322
427
52
200
582
12
394
389
978
634
280
983
550
285
223
894
552
429
322
375
242
546
110
172
936
705
726
55
460
434
227
429
952
182
444
45
688
39
520
319
673
935
565
417
778
482
419
469
749
536
163
286
810
538
245
425
945
110
75
977
41
358
816
786
842
258
43
591
971
710
206
304
553
230
790
731
678
101
494
482
625
37
228
109
479
729
208
758
501
375
725
11
657
321
557
785
797
394
277
531
310
46
898
810
903
274
934
798
53
770
19
187
559
769
99
767
101
643
642
167
369
535
456
914
934
712
815
893
387
650
149
389
44
586
102
859
334
343
26
145
445
908
406
467
28
383
18
425
391
491
790
409
328
274
442
897
277
151
992
930
227
751
800
464
217
231
648
349
267
465
318
758
552
96
324
382
323
195
686
830
43
991
122
758
391
780
693
340
618
449
726
3
414
132
329
32
824
266
547
358
992
964
525
265
300
82
871
599
432
930
266
235
444
697
529
539
161
266
133
465
185
772
804
558
58
133
454
850
711
981
923
649
20
397
604
799
643
86
284
684
296
70
507
995
253
22
560
724
515
775
471
857
574
58
806
174
267
318
888
81
808
188
365
689
240
631
519
700
835
856
104
512
406
53
429
226
307
401
873
229
56
343
511
555
428
408
729
999
508
52
102
826
505
37
227
588
674
23
617
611
558
539
574
359
670
827
11
606
11
568
674
707
836
167
321
216
481
82
383
5
257
850
738
961
708
954
123
701
910
199
815
528
929
380
802
949
605
10
506
281
183
621
477
144
332
121
968
79
144
219
950
932
199
284
929
745
798
656
896
344
303
181
684
720
592
583
152
638
455
904
101
999
156
725
392
425
147
515
225
890
460
304
841
168
713
127
814
743
515
283
541
121
113
700
238
767
639
520
45
502
399
96
450
741
30
83
494
362
733
321
600
861
18
109
475
853
787
174
894
934
735
487
673
115
625
617
950
64
849
698
395
561
209
199
419
582
305
709
419
24
319
397
520
477
463
198
555
327
882
125
813
474
886
351
701
404
794
535
35
96
812
610
704
963
121
496
132
471
657
357
884
69
612
141
606
797
21
575
650
802
201
440
47
369
956
432
550
375
361
274
527
874
731
396
135
544
156
887
755
292
865
904
179
919
121
125
685
674
281
283
109
674
397
604
487
900
28
110
865
720
712
206
87
499
857
908
356
700
118
504
393
840
887
650
414
504
673
975
251
520
983
167
705
411
737
604
41
146
820
413
689
123
270
136
279
774
980
718
555
395
338
47
565
791
485
655
152
446
537
969
122
634
115
751
0
433
58
988
555
205
150
856
569
788
933
635
842
464
238
877
920
73
636
665
777
654
65
706
557
291
868
494
326
676
208
279
984
160
771
320
151
441
896
461
615
311
89
107
37
436
460
382
760
354
192
497
154
105
597
968
641
53
406
354
356
459
108
707
84
516
472
565
418
147
284
78
975
576
518
420
811
503
714
629
509
635
931
60
756
731
102
317
664
806
668
298
288
827
530
782
433
842
734
334
495
102
543
840
675
867
801
915
321
852
380
278
253
582
705
349
418
753
281
597
638
124
217
257
461
207
741
205
993
908
664
839
651
447
909
734
481
725
846
35
811
120
550
164
427
72
749
23
401
134
752
564
632
978
194
827
249
252
443
932
993
399
298
933
874
377
394
782
515
56
639
872
733
167
836
212
923
725
643
425
796
687
336
213
121
531
218
980
917
93
246
967
870
143
593
795
247
393
490
98
847
361
939
799
42
916
450
395
545
234
192
260
912
735
884
37
661
237
901
425
936
207
635
185
219
513
825
133
935
851
705
671
840
916
883
251
86
827
916
42
346
289
639
478
545
715
674
608
736
43
88
677
668
317
710
55
260
815
476
776
470
642
387
449
578
942
493
360
911
25
829
264
184
303
380
922
931
630
941
258
334
89
590
836
214
20
299
981
549
911
777
198
719
475
547
307
185
505
389
626
743
890
715
951
1
321
900
245
809
261
569
510
811
754
524
539
753
503
726
7
314
579
241
37
31
761
863
35
34
114
741
142
123
937
872
244
664
889
850
769
240
763
273
481
612
532
621
445
810
875
539
32
336
241
346
57
705
32
913
675
847
806
212
967
158
939
321
995
345
253
411
428
531
965
458
87
739
266
141
958
837
996
430
334
505
891
376
692
475
798
119
56
934
567
3
593
493
979
443
928
304
375
34
313
143
870
585
884
382
920
633
834
365
917
394
171
707
95
285
52
535
868
859
917
74
146
256
209
388
622
304
559
905
117
932
229
888
563
136
52
696
234
124
430
127
474
157
828
361
79
744
732
121
352
178
336
535
364
319
162
750
847
149
347
449
946
836
747
753
40
636
546
277
444
107
965
743
376
889
684
415
353
354
665
286
598
488
283
281
639
186
872
872
99
462
777
178
913
558
615
727
16
321
691
202
186
713
595
968
723
12
241
705
255
73
557
626
266
745
539
773
433
288
127
878
861
190
149
50
352
527
21
542
16
563
755
401
816
442
853
87
94
472
821
468
495
441
310
561
126
385
388
957
12
434
404
707
994
603
466
492
946
658
210
881
267
726
38
368
434
971
726
584
773
458
765
514
324
892
416
102
273
268
370
151
966
62
994
796
485
600
982
812
762
963
249
45
637
110
223
674
692
47
922
70
62
238
5
913
121
129
829
990
589
902
520
406
338
640
677
309
427
712
723
542
422
551
150
374
83
102
132
930
474
747
773
550
498
952
185
980
604
785
515
205
518
562
203
470
731
67
146
825
999
153
550
599
113
898
253
296
377
772
271
327
65
2
564
180
287
604
220
183
272
234
997
198
673
582
487
587
279
243
156
749
734
253
27
969
855
918
795
670
106
426
12
378
75
80
146
715
929
766
883
894
425
912
584
670
921
460
872
537
57
573
415
245
788
897
525
458
963
665
499
756
195
502
105
128
269
858
555
920
403
594
642
813
235
310
6
784
260
921
97
869
644
692
215
412
676
162
610
69
243
415
353
239
103
178
160
454
739
172
228
791
322
739
821
889
218
792
509
689
627
258
359
665
262
836
617
231
947
482
428
798
194
435
114
467
251
323
831
110
497
184
143
795
706
687
663
908
338
595
392
53
156
857
367
155
866
914
784
746
740
326
496
953
652
145
529
100
602
53
608
406
436
316
570
801
653
576
365
292
582
186
20
215
899
779
226
966
764
145
296
184
747
858
953
291
333
958
50
917
993
676
311
449
334
244
105
333
586
748
476
388
932
105
692
229
211
460
47
110
24
590
893
390
709
753
989
326
809
805
266
147
916
12
258
372
477
811
702
146
915
237
445
544
911
517
796
104
689
760
368
968
386
188
28
599
310
193
790
872
908
347
523
602
342
41
651
185
795
13
487
725
748
232
143
572
364
57
600
359
280
250
195
54
797
856
792
753
553
173
129
228
266
331
163
221
947
814
823
853
13
599
144
633
674
889
500
581
925
874
789
60
653
736
914
734
343
277
286
221
299
640
66
470
471
57
350
129
192
809
234
869
280
980
547
252
521
292
898
957
367
371
694
356
163
717
521
770
315
159
320
426
871
136
172
282
415
218
158
914
393
949
320
820
910
761
278
311
900
237
922
370
230
849
751
490
951
492
622
360
973
835
732
682
122
423
341
180
423
81
321
603
889
549
972
814
789
40
372
577
135
216
387
975
30
735
469
371
988
746
195
875
689
324
493
178
143
626
111
857
937
347
762
161
372
342
179
63
7
632
249
916
103
0
72
472
219
529
322
683
439
532
141
919
892
447
856
533
747
189
231
171
98
459
254
495
848
533
577
563
514
827
938
405
328
299
204
889
553
876
940
957
379
28
720
449
632
287
760
785
818
452
328
952
526
421
159
226
158
764
458
823
761
61
66
695
581
308
836
454
861
403
143
486
237
703
640
19
658
872
977
359
79
163
224
331
177
294
891
966
796
880
634
557
711
666
965
359
35
870
900
844
385
394
101
786
425
305
96
227
166
391
759
366
326
30
353
480
224
322
974
63
278
949
292
971
738
815
967
329
677
54
344
926
770
174
764
660
154
142
237
36
296
975
222
336
892
377
480
995
949
795
538
504
39
671
341
948
877
848
389
593
168
224
339
119
565
971
47
465
500
954
987
410
716
188
699
578
997
192
873
569
374
367
301
230
420
697
225
404
84
607
946
466
311
529
826
717
124
547
587
325
76
720
758
553
191
155
306
519
500
406
64
476
837
818
674
68
56
505
820
623
794
755
98
713
487
883
945
707
333
669
667
139
526
414
58
733
699
616
293
180
597
849
776
482
311
199
189
671
8
362
25
513
837
677
994
873
715
483
212
502
18
218
595
544
517
871
690
603
133
806
266
877
749
611
734
966
137
322
467
963
352
143
269
551
184
491
229
159
904
700
527
448
592
264
831
832
261
534
499
693
138
673
364
53
368
329
342
636
613
864
199
812
43
766
708
644
575
937
559
263
730
44
573
855
36
75
820
950
532
800
761
281
988
269
831
698
569
751
596
184
129
740
621
397
877
593
450
979
278
658
76
548
532
542
643
430
49
429
964
871
387
234
64
850
969
719
848
237
501
458
403
46
199
170
410
506
35
925
419
738
905
434
801
99
714
205
429
528
898
125
198
446
89
494
131
684
971
771
633
261
439
164
9
403
285
71
304
881
296
814
778
957
236
445
217
984
697
327
15
299
493
236
467
465
327
25
951
171
943
924
280
828
884
474
656
929
518
598
158
724
730
440
924
734
579
728
632
950
77
558
484
507
148
168
857
361
516
511
680
828
434
846
745
606
55
87
764
734
557
964
525
376
402
743
517
706
306
535
243
874
633
823
953
138
821
813
347
429
97
444
666
217
759
198
679
489
165
937
699
861
64
236
163
856
622
743
433
566
813
717
501
936
657
719
50
750
683
141
261
271
397
51
433
112
321
855
14
87
145
427
935
218
2
635
178
401
442
524
755
973
8
366
58
363
314
224
411
241
89
967
820
460
362
98
544
604
318
709
90
820
616
64
934
313
390
108
89
631
745
257
800
443
927
239
846
88
80
775
848
665
909
724
210
88
732
988
76
881
480
885
831
14
790
846
410
287
650
235
65
413
304
892
773
164
526
971
790
731
214
352
420
521
58
778
821
982
104
332
969
67
909
346
114
751
374
919
959
582
857
933
256
952
714
527
283
84
897
134
413
383
609
646
420
437
396
509
457
651
770
48
395
190
592
681
294
979
764
56
619
28
663
781
945
684
484
696
489
631
13
901
263
241
372
823
724
874
775
696
137
538
509
338
430
751
125
109
816
79
181
814
0
148
56
392
320
580
689
553
569
762
4
267
937
573
28
302
704
674
911
23
345
232
341
23
77
8
303
779
386
31
93
91
603
178
264
808
138
965
742
751
417
288
451
701
29
774
972
430
451
291
887
895
973
817
103
699
669
687
620
933
122
991
343
380
592
834
851
948
106
555
950
38
890
69
319
406
225
689
377
237
915
151
597
835
841
769
463
538
674
399
687
962
75
170
160
764
211
561
125
422
404
489
134
130
467
653
194
955
369
794
647
365
754
52
460
903
674
219
816
32
399
724
212
427
970
125
811
201
15
289
866
642
516
292
977
959
751
428
233
127
671
108
896
683
996
694
488
696
3
539
143
617
826
954
199
223
322
700
844
70
690
792
126
420
663
992
252
305
841
406
1
878
849
508
763
892
767
831
757
545
473
111
703
297
93
70
404
111
119
914
497
895
918
673
701
793
840
888
555
636
454
688
12
869
211
877
994
450
629
92
800
119
182
57
973
36
341
154
311
337
941
788
403
167
7
712
619
285
107
57
433
147
658
852
288
7
447
12
313
690
76
242
235
925
264
110
68
669
518
100
716
272
177
829
889
323
219
905
652
211
837
390
322
12
953
216
495
312
955
549
69
7
206
107
27
400
314
89
649
418
59
159
239
649
790
811
76
656
676
504
900
663
97
964
115
305
966
295
455
445
634
516
674
647
439
421
92
307
297
271
15
325
593
375
332
495
536
487
947
616
503
290
343
126
867
519
704
368
254
909
234
906
384
740
547
861
365
563
10
18
8
668
683
651
701
216
863
231
563
328
848
280
136
657
409
587
335
747
284
379
253
790
310
137
674
530
317
436
786
218
553
922
419
491
504
784
864
326
308
524
628
888
727
388
211
531
327
226
154
579
396
423
447
111
317
121
99
433
579
346
739
876
910
838
6
881
211
217
553
758
871
786
342
252
229
840
219
203
27
840
999
268
891
768
927
234
461
699
479
398
802
129
820
830
187
618
238
818
968
928
827
43
340
78
981
527
917
288
150
829
890
712
738
945
6
170
283
853
273
509
130
365
253
47
369
677
741
571
637
761
474
834
497
744
799
931
974
998
196
664
598
205
41
647
144
864
528
673
709
291
972
698
137
18
553
542
133
180
953
901
898
491
597
106
224
779
853
598
4
869
582
155
104
776
130
264
564
42
70
153
970
600
828
727
631
856
417
251
621
55
825
970
270
604
150
150
164
640
168
682
795
832
94
287
719
584
26
807
546
78
83
117
173
416
228
71
944
947
730
434
341
130
162
401
767
615
785
337
200
737
885
659
159
634
521
631
633
979
638
809
662
470
276
715
636
608
288
63
305
369
175
895
729
113
201
763
584
33
609
622
841
115
529
854
429
895
746
214
896
612
288
617
693
943
772
829
729
146
172
578
53
252
885
326
965
217
592
38
629
726
234
347
124
875
654
470
984
37
189
137
801
79
342
724
306
804
488
329
1
196
412
397
216
465
423
899
884
388
605
854
683
385
826
434
106
612
185
376
740
918
184
68
951
320
210
829
745
538
732
681
40
705
236
338
382
787
602
521
499
104
970
373
253
47
874
424
562
570
431
351
30
367
884
132
744
195
370
777
422
141
963
850
906
285
23
552
804
183
170
934
654
824
653
250
767
707
457
89
607
865
362
567
513
235
992
67
838
525
168
43
406
688
465
800
10
468
51
872
37
161
330
396
65
896
265
646
813
827
792
401
228
365
760
701
409
287
189
93
38
472
770
95
220
481
491
615
861
138
659
264
461
932
6
937
199
124
993
87
308
913
822
620
406
346
803
572
466
263
154
160
812
410
467
898
301
401
373
187
551
340
723
700
393
253
603
303
245
305
291
137
175
65
85
734
185
397
865
713
321
238
632
655
628
998
550
47
483
687
682
392
812
76
352
583
76
232
493
939
215
497
666
326
490
8
617
539
112
208
468
463
465
993
574
982
169
912
73
586
428
445
670
890
927
152
900
613
154
648
887
385
433
490
585
845
842
730
559
847
265
913
506
402
254
676
254
472
424
284
815
624
667
751
391
189
397
747
212
546
135
890
918
925
975
479
134
303
618
371
666
333
230
899
142
551
413
994
692
51
301
591
324
165
69
555
982
556
754
105
812
396
744
626
733
899
324
756
484
674
878
310
351
443
804
930
395
610
449
240
901
825
116
491
683
499
965
987
177
381
946
310
928
60
40
867
41
23
741
261
415
602
786
448
106
595
518
691
471
317
286
82
941
599
609
246
890
1
951
187
548
786
873
639
44
624
595
826
149
557
142
918
59
882
515
500
214
27
530
336
933
502
976
763
511
961
831
899
660
288
335
649
154
48
618
534
229
563
86
571
734
888
691
932
932
78
356
671
663
877
578
63
48
897
796
144
831
715
971
446
253
854
738
959
288
451
410
217
285
970
827
713
231
374
663
121
189
139
953
693
658
390
67
851
150
993
677
372
226
873
177
307
265
430
42
417
266
519
813
211
145
208
896
953
13
129
800
35
580
612
447
114
667
754
865
704
810
426
303
637
532
879
893
431
844
797
318
109
779
872
295
912
566
9
489
6
299
839
560
621
916
805
848
25
309
957
464
770
920
825
598
29
968
225
730
868
282
870
159
789
775
346
844
668
118
114
992
630
334
106
292
339
297
603
50
390
909
211
971
773
108
113
359
232
835
931
501
464
807
878
875
877
251
17
383
955
950
407
227
82
410
583
7
649
335
465
937
743
574
40
463
453
130
814
629
987
264
840
546
774
623
872
629
378
850
617
813
10
27
778
342
97
506
586
943
756
3
844
183
494
365
471
704
431
878
461
37
842
204
894
461
802
150
512
241
440
689
557
794
611
191
306
707
173
370
727
798
854
479
79
994
784
285
766
450
430
604
58
57
921
50
511
882
560
696
819
540
899
396
51
577
916
712
744
696
731
567
962
817
45
752
655
230
352
235
263
545
870
240
351
999
795
271
657
852
36
737
620
201
110
598
133
272
200
944
634
640
295
21
375
67
44
34
343
933
667
26
808
360
819
510
699
914
613
622
14
120
267
686
560
772
526
404
841
337
947
237
835
79
180
823
489
690
263
337
763
381
709
599
771
196
17
786
199
711
274
4
379
202
831
265
786
369
94
681
585
697
442
897
264
490
271
482
78
696
154
401
960
697
193
357
837
745
260
864
17
177
383
612
388
374
270
911
679
445
108
497
274
716
519
642
60
596
835
841
680
202
585
727
969
285
100
169
370
626
801
4
268
628
376
435
941
895
683
132
89
155
578
138
800
213
656
923
252
977
837
496
973
452
761
533
234
774
106
23
374
453
810
594
613
876
185
877
778
290
970
821
959
631
356
37
103
50
383
327
315
741
49
365
959
570
877
544
664
775
854
234
573
444
269
855
191
173
725
949
879
731
591
892
626
742
895
56
67
565
930
564
469
253
490
561
955
215
688
573
111
268
781
886
715
924
749
685
23
124
385
831
239
366
39
878
0
34
175
615
232
123
484
517
111
980
78
139
285
857
744
870
858
337
595
472
772
945
734
553
160
925
704
184
360
103
292
832
109
1
847
646
41
807
850
774
908
934
358
557
289
706
176
168
645
235
603
132
715
398
893
711
134
162
687
164
404
689
988
140
284
879
789
39
316
687
558
339
105
344
585
643
579
510
341
656
164
261
474
429
358
185
716
324
326
1
194
502
537
137
106
824
377
63
106
97
35
765
133
223
953
805
41
178
719
123
425
880
924
339
476
912
487
924
281
106
571
389
852
163
113
723
594
150
73
116
77
414
628
22
108
704
0
777
651
797
633
811
370
294
177
42
740
208
52
796
262
822
170
370
978
710
809
643
992
916
767
101
480
938
401
566
190
513
803
912
194
153
901
403
586
668
549
253
487
17
359
501
73
221
878
293
32
492
253
173
992
804
359
379
696
890
479
632
591
158
605
559
451
170
246
879
935
912
111
704
849
713
141
530
717
601
963
120
9
0
945
76
519
356
446
564
720
482
291
922
691
363
571
209
546
907
282
35
780
293
192
135
485
465
42
616
951
120
246
473
314
287
569
53
871
71
183
771
533
925
207
38
918
340
208
178
90
744
315
2
670
822
54
919
912
224
338
899
865
300
371
292
343
908
113
12
150
64
255
716
499
295
327
193
781
237
528
119
8
838
710
786
615
753
253
379
565
696
121
455
832
763
60
172
587
924
269
564
391
621
753
292
245
149
825
775
2
10
456
523
160
121
255
117
293
177
200
559
225
109
139
600
521
808
791
621
523
74
937
995
38
481
570
814
688
827
784
547
291
175
676
650
165
868
195
751
378
977
131
336
880
516
99
313
863
974
800
931
315
475
416
99
663
783
293
102
296
212
192
882
843
632
262
392
452
404
100
310
28
351
154
401
598
576
503
327
558
163
26
490
286
970
352
425
783
509
374
585
624
645
780
736
422
426
220
490
617
540
630
852
30
734
466
54
246
182
658
334
658
209
169
599
817
356
715
641
680
998
690
585
317
121
74
377
304
871
154
755
175
873
559
830
340
778
55
35
701
562
447
618
968
838
850
613
584
837
782
934
104
190
836
284
803
349
580
137
374
212
675
943
235
94
794
352
515
143
292
533
126
279
523
398
2
181
416
465
518
368
965
134
82
537
409
566
677
204
191
451
266
757
707
675
952
48
483
6
413
96
349
455
926
657
547
600
710
634
559
749
56
993
172
155
18
227
964
833
320
931
672
460
18
191
695
553
684
42
837
292
40
819
983
821
473
805
609
682
622
264
692
135
810
646
431
874
204
543
73
659
904
37
465
880
225
308
74
911
273
129
854
133
470
515
789
900
859
767
298
248
304
613
610
154
527
248
338
862
93
427
653
863
336
103
239
155
891
985
464
457
499
64
104
126
805
396
291
855
71
50
354
720
175
4
86
147
772
749
769
589
615
226
147
18
485
172
581
48
732
515
830
321
847
700
72
979
728
842
686
802
954
619
501
21
96
585
987
645
4
273
176
977
96
352
520
679
155
945
9
349
393
228
8
941
489
761
858
631
812
9
881
81
663
741
38
794
29
824
974
668
861
679
274
63
507
370
751
450
877
186
14
532
708
489
440
169
941
938
426
680
891
261
81
809
891
893
499
284
836
917
482
52
1
948
837
419
76
690
420
423
160
354
664
778
659
215
340
567
286
75
572
720
355
587
73
773
122
390
6
222
831
172
171
634
452
731
875
744
887
53
812
42
959
397
762
890
704
928
872
405
313
81
196
532
278
597
118
17
135
205
925
366
308
137
126
169
411
913
114
748
832
23
810
160
256
457
746
90
937
474
775
606
921
168
126
520
770
456
315
417
287
381
690
166
822
464
702
925
58
153
612
785
500
692
947
52
685
983
250
484
914
784
941
214
908
875
654
711
738
560
444
706
998
411
579
979
442
869
591
82
957
32
86
844
173
328
146
627
90
997
303
173
877
541
