453
151
17
376
984
73
111
352
317
715
390
483
513
715
817
89
324
611
209
122
203
109
844
268
768
327
460
23
666
381
238
77
905
150
693
909
274
735
348
190
411
44
493
865
645
669
776
655
411
133
50
401
459
629
817
279
63
151
714
80
0
15
688
112
513
468
282
943
923
580
983
982
746
157
352
405
595
544
442
0
144
743
502
576
202
783
415
397
874
785
920
529
828
19
487
856
736
484
450
900
414
508
748
341
149
889
820
325
857
102
803
745
495
726
728
123
237
302
369
812
683
921
480
224
208
917
104
570
595
602
274
286
535
675
640
789
409
53
285
835
545
684
360
108
467
109
483
5
105
750
620
88
23
282
735
247
914
800
797
905
429
219
150
314
218
373
135
44
90
316
343
644
905
446
756
7
25
817
405
412
169
395
195
819
681
704
665
618
869
114
149
921
388
91
866
563
804
686
267
373
115
235
38
739
964
441
371
150
460
725
496
634
25
233
290
267
870
352
466
839
541
654
938
958
378
717
10
647
223
762
571
677
321
277
182
206
758
47
402
307
858
222
273
491
757
132
878
747
458
286
430
912
222
536
536
117
843
238
721
976
609
101
280
110
368
111
595
431
484
414
972
588
941
376
220
845
161
312
499
831
529
645
49
139
557
972
3
17
316
921
597
883
173
331
640
374
451
717
833
67
680
192
550
661
833
846
309
370
874
169
651
476
950
426
718
682
84
310
528
871
553
587
824
380
103
480
775
137
7
226
75
310
288
634
99
552
35
220
608
464
762
211
596
661
197
504
667
737
257
994
386
185
798
919
232
326
731
792
119
473
527
882
503
932
383
633
16
699
719
391
361
297
815
450
234
790
20
380
2
646
471
788
134
781
574
586
863
55
237
743
663
612
705
674
351
112
545
7
728
809
297
187
380
129
404
259
40
716
357
465
593
843
50
104
487
846
830
487
706
529
993
841
96
877
167
550
121
783
738
258
855
30
252
563
221
702
693
272
714
169
100
612
458
517
62
410
858
785
217
699
174
609
316
499
184
233
485
785
39
829
990
565
498
823
541
404
895
530
718
110
901
523
519
665
474
48
440
390
98
273
60
769
861
482
857
111
171
82
296
104
382
390
937
27
972
471
959
361
368
706
611
201
972
550
112
659
533
688
762
16
955
106
403
782
60
514
996
562
628
78
284
598
882
430
240
26
786
906
135
414
826
122
849
70
460
156
836
102
295
656
866
709
402
88
466
54
774
483
169
216
991
777
517
640
991
296
142
117
767
580
81
585
739
662
994
319
328
587
462
847
300
901
763
719
66
528
628
372
209
482
12
54
17
541
702
241
809
305
495
343
151
338
17
787
445
185
60
841
652
486
139
634
8
331
217
123
368
532
838
276
576
499
625
294
37
872
908
222
940
965
519
86
863
831
810
67
181
944
122
17
437
186
311
690
495
766
800
389
703
931
547
291
78
178
61
389
247
53
90
122
11
872
730
677
882
215
744
154
527
255
904
433
486
690
21
3
556
954
196
146
387
566
648
29
105
746
283
928
980
392
677
106
52
245
956
552
749
95
89
759
751
378
99
711
524
698
282
482
341
362
337
524
649
275
713
765
651
472
943
369
7
782
425
425
657
433
578
819
971
282
751
996
169
117
821
677
257
30
937
659
276
683
548
0
436
309
529
424
898
344
37
694
589
330
33
876
312
928
686
713
512
508
383
677
400
683
156
817
692
923
960
817
175
113
592
387
569
16
573
441
184
982
321
825
441
592
571
999
907
14
286
880
833
601
924
151
754
57
722
957
791
483
929
73
152
344
9
335
891
857
497
981
970
365
311
376
615
5
360
141
471
151
61
315
361
78
243
462
986
891
741
287
390
725
424
414
740
979
947
458
990
970
904
87
844
443
44
998
780
620
327
802
96
342
479
710
461
974
568
189
651
685
712
257
293
50
194
565
743
16
114
14
863
602
959
428
330
610
362
630
172
745
618
843
203
776
761
349
944
965
958
312
539
618
408
761
194
616
811
697
285
801
450
457
737
850
522
439
336
423
727
598
649
240
517
28
521
857
941
52
966
320
626
276
116
655
311
714
958
202
231
559
970
594
512
301
489
984
820
653
993
181
790
81
906
718
638
784
881
509
97
79
876
26
296
261
747
544
722
631
95
900
841
210
330
665
111
800
682
951
186
17
251
578
899
362
760
286
511
483
318
871
256
27
149
679
707
190
996
961
182
486
288
371
934
527
400
152
594
532
496
227
552
976
209
792
666
399
33
900
757
459
268
917
286
682
54
563
568
580
755
622
630
258
110
969
793
666
346
132
159
615
112
216
545
557
334
188
760
51
800
132
243
425
142
105
7
873
682
771
835
306
868
298
294
543
396
221
320
774
267
377
450
772
558
155
938
93
351
809
871
986
450
971
230
699
466
15
983
684
950
994
311
45
467
322
778
320
150
384
212
183
998
315
173
318
548
399
511
244
249
181
797
711
250
388
802
469
98
669
594
903
796
116
705
320
267
418
118
891
633
960
396
202
40
462
261
659
144
625
563
653
86
738
101
872
237
107
338
746
371
413
733
190
987
478
469
0
114
726
575
155
344
640
706
571
942
685
271
102
990
3
435
612
315
549
779
912
390
917
275
303
481
669
371
126
884
474
150
640
947
265
264
4
768
140
355
573
106
661
326
539
241
403
27
486
620
90
675
467
593
757
33
8
865
71
623
441
534
54
953
853
497
889
524
226
492
424
474
924
593
682
302
333
261
916
846
423
565
253
137
773
699
183
567
16
237
175
519
964
122
734
329
114
633
616
257
169
201
441
676
150
215
655
443
482
191
131
369
10
42
337
370
746
631
255
218
251
377
323
263
508
342
156
540
724
672
459
810
397
153
210
693
196
807
290
273
277
674
123
208
628
894
756
137
430
986
914
125
742
875
245
17
59
541
230
19
542
816
37
244
682
907
296
441
428
447
341
349
2
474
672
646
576
511
16
754
821
911
779
110
652
262
58
962
735
660
864
717
301
958
924
569
820
688
629
107
618
66
525
305
613
308
678
592
67
239
993
136
947
666
974
414
762
702
718
95
218
774
164
516
397
622
594
295
487
127
607
959
961
27
14
283
378
676
194
641
400
364
501
490
548
576
784
804
52
238
677
483
962
608
592
53
721
268
940
832
679
817
649
939
390
680
483
942
981
444
727
742
372
664
958
233
141
12
388
282
973
724
762
970
633
61
983
268
102
371
93
42
81
188
32
561
261
811
986
246
770
899
161
267
90
128
529
146
328
419
78
813
882
882
386
744
29
705
525
812
655
881
867
328
367
723
71
662
280
562
301
983
325
370
708
332
23
656
378
994
370
608
794
961
862
533
145
185
712
353
439
194
872
801
560
646
86
19
986
397
390
279
889
741
610
151
477
988
399
805
557
788
535
615
493
345
597
249
635
450
232
776
128
961
550
486
865
9
642
607
877
435
193
143
433
157
670
637
959
256
133
688
70
924
652
717
650
794
101
98
12
813
120
258
684
438
525
678
954
363
280
148
805
756
805
550
523
913
75
289
302
211
869
408
456
142
147
893
133
775
79
540
583
568
707
4
103
797
656
651
607
970
282
853
557
347
183
672
89
239
934
990
335
602
436
744
256
486
457
676
155
525
753
523
569
270
431
970
206
921
788
90
227
745
285
334
409
693
771
905
984
410
227
169
781
481
878
372
642
720
347
333
111
752
535
491
710
483
599
311
28
831
84
983
547
100
878
812
277
326
908
716
36
494
182
205
636
883
142
647
337
281
707
85
981
796
285
720
394
43
703
31
157
267
45
110
811
215
183
802
454
465
206
215
280
640
852
470
273
286
344
615
299
276
270
302
81
140
133
677
872
650
434
230
190
353
955
963
815
934
789
389
87
611
518
525
449
730
615
489
758
827
745
470
34
540
153
559
320
605
646
528
349
389
950
385
298
476
65
442
555
557
29
696
764
687
800
937
44
218
772
81
257
889
245
122
683
575
902
841
749
594
82
323
917
223
950
468
341
376
691
743
602
313
881
703
562
435
583
56
955
802
640
91
998
26
55
685
737
945
435
915
140
392
109
267
956
476
190
322
611
323
214
262
625
261
527
375
12
649
624
535
970
696
213
986
151
906
260
132
522
500
178
366
282
91
620
373
326
880
754
7
417
31
933
802
636
581
706
907
830
373
398
280
999
791
745
987
914
959
239
339
368
829
641
336
761
214
531
499
190
959
742
160
130
321
773
745
87
589
837
864
620
588
14
184
652
836
534
528
274
963
757
654
792
881
411
636
879
270
797
530
57
981
326
376
410
388
10
517
693
657
950
913
691
850
139
507
958
145
338
552
923
818
321
497
14
235
947
87
584
999
62
174
27
654
150
499
910
533
271
379
811
989
72
858
622
483
122
21
489
508
583
124
490
442
856
719
646
831
327
876
478
140
523
266
200
575
394
638
617
672
729
399
486
358
558
680
521
610
406
977
800
623
203
778
986
301
997
182
555
937
242
208
783
10
776
36
419
531
14
140
383
656
267
317
639
695
814
54
737
204
916
781
457
88
441
998
519
967
701
16
954
461
263
974
790
949
120
519
105
262
222
890
36
266
321
729
813
51
891
289
625
805
440
428
606
266
756
123
558
366
716
939
71
264
292
290
624
817
312
6
662
260
326
915
973
770
569
511
874
8
609
36
349
128
149
761
140
649
706
829
530
388
941
841
878
868
620
425
720
9
363
575
566
841
811
19
93
747
412
675
923
98
779
235
793
586
191
34
759
514
382
897
271
445
964
8
163
63
307
462
626
633
86
236
141
441
479
671
808
890
545
649
396
731
895
667
226
174
995
689
970
711
67
202
329
615
822
90
417
196
693
597
746
151
92
410
958
1
247
674
803
362
785
157
433
736
512
31
947
313
421
859
994
998
511
292
357
732
471
708
309
583
110
579
701
116
890
782
278
220
831
985
808
137
755
706
854
214
266
860
448
127
496
860
787
314
653
132
302
600
962
330
211
740
546
316
462
559
731
178
57
734
844
311
429
889
473
733
510
888
9
733
574
379
240
328
657
190
81
189
744
208
371
144
127
727
285
91
89
882
740
779
107
683
840
969
38
222
791
707
190
18
745
495
119
259
963
835
256
705
887
692
495
944
152
433
324
781
19
596
666
922
776
237
360
495
665
522
125
397
458
590
82
328
686
956
81
648
274
201
35
668
546
468
416
116
586
651
959
1
528
755
134
475
356
995
43
358
801
806
560
442
493
803
309
790
52
11
472
177
595
46
839
716
312
714
606
287
247
417
756
270
480
293
192
976
900
411
609
557
373
962
707
473
181
654
733
664
47
637
415
584
546
814
440
582
460
585
926
158
515
86
791
938
911
222
988
6
667
776
574
494
802
89
560
285
150
915
892
395
115
801
585
514
122
964
210
797
570
533
130
908
674
192
164
785
601
129
823
833
797
789
54
639
402
263
525
507
419
814
439
578
188
464
341
330
408
174
257
452
902
707
280
439
126
449
830
285
762
34
452
652
983
824
916
915
995
825
781
894
944
579
714
25
510
976
188
413
184
646
936
801
100
926
819
481
318
286
786
683
342
453
239
404
117
915
741
382
863
675
364
500
371
46
696
732
454
276
892
719
196
193
12
168
344
762
984
198
236
939
540
192
809
679
20
524
866
971
877
884
668
951
119
262
741
114
454
335
446
937
88
579
499
371
65
147
591
972
474
603
916
772
400
647
848
100
816
497
651
708
360
802
949
204
841
419
604
917
24
782
763
210
12
358
743
849
139
544
851
568
101
572
179
165
345
572
477
15
142
231
179
674
985
842
397
811
942
869
540
945
138
606
25
316
797
348
132
605
341
945
857
465
109
676
772
514
716
659
549
972
690
474
623
481
302
994
18
730
770
881
672
483
272
465
149
978
934
928
447
531
572
500
117
179
415
505
44
615
541
528
205
952
385
573
538
477
881
981
295
901
394
938
549
648
5
589
761
16
251
559
668
865
612
460
819
58
573
204
967
160
864
255
703
774
381
813
1
34
327
119
712
678
393
685
878
674
591
485
611
483
704
741
22
202
393
149
904
899
614
276
40
96
177
125
328
650
925
93
671
220
563
620
576
172
651
310
760
390
240
493
365
334
442
101
169
514
927
827
502
42
595
11
659
621
555
445
909
721
146
594
73
846
507
113
381
304
973
321
478
360
324
370
772
926
276
508
738
44
249
795
786
626
90
702
846
329
435
994
464
974
538
432
858
30
313
144
42
192
402
169
845
860
721
358
325
878
723
606
125
798
4
335
185
15
630
200
306
945
445
834
767
446
960
891
583
646
658
311
563
136
846
618
161
453
401
239
154
58
265
78
645
258
468
549
469
453
539
78
45
562
341
41
620
268
912
758
820
4
114
313
820
330
165
146
261
177
409
215
689
103
668
225
119
461
917
24
283
945
622
252
955
510
535
913
277
589
398
125
76
834
924
634
937
141
380
843
477
323
453
484
173
592
623
434
286
187
250
452
768
15
585
205
767
42
22
55
52
987
463
702
811
725
750
318
670
794
414
817
262
294
329
641
297
466
95
151
767
616
384
733
270
858
379
918
878
530
831
464
375
117
854
939
854
465
514
385
87
695
71
170
204
303
32
362
827
40
54
497
797
584
771
264
43
206
557
859
235
49
886
359
201
893
471
561
505
826
701
272
904
640
604
632
946
139
296
684
149
726
450
103
509
527
927
527
730
472
213
975
43
317
150
616
805
503
183
19
911
556
219
205
117
520
864
487
780
532
795
497
469
297
623
355
451
265
440
760
302
291
286
991
586
305
5
239
129
263
481
350
909
570
63
790
754
227
527
637
976
135
797
999
222
36
711
138
369
10
985
974
213
67
140
111
923
320
141
784
72
458
801
846
302
242
734
750
995
878
69
516
15
448
652
1
132
660
696
888
870
141
823
701
217
269
411
730
242
416
227
768
822
211
796
238
254
647
324
601
932
108
815
880
799
171
362
547
194
364
893
664
220
984
950
41
304
540
640
149
436
907
907
897
246
695
452
995
307
556
189
819
697
281
624
727
292
44
189
449
302
584
970
119
511
461
786
598
997
749
302
996
204
462
624
9
558
425
167
129
966
926
53
657
119
714
116
611
369
350
614
607
795
997
828
960
12
402
758
553
411
555
738
298
695
822
968
403
745
486
833
411
278
410
695
861
616
570
72
640
395
839
468
826
541
118
350
72
943
665
536
916
280
378
534
676
305
325
837
715
35
601
60
510
260
730
608
861
345
14
830
148
14
81
762
948
760
552
852
779
35
31
98
853
303
15
936
366
957
960
948
541
256
782
830
830
271
251
756
628
694
441
404
512
892
362
387
435
728
542
331
653
501
96
345
607
484
710
987
179
24
387
48
413
156
66
514
918
289
57
543
118
956
320
54
371
332
948
532
370
1
357
294
689
856
448
120
846
371
393
420
832
301
833
119
656
691
824
733
931
774
520
237
95
901
350
166
215
248
244
9
205
447
383
873
859
152
331
309
79
520
750
150
24
161
744
691
465
441
389
290
961
915
436
193
475
167
879
194
305
4
383
133
641
686
523
448
441
995
349
234
780
103
25
813
128
759
227
153
995
642
676
533
235
163
480
0
703
484
864
766
101
213
231
334
128
874
122
496
605
274
417
300
779
668
893
93
572
828
381
413
140
938
769
498
606
35
570
310
997
610
508
332
542
511
657
310
271
527
211
892
252
564
477
934
166
411
670
611
296
115
892
602
312
805
841
366
429
903
500
702
43
27
447
106
889
821
97
866
499
169
31
32
457
930
731
958
819
120
105
546
791
57
850
550
801
47
231
923
677
530
364
422
140
309
542
419
537
651
434
238
631
852
524
576
289
651
593
70
333
927
929
766
30
561
972
123
668
965
552
583
442
473
4
904
684
530
933
779
931
710
834
853
71
245
109
953
520
289
41
707
32
676
627
395
456
856
622
862
38
425
783
534
672
55
857
585
392
696
814
463
619
554
532
349
487
958
303
22
777
136
40
257
873
563
626
886
275
265
172
370
978
888
448
75
242
560
336
685
978
641
127
170
461
426
339
736
876
444
749
76
465
21
482
572
586
816
986
586
856
641
706
645
140
518
784
978
77
522
259
327
880
819
20
496
164
667
997
698
352
947
492
829
308
955
835
559
73
279
400
699
38
964
116
865
984
192
282
919
436
998
887
989
300
857
520
413
325
792
884
97
793
320
495
343
125
431
503
776
809
516
575
798
647
525
358
531
58
648
635
806
365
11
759
281
132
238
871
46
907
182
397
728
794
77
402
805
121
685
706
729
430
820
564
430
752
0
932
303
566
299
886
12
897
74
25
360
203
576
302
382
819
568
220
754
311
839
122
836
756
256
16
734
868
497
138
871
196
922
873
129
289
774
616
260
839
778
744
781
862
242
640
817
873
371
669
692
660
955
18
598
593
684
412
117
15
656
277
382
24
39
83
892
550
947
348
363
537
165
455
758
367
536
658
228
248
2
524
473
565
99
39
433
509
95
756
16
236
621
114
253
616
962
292
997
424
344
102
315
692
399
836
789
195
30
79
42
693
314
637
951
918
469
268
1
44
506
554
148
109
845
172
898
823
928
945
600
941
207
43
890
403
109
321
527
223
688
203
79
876
367
84
536
460
595
485
352
761
91
372
269
136
506
64
305
522
916
199
57
801
590
934
236
491
194
524
16
342
105
899
687
713
524
684
929
298
811
319
52
345
862
772
183
744
498
1
716
53
642
944
203
158
815
803
435
632
963
39
979
196
47
506
407
311
333
715
38
756
167
53
576
111
598
255
765
833
855
187
273
243
432
601
852
633
904
991
501
302
492
679
614
349
229
813
578
538
495
747
579
358
525
620
521
905
208
673
629
807
167
195
43
154
327
766
470
87
836
717
197
424
256
928
595
389
159
999
12
744
38
626
220
900
688
63
330
297
623
398
337
958
540
460
662
107
902
610
725
83
958
850
887
994
691
822
479
185
985
189
482
915
101
162
460
602
707
314
887
747
888
914
390
467
436
227
199
261
303
267
975
897
292
361
512
762
266
517
77
355
471
25
807
991
168
544
944
293
236
610
924
900
375
161
743
569
761
91
441
882
406
204
206
565
441
943
107
658
945
353
467
377
614
562
759
154
20
480
676
728
638
514
293
432
542
950
929
396
185
400
464
982
40
160
816
459
472
943
468
566
755
645
27
662
216
873
622
22
669
926
499
998
965
471
759
851
476
543
657
408
655
775
345
422
312
317
415
104
575
813
879
620
397
991
818
566
50
468
217
831
662
846
891
261
692
188
301
552
371
943
65
721
598
443
839
734
939
205
951
150
33
598
801
646
362
705
876
78
904
647
227
171
596
852
14
73
97
269
292
308
39
185
629
323
868
33
686
698
397
77
270
595
922
565
341
736
687
537
253
24
582
837
640
692
418
284
737
228
559
607
422
770
773
626
795
779
364
660
826
581
185
258
334
690
422
62
744
264
271
161
328
369
905
234
901
382
997
705
319
563
914
205
321
519
113
55
13
467
809
233
352
316
859
894
724
503
609
758
180
536
423
190
866
30
67
235
764
518
944
953
894
19
622
412
753
959
790
802
568
481
857
403
315
155
992
46
484
118
510
737
95
324
26
964
879
314
945
243
275
64
592
246
192
959
927
399
24
758
169
32
104
888
639
158
383
261
380
342
146
243
179
754
740
442
397
375
403
809
408
142
686
216
465
854
138
939
297
531
516
951
509
29
993
4
351
455
481
23
290
393
89
107
195
941
136
708
724
603
729
967
514
145
199
745
830
115
504
307
800
147
712
183
78
68
534
145
933
857
91
653
903
189
319
1
186
246
517
38
290
940
31
545
948
432
12
912
819
666
838
139
56
419
928
553
738
531
924
572
485
976
547
322
846
61
814
464
909
506
689
685
3
285
719
849
355
93
585
457
93
783
879
247
885
736
505
306
778
245
943
431
19
625
573
363
924
108
114
638
214
197
88
357
116
564
678
733
129
702
688
751
127
926
472
692
771
509
678
830
181
477
355
24
355
656
219
763
420
256
665
679
578
394
692
730
713
276
879
744
820
887
151
919
878
531
613
901
374
934
803
440
716
161
787
770
57
87
595
191
987
115
557
397
701
77
891
135
701
672
40
317
406
939
729
524
830
634
770
758
970
568
853
533
286
355
269
721
401
236
208
387
364
242
923
781
779
218
896
49
76
493
139
651
357
262
562
987
826
870
266
427
716
870
430
521
397
705
299
201
495
59
583
659
260
273
23
924
440
918
872
164
595
312
445
683
971
725
223
400
175
717
587
720
710
677
892
319
709
725
466
342
319
143
195
986
303
28
445
181
817
397
557
683
886
619
642
170
334
35
531
127
480
754
463
737
181
48
747
844
299
436
61
509
381
100
384
765
855
143
888
92
520
554
845
427
376
411
925
797
905
77
482
915
322
760
219
291
301
468
805
948
170
178
186
969
829
127
234
439
907
502
414
293
346
89
612
103
846
332
36
631
591
566
128
624
88
412
138
528
755
108
560
10
543
771
795
285
292
443
782
549
469
365
385
316
347
431
556
628
203
18
17
492
126
426
922
284
63
882
570
766
657
164
480
323
94
155
405
887
412
421
134
19
401
240
62
549
632
871
891
782
532
536
968
128
905
726
419
593
130
447
277
576
692
313
7
483
98
781
812
75
818
832
329
972
989
394
888
85
123
917
276
96
124
732
359
79
612
333
743
924
806
405
824
250
249
998
835
277
104
783
691
371
194
320
392
438
162
521
301
911
698
854
123
80
264
369
497
53
659
188
3
8
110
249
743
888
122
488
695
62
507
76
216
20
321
922
145
762
550
743
951
510
687
109
389
839
164
178
505
751
521
646
930
826
711
198
197
143
221
242
607
970
79
871
677
603
625
345
799
383
45
257
323
992
112
535
29
876
594
5
404
847
428
623
416
830
500
42
24
121
76
976
408
916
273
605
943
779
295
594
166
7
26
243
652
33
815
551
351
329
913
852
102
723
647
332
161
311
850
176
730
540
877
279
620
961
421
923
329
520
776
704
147
742
866
538
648
51
850
442
32
691
651
436
138
646
830
408
794
626
301
355
648
259
730
458
426
525
118
427
489
694
894
231
472
234
552
280
865
91
539
219
619
381
980
177
286
460
309
872
230
283
224
465
213
490
321
814
507
435
689
602
9
673
487
388
956
261
553
81
308
342
16
694
348
788
801
159
12
674
336
999
857
110
919
476
751
909
93
30
405
648
185
36
958
237
765
450
712
884
840
59
429
359
324
64
967
708
758
122
633
698
35
857
776
990
743
425
216
273
65
286
43
391
339
869
212
839
958
646
114
698
394
201
16
930
234
292
409
416
174
774
848
602
594
867
46
47
908
693
317
456
883
547
113
37
179
896
782
9
508
611
253
748
642
23
592
939
856
174
5
677
158
135
615
140
577
912
991
623
721
298
426
832
550
680
44
342
244
435
42
761
605
662
781
494
365
488
762
518
433
795
479
495
793
496
472
174
12
293
975
807
555
37
626
828
694
530
598
822
634
361
538
242
340
129
78
731
71
50
10
16
401
199
667
41
443
879
192
956
360
469
771
198
381
394
203
176
166
228
286
736
546
557
947
992
532
555
389
216
19
655
36
435
115
380
662
328
978
582
123
40
311
237
806
206
204
644
911
176
580
978
693
913
639
317
489
88
963
589
821
408
293
932
12
637
413
272
443
168
87
699
93
943
190
512
244
868
467
625
395
984
715
801
521
180
950
723
959
940
268
534
835
401
466
581
725
937
674
103
526
412
601
16
769
198
929
842
466
580
727
916
330
173
271
860
301
398
227
284
282
2
411
751
833
317
790
759
772
187
70
916
156
593
946
882
172
967
365
176
802
793
635
760
122
241
548
568
165
931
865
28
142
701
651
14
301
712
500
444
213
71
429
131
752
379
662
109
754
712
108
893
194
992
260
163
213
106
414
696
189
775
973
831
263
985
850
134
635
631
704
320
108
233
411
249
662
189
418
893
223
948
555
669
398
221
237
183
64
963
497
377
898
645
514
225
529
578
803
4
869
718
808
233
572
158
524
777
874
628
369
366
526
279
711
493
0
947
851
241
743
704
17
166
343
682
508
606
751
308
138
443
217
985
37
210
418
993
988
952
161
724
912
516
805
6
202
400
806
479
186
29
718
597
250
235
529
449
497
978
335
739
779
48
978
931
157
7
962
773
87
849
54
336
947
851
222
763
889
587
268
716
725
320
80
167
576
629
282
439
650
577
122
284
858
438
20
25
524
459
8
592
833
360
605
613
829
910
286
36
761
17
692
344
560
12
210
40
399
111
8
464
726
846
255
562
419
25
396
239
493
931
112
406
302
26
755
726
482
987
104
348
380
927
92
876
752
389
928
702
523
557
942
15
86
183
209
649
106
718
357
240
597
756
909
657
338
898
299
361
791
932
146
735
32
360
807
743
945
433
382
156
288
348
881
697
977
902
379
757
235
736
563
585
296
64
540
318
338
277
577
904
912
343
30
489
936
360
121
459
542
451
775
438
403
119
820
442
625
48
666
618
482
179
506
917
88
964
321
154
640
998
481
375
216
662
841
886
583
84
471
301
676
894
129
560
646
235
419
741
186
241
898
948
619
764
495
577
148
220
512
272
353
297
112
187
396
310
175
539
259
327
308
16
142
312
934
783
326
195
970
903
761
14
847
800
922
31
77
625
70
868
908
156
433
763
641
640
607
899
227
322
438
678
892
330
536
723
547
373
199
596
894
492
473
185
844
568
612
238
432
584
978
224
138
322
253
272
416
122
422
361
450
985
150
620
923
596
192
893
307
808
382
785
34
327
399
726
582
18
163
904
573
996
381
700
470
750
775
10
386
60
412
868
304
35
438
317
990
437
479
264
916
883
837
830
594
725
375
555
625
369
988
630
383
574
451
603
452
716
108
431
818
451
358
552
873
844
322
54
136
631
156
497
368
842
265
200
410
650
948
739
641
401
931
510
522
253
999
283
416
33
721
403
524
194
31
888
577
552
157
706
21
639
313
372
964
9
399
90
567
641
395
706
994
679
557
172
299
275
917
718
981
760
792
881
28
838
788
362
155
19
717
758
258
384
354
589
876
676
105
297
52
231
159
331
631
381
348
930
924
893
979
218
496
548
63
21
463
483
960
552
101
986
333
405
338
255
188
288
267
551
253
440
461
208
892
972
701
849
309
295
979
358
802
633
53
939
576
740
480
964
888
560
137
928
449
611
793
424
666
353
847
927
381
83
575
239
104
783
280
253
645
628
908
499
352
552
216
49
329
729
763
919
215
628
76
176
605
197
187
142
649
307
154
183
727
151
797
585
276
577
236
631
894
167
833
664
729
659
196
616
644
496
445
589
770
329
313
680
997
766
453
838
389
532
449
771
813
591
467
706
542
966
276
762
686
732
648
304
8
902
687
869
511
806
416
277
949
947
533
620
469
891
594
356
465
70
167
55
749
96
629
293
418
506
765
451
703
606
660
448
266
109
267
325
756
974
10
9
203
254
37
182
321
615
142
883
817
463
682
887
218
605
24
271
260
201
259
428
863
113
145
124
946
836
509
699
73
493
871
669
512
246
939
379
253
270
38
24
498
465
444
431
455
866
239
515
558
639
698
362
760
897
180
303
581
719
672
643
937
398
25
943
778
271
571
136
181
21
741
375
872
553
210
556
106
948
790
415
423
616
838
250
736
251
80
390
39
522
562
593
615
854
430
713
786
877
347
248
837
255
399
371
606
443
464
768
710
990
490
36
953
800
986
743
337
19
289
469
827
520
973
609
129
296
193
280
46
179
117
727
129
169
264
457
153
323
865
833
126
853
318
137
688
530
515
325
513
380
356
263
869
343
950
864
706
144
215
791
714
63
350
129
101
790
629
469
740
637
899
818
184
172
174
72
305
308
677
72
315
98
468
929
154
89
337
120
838
499
139
675
865
363
746
42
949
82
473
282
204
173
600
879
135
959
726
606
383
936
420
613
810
874
725
543
853
315
673
567
313
92
329
48
568
605
596
670
878
474
760
141
612
463
77
181
55
91
547
30
535
316
340
854
972
455
563
548
331
593
259
232
367
352
437
825
410
591
194
930
474
834
207
490
985
190
166
846
812
859
640
14
141
170
168
433
308
37
323
901
960
879
396
919
867
554
292
643
660
142
910
585
518
276
48
484
734
208
470
640
202
412
313
815
388
423
677
520
934
185
672
990
879
217
197
264
395
238
857
650
697
446
621
303
959
534
577
64
256
447
946
142
613
89
331
48
497
103
359
57
685
799
710
26
469
195
589
607
170
561
440
401
318
739
395
640
375
692
622
298
906
256
926
540
785
815
520
227
375
190
649
527
319
81
42
438
509
737
463
745
228
430
805
277
15
657
635
408
963
889
962
397
577
632
110
734
394
977
15
333
811
344
561
31
47
373
822
917
292
351
182
441
685
393
181
945
831
28
970
563
544
281
280
486
321
57
630
888
972
419
777
569
208
337
745
139
921
631
832
229
901
360
383
282
305
31
691
459
730
816
173
422
904
193
183
912
277
112
913
646
707
866
228
316
690
308
798
993
145
250
4
263
373
890
878
370
157
972
163
285
301
616
5
859
817
300
728
904
929
817
268
613
283
697
914
986
271
319
980
587
235
874
196
154
151
535
614
925
219
947
362
731
436
658
401
784
517
767
273
658
218
208
379
736
544
140
706
830
625
484
598
359
515
916
374
208
184
845
573
373
784
992
763
954
66
648
675
888
546
61
957
290
76
353
410
547
198
776
493
893
524
761
457
792
53
523
213
918
723
318
181
79
752
760
586
598
987
776
369
319
122
130
776
403
890
23
781
362
401
976
473
267
989
848
898
83
285
964
334
607
245
87
555
296
423
790
427
187
613
500
125
801
883
147
487
634
392
848
495
449
974
713
881
491
799
206
674
938
727
994
92
209
481
948
18
827
129
62
203
980
177
369
435
99
967
611
797
698
52
486
789
340
903
190
249
610
559
783
80
858
136
105
163
269
92
185
96
620
827
413
933
638
637
107
945
799
412
190
38
232
551
343
91
464
73
140
526
372
881
967
367
424
586
998
927
90
818
394
79
423
415
622
893
108
837
78
801
683
781
345
718
264
352
61
189
679
689
758
67
380
880
82
354
655
170
692
645
34
382
283
420
72
370
550
960
211
140
782
920
2
214
264
186
294
280
557
62
727
865
248
380
447
328
812
342
971
260
103
135
842
692
103
51
491
49
240
856
503
151
967
354
216
66
358
429
765
798
19
91
227
566
895
501
193
766
337
854
744
868
260
196
541
977
428
879
917
822
128
468
724
841
476
571
417
967
535
563
810
347
555
296
647
173
614
179
845
382
580
40
282
447
151
333
824
457
724
398
593
719
923
941
397
119
771
782
730
944
735
513
720
790
217
177
767
576
106
817
584
443
115
902
110
375
931
664
375
527
925
42
394
542
124
449
903
157
718
129
637
545
131
98
228
105
153
641
928
205
414
100
254
905
344
598
734
945
636
296
901
664
385
144
54
313
32
907
589
102
467
486
528
326
591
354
162
232
599
198
844
854
974
966
42
462
585
337
304
922
663
577
823
783
597
44
833
426
282
535
172
254
348
553
390
403
622
925
261
240
647
570
729
521
15
565
993
819
664
286
863
596
711
16
73
248
885
89
197
431
927
785
584
866
990
624
259
115
412
208
18
276
796
874
34
336
148
260
247
127
50
248
679
997
240
471
791
297
557
500
319
578
98
462
532
685
981
37
59
476
405
510
733
145
396
641
275
785
74
968
239
923
459
50
228
903
575
725
780
387
745
473
804
401
991
153
325
789
278
853
418
25
382
19
889
963
753
333
648
95
660
899
742
886
863
721
715
240
407
963
676
917
293
388
879
191
715
911
111
323
922
140
709
103
963
380
451
901
136
880
726
21
894
115
567
449
386
361
374
978
413
239
5
97
333
17
820
671
993
482
269
837
160
790
710
544
375
372
663
900
205
831
831
161
269
764
648
227
80
157
779
843
916
252
465
307
669
779
727
223
381
200
629
927
451
823
371
905
182
423
992
819
981
118
961
486
460
16
299
358
996
43
869
805
960
454
348
208
384
704
940
946
692
476
128
4
287
626
967
870
93
241
467
911
834
665
327
39
424
525
44
894
196
197
688
214
838
425
836
323
428
138
568
219
578
843
69
89
559
460
62
427
23
503
396
139
960
547
685
634
212
150
272
768
643
896
144
713
913
514
771
793
251
701
189
456
81
599
582
945
785
121
332
820
184
956
702
651
805
417
511
706
20
151
971
960
684
151
825
202
902
972
725
598
130
47
25
164
240
119
615
441
63
644
430
141
373
172
70
509
796
591
737
283
901
541
721
433
588
344
896
292
320
780
783
429
653
970
631
627
704
996
382
52
710
43
710
531
505
828
224
378
217
697
40
353
595
603
285
271
144
757
287
285
516
372
909
554
424
219
115
65
63
211
204
15
218
376
650
368
537
518
311
209
615
634
558
104
600
389
403
639
314
939
620
808
165
170
259
34
343
654
177
58
832
433
648
269
240
632
477
185
872
401
904
740
52
207
593
804
850
512
481
293
775
486
882
977
223
138
92
761
750
103
205
42
256
794
988
923
954
983
251
403
619
646
734
343
658
957
436
201
677
23
473
508
43
482
77
52
935
662
205
258
145
921
68
477
258
48
557
580
940
568
696
600
741
739
879
479
798
957
995
731
380
942
728
321
945
122
985
836
776
412
258
362
660
361
257
383
667
449
599
5
660
304
480
557
186
50
325
351
652
342
794
430
387
761
25
719
815
347
595
407
30
103
806
252
682
123
911
196
590
520
589
2
381
203
360
775
375
610
692
532
640
618
6
302
71
61
161
315
840
249
477
696
246
3
46
717
769
11
308
104
359
729
252
926
603
325
714
520
367
36
689
618
862
303
617
855
859
637
788
96
895
136
469
291
211
941
909
472
595
461
931
183
571
937
560
301
337
466
188
950
222
246
72
316
490
38
745
629
539
261
93
179
610
244
70
852
570
456
520
306
14
428
601
181
213
50
428
292
885
125
537
163
209
747
229
863
176
694
209
300
268
81
554
639
75
824
92
391
14
104
595
38
500
373
184
398
610
795
989
463
225
860
229
629
796
55
435
462
708
298
13
776
826
710
540
769
792
697
659
464
652
497
18
193
890
548
774
47
733
629
150
337
682
857
733
135
137
519
919
925
329
469
89
166
759
471
986
44
203
531
176
580
247
256
248
599
972
677
38
338
515
150
252
823
724
896
187
572
463
854
300
761
309
284
298
88
297
705
846
349
225
529
997
869
267
696
202
346
14
459
684
828
118
441
251
156
683
407
837
490
487
384
951
574
930
875
986
859
628
46
988
968
902
905
296
328
821
613
483
921
740
132
508
897
493
922
535
525
851
920
957
236
23
49
564
375
917
870
807
724
115
580
682
128
758
589
52
561
104
28
624
94
298
778
554
430
897
149
955
213
200
200
601
53
843
654
750
929
395
272
500
549
122
630
874
961
389
362
53
796
313
560
861
637
379
697
506
389
528
631
748
369
238
659
20
939
565
458
795
471
982
126
468
867
718
705
664
480
286
292
559
574
435
61
958
859
629
711
433
596
470
131
189
404
81
797
426
633
748
489
788
630
555
268
382
603
506
967
906
857
311
998
438
777
82
696
582
548
794
278
169
581
94
638
955
147
196
633
208
835
161
552
624
794
14
566
675
623
763
511
713
367
931
638
262
42
979
51
489
739
280
556
816
814
324
578
586
441
645
404
352
500
162
362
313
493
363
952
560
925
628
266
108
990
37
302
468
