744
777
74
170
383
932
187
443
813
43
2
707
569
855
418
666
864
76
829
45
670
686
874
225
566
119
875
188
590
725
766
327
898
192
870
919
436
553
573
731
133
750
824
192
35
731
991
944
598
850
575
634
432
899
670
74
625
166
19
41
300
869
255
319
210
823
636
397
945
159
96
671
48
563
670
982
154
784
353
260
884
291
462
385
565
203
365
986
601
394
363
313
618
577
168
679
315
139
864
566
210
162
232
276
314
398
246
505
578
916
709
1
350
339
972
445
663
961
530
308
458
908
153
495
98
573
404
43
986
951
13
15
843
414
552
580
703
506
5
876
968
442
966
204
311
29
974
955
20
987
458
829
647
139
239
321
826
510
695
901
491
776
41
676
953
55
804
293
434
499
640
621
910
902
257
647
980
245
96
520
511
900
840
895
93
520
698
145
372
6
182
139
41
689
647
504
590
656
64
603
567
214
281
694
610
547
681
456
209
432
718
141
701
384
488
904
864
346
246
68
326
42
364
800
225
687
306
128
864
935
122
96
772
647
229
284
535
743
98
970
113
818
252
393
16
995
735
219
891
3
207
926
507
655
549
392
639
5
135
48
146
815
115
194
571
601
32
618
833
173
625
402
937
878
350
455
549
753
280
925
155
375
281
426
751
39
142
776
614
648
243
860
0
356
521
916
617
593
278
366
764
17
937
707
924
737
440
682
225
342
608
656
435
467
160
157
31
495
779
235
627
356
152
384
615
330
39
234
977
170
314
930
437
399
630
17
952
862
317
695
183
390
906
690
825
410
408
924
141
76
598
837
617
948
771
815
193
14
714
577
968
489
570
875
134
987
813
920
758
754
771
346
811
765
498
799
287
585
668
880
431
296
605
571
638
404
784
374
260
386
829
860
778
601
985
765
21
865
793
133
293
984
964
262
897
191
541
897
905
716
602
832
40
385
332
879
3
209
475
681
106
435
517
23
450
463
322
835
901
909
423
723
655
653
854
512
413
641
230
238
364
654
148
918
588
241
830
215
423
303
439
36
377
221
196
95
69
838
722
210
706
899
890
430
449
420
955
549
716
341
402
785
876
508
352
984
559
990
559
935
444
777
378
667
628
452
785
758
727
979
542
415
984
967
279
778
495
954
848
623
320
96
628
207
173
977
144
632
5
299
180
433
471
588
959
881
79
4
438
450
564
201
432
779
467
485
409
44
780
138
793
426
687
502
480
698
466
385
113
442
186
883
256
459
635
67
689
947
695
122
135
255
887
293
709
389
936
697
668
255
996
753
618
668
340
603
291
592
416
458
879
452
123
76
792
960
461
283
638
117
46
856
432
87
604
59
905
383
274
383
197
567
149
379
775
55
107
740
544
333
602
493
86
32
843
633
271
517
217
423
216
82
970
667
646
920
793
990
368
335
708
564
935
97
393
251
612
920
64
3
60
347
285
49
962
923
782
13
657
365
819
212
220
872
486
896
37
645
336
298
990
687
300
754
263
888
173
453
980
659
528
477
754
176
685
311
311
537
456
734
643
892
718
701
526
937
734
521
351
979
885
204
279
27
854
742
560
448
956
358
893
51
397
31
135
791
70
222
944
950
597
7
816
486
583
743
98
218
358
499
795
765
302
584
670
905
892
564
950
662
787
754
457
102
677
243
541
692
363
47
859
813
785
44
245
743
593
949
540
863
498
443
522
559
60
689
129
699
355
577
966
860
438
868
790
518
515
351
363
436
153
649
18
364
249
592
981
436
841
868
776
163
806
467
210
853
494
708
226
574
248
391
915
976
560
25
334
136
123
509
346
826
627
606
995
53
991
305
572
248
811
55
218
852
255
145
334
804
350
564
918
374
414
892
834
782
719
420
158
264
457
371
129
706
798
34
48
108
145
874
311
456
722
363
949
260
616
807
691
782
369
206
322
583
265
890
478
760
436
546
122
857
425
203
321
713
470
746
710
479
114
703
913
79
251
364
567
192
381
475
572
138
163
557
848
245
749
918
323
996
238
254
854
744
912
99
520
162
382
378
977
168
126
996
511
385
354
509
34
715
466
24
238
73
775
646
101
467
46
477
70
101
575
173
118
73
681
782
945
361
99
341
597
380
578
677
260
514
818
498
324
147
355
273
524
793
306
228
765
478
208
489
858
639
411
650
470
584
687
671
985
466
241
391
206
927
600
894
372
398
384
16
535
178
508
428
915
821
440
124
804
562
512
32
764
647
920
106
418
697
32
916
851
538
476
541
264
629
198
187
300
450
128
99
968
733
82
28
157
9
348
977
638
770
305
677
287
0
128
504
277
535
263
552
140
604
487
419
359
386
831
240
751
657
413
926
691
24
152
956
769
354
75
560
222
828
790
995
248
990
919
753
253
176
913
982
263
276
294
676
86
297
750
58
562
40
220
766
284
927
601
906
192
682
296
556
234
34
477
272
137
526
803
1
844
13
200
476
432
318
383
141
243
287
842
371
992
865
985
358
319
965
811
601
664
392
392
834
900
121
762
247
121
651
510
266
424
709
266
981
404
527
52
833
281
944
860
416
230
818
999
379
312
615
418
885
509
981
711
550
602
124
327
603
545
393
940
195
211
67
457
421
534
746
873
613
739
455
881
349
670
391
899
232
635
513
168
754
194
767
385
851
822
193
457
786
751
228
715
694
458
266
907
848
2
955
612
932
702
410
446
918
407
522
953
570
915
279
146
660
579
337
97
949
333
594
701
375
391
281
420
32
513
255
923
130
181
847
895
795
934
747
853
184
842
1
676
548
270
708
445
462
869
111
404
497
27
900
782
678
748
563
750
172
332
622
742
199
931
713
278
245
39
575
28
957
110
687
417
107
318
469
964
246
107
421
837
275
573
299
584
474
106
230
939
46
95
387
966
963
687
341
374
527
893
26
958
954
668
216
748
930
329
166
843
599
913
808
377
646
772
211
495
905
638
766
912
67
46
89
776
466
533
999
947
477
268
87
760
356
58
401
936
542
849
315
430
421
340
371
116
919
399
383
823
230
227
184
953
799
309
517
841
784
953
132
17
417
856
827
188
557
483
757
338
27
115
280
937
292
95
803
713
769
729
700
460
197
814
151
97
997
463
195
628
169
32
71
115
162
893
538
199
923
492
968
589
180
947
824
464
793
887
234
621
681
310
710
195
690
25
24
109
162
746
215
309
393
870
68
830
346
294
512
958
304
896
831
886
989
421
328
288
622
415
726
636
282
265
681
695
761
739
141
400
625
472
885
712
228
502
624
982
334
521
961
764
394
140
188
121
195
733
212
292
656
92
962
810
809
888
561
900
166
702
636
664
223
918
792
921
590
444
726
734
641
824
456
669
195
739
701
402
290
79
672
72
171
281
827
970
873
173
817
790
173
718
672
390
727
593
261
813
651
980
978
747
39
465
347
493
977
801
198
260
77
543
88
592
115
378
908
264
895
997
646
505
226
375
310
329
750
555
280
758
727
19
456
968
589
550
675
456
750
283
153
412
728
128
631
456
252
428
977
890
78
69
540
193
585
630
633
67
760
369
485
154
783
917
933
299
479
660
207
507
176
252
572
261
865
672
898
324
947
562
766
786
387
279
686
211
414
455
853
681
920
271
247
652
5
645
348
765
200
95
250
744
346
721
586
788
721
137
93
409
578
752
128
348
434
648
730
105
254
468
734
902
690
505
116
496
758
279
833
461
997
387
159
709
639
597
696
997
527
32
940
1
542
907
250
390
422
684
898
81
531
508
49
367
251
930
950
394
791
704
41
341
537
12
363
61
517
500
897
876
836
490
386
898
420
463
88
242
467
262
307
230
866
304
832
440
95
560
353
735
282
59
487
378
801
902
530
420
327
995
985
844
23
777
388
335
6
318
670
164
806
220
985
668
711
510
546
989
921
142
915
969
444
516
215
391
304
804
608
710
640
389
860
193
313
698
950
580
345
791
857
954
843
353
143
200
783
649
216
457
869
135
150
414
258
800
165
530
131
148
656
143
478
598
486
73
393
425
724
741
570
275
28
742
325
832
859
828
236
486
248
648
112
497
680
513
462
90
934
908
709
104
199
172
892
283
724
574
905
105
682
471
203
264
227
108
417
791
423
854
59
841
509
976
502
38
922
150
38
799
701
180
691
510
313
432
198
992
169
381
461
312
587
53
570
794
123
329
194
616
160
520
841
820
675
547
858
891
435
553
532
250
902
796
169
520
402
598
808
336
882
561
794
265
540
106
201
299
239
937
149
248
25
784
696
685
79
718
849
124
598
782
582
640
550
89
754
291
542
532
414
7
106
47
692
895
433
956
926
834
59
712
597
116
800
393
998
944
179
652
566
589
350
90
38
620
983
566
346
987
272
38
180
50
173
963
150
984
662
446
492
944
363
449
503
606
527
88
189
319
766
882
638
514
336
808
474
978
175
320
710
53
549
22
174
100
935
288
716
430
510
828
406
843
588
49
966
827
603
463
699
713
425
580
684
663
688
883
701
407
746
835
34
386
609
753
920
937
788
75
459
119
790
451
538
591
81
732
71
550
296
492
418
623
874
773
773
200
218
113
18
198
178
130
57
209
472
924
78
174
169
0
71
693
746
349
171
342
846
165
989
557
674
521
208
863
188
34
404
992
601
485
15
675
989
786
424
885
173
218
300
326
105
410
483
741
918
568
172
599
184
945
797
811
964
228
151
253
315
759
958
325
730
940
23
19
854
7
418
194
286
927
566
190
481
470
844
483
438
159
563
531
410
115
714
516
619
992
133
28
603
511
503
825
833
760
550
361
522
436
51
563
109
71
288
545
3
392
245
515
245
78
843
184
288
40
185
875
163
985
573
640
721
15
530
730
634
975
719
738
908
678
649
286
503
974
359
867
885
411
290
577
72
945
888
754
966
188
438
85
40
516
538
198
552
915
163
898
928
795
912
905
568
89
245
341
39
232
501
313
635
964
457
688
235
108
142
220
553
339
588
159
709
307
610
497
877
422
255
758
329
658
780
603
834
976
798
837
907
954
623
711
207
495
604
350
842
980
968
634
84
520
927
443
576
924
952
677
970
789
994
522
759
247
335
499
255
16
949
426
317
927
825
991
807
815
799
237
808
507
820
593
75
368
996
734
219
17
880
527
5
371
935
218
135
991
653
525
994
725
977
41
74
763
0
647
622
153
999
611
587
31
101
68
171
158
487
916
866
648
950
778
410
110
435
938
964
20
706
190
15
386
52
364
589
378
846
555
984
696
167
386
221
627
903
479
430
615
451
841
115
501
597
923
563
248
729
718
836
363
458
985
634
20
442
623
580
280
128
766
522
938
772
695
186
427
86
423
363
799
765
961
832
634
227
725
638
581
189
817
305
489
681
715
80
175
920
712
577
713
939
964
495
936
17
983
728
428
526
935
187
897
712
680
71
540
403
845
406
946
341
449
544
249
499
975
788
406
754
682
697
850
257
186
715
257
451
124
273
736
763
116
604
731
177
105
458
512
529
398
911
715
458
441
573
63
892
313
818
510
963
217
464
429
576
963
651
879
198
435
699
732
522
641
32
934
787
42
245
184
929
92
870
996
763
52
363
151
632
318
711
922
919
72
186
672
650
676
465
855
381
463
560
653
165
283
470
801
595
805
190
986
135
652
750
248
249
783
768
117
179
145
406
520
987
13
498
766
189
327
891
517
469
262
340
806
81
965
407
134
780
448
439
705
911
57
651
492
931
927
374
470
954
143
363
697
731
898
349
627
555
235
685
316
49
331
261
267
818
827
665
425
3
101
901
834
261
480
737
987
139
166
538
844
31
283
578
444
642
268
911
403
354
434
321
217
693
266
397
784
572
882
751
456
892
81
916
343
637
571
61
746
53
513
879
925
47
321
616
987
549
135
116
83
197
352
573
127
790
318
361
770
836
325
21
381
305
352
168
869
724
969
530
573
294
756
179
956
638
190
184
955
543
919
344
957
831
441
972
67
760
196
701
483
268
624
72
372
849
158
436
681
420
92
436
400
385
131
512
653
737
878
318
536
236
296
862
487
622
298
803
601
702
353
509
137
41
192
875
451
806
775
53
774
866
288
16
630
523
153
899
708
754
651
463
205
186
134
883
908
573
575
333
484
429
47
340
951
392
665
962
388
28
151
791
976
34
257
569
836
384
140
248
398
918
547
917
31
586
581
963
464
111
618
982
226
112
435
399
73
475
765
185
931
544
298
806
123
49
4
259
109
123
71
347
781
34
722
71
913
11
521
370
215
530
834
970
732
428
305
386
395
727
187
637
694
358
459
366
3
553
13
939
230
361
253
503
839
784
307
54
104
487
661
203
822
257
952
253
353
669
245
905
809
753
644
89
399
545
624
578
797
751
359
483
971
637
979
345
775
14
834
480
184
434
823
963
663
952
562
940
355
589
419
536
671
83
6
890
458
318
923
959
507
312
342
265
679
755
166
861
553
478
812
8
204
1
601
446
824
787
884
698
615
339
111
874
634
43
893
546
557
736
914
593
187
534
110
433
647
993
968
247
25
870
868
938
881
735
248
568
468
902
521
940
872
9
116
68
277
723
107
543
545
260
319
356
336
30
100
973
591
320
750
698
515
552
398
522
67
473
633
573
431
877
461
349
307
323
848
194
108
657
319
660
69
21
671
339
670
669
468
995
250
791
380
900
108
682
783
285
918
211
934
224
93
140
628
481
36
6
397
312
715
416
794
230
147
48
638
380
545
141
337
270
469
159
454
735
351
334
402
374
581
488
844
918
986
503
755
116
870
174
145
713
470
443
738
615
120
616
544
265
454
276
335
274
156
799
680
64
239
666
572
89
396
348
615
3
219
466
270
626
350
814
790
666
665
280
403
373
568
794
169
694
527
436
355
324
834
200
430
834
434
321
632
907
209
37
370
443
634
465
856
688
40
587
633
127
329
906
431
708
998
57
501
89
170
19
248
95
148
177
915
963
11
207
307
47
782
396
451
41
845
368
565
585
151
416
110
708
177
420
869
846
679
266
600
572
586
276
42
223
942
4
997
789
135
719
808
353
791
359
21
291
943
731
714
578
616
697
41
373
244
124
342
105
14
952
693
381
139
882
798
953
67
149
926
821
504
967
619
830
866
306
523
499
788
302
34
325
655
356
134
629
360
245
672
424
233
264
162
277
425
707
927
736
120
353
652
831
500
850
969
24
849
288
587
189
680
525
849
784
735
50
497
393
297
643
247
167
505
222
809
747
896
690
858
232
425
292
761
294
549
156
333
366
113
294
887
7
848
52
156
343
269
402
350
165
353
458
582
507
141
93
23
306
69
498
570
389
369
593
410
999
449
737
683
457
501
263
644
779
670
496
782
484
812
309
152
413
733
973
185
679
447
673
873
829
930
241
12
444
397
788
467
830
723
348
8
918
506
552
895
327
184
947
508
749
650
178
341
972
538
778
365
863
20
168
553
945
821
138
90
648
465
802
528
775
400
219
928
890
243
148
394
189
97
682
857
461
233
107
311
64
771
604
397
528
167
659
604
610
329
121
11
565
448
247
93
166
490
281
46
432
606
576
778
153
309
338
442
864
245
412
68
915
388
999
469
877
533
960
830
635
546
282
904
280
791
550
430
326
982
370
174
829
397
368
579
593
480
213
498
267
579
338
526
946
769
679
42
930
730
643
803
50
748
657
440
395
145
76
190
325
553
906
164
844
276
111
32
951
46
697
157
537
287
632
130
24
750
120
799
3
114
23
550
113
972
337
908
948
268
540
307
613
142
189
797
993
408
9
151
504
156
688
616
182
797
371
308
227
151
478
201
877
344
865
237
517
180
848
586
183
722
419
48
882
529
8
333
896
29
595
883
696
884
863
94
503
696
295
464
613
977
694
275
899
536
276
843
242
330
33
389
110
599
948
760
810
382
733
583
758
423
729
775
619
76
51
931
846
837
279
346
971
759
626
770
833
456
141
851
187
801
856
282
343
712
764
312
847
585
673
367
629
761
46
249
716
167
614
236
529
655
951
246
408
333
79
489
403
466
391
162
574
245
825
796
837
841
190
277
534
631
448
361
340
56
622
611
872
873
262
909
452
108
164
687
26
295
97
340
118
931
407
717
709
858
809
304
669
934
407
105
987
882
142
331
372
272
214
274
75
679
198
328
657
285
610
243
787
241
612
624
493
150
609
878
821
901
346
177
74
714
434
457
850
368
368
342
947
252
418
234
817
723
529
956
846
185
868
484
64
95
197
864
965
80
935
530
721
696
1
35
872
946
476
817
295
980
456
16
52
345
701
175
182
195
669
706
166
802
727
656
437
222
686
752
792
197
704
341
127
641
634
11
747
697
841
556
317
962
619
868
491
122
116
709
797
881
509
832
846
845
230
1
54
512
444
469
892
368
110
739
753
523
289
692
264
668
924
992
489
806
421
223
364
572
586
888
291
355
604
281
993
309
926
996
118
667
499
227
236
334
165
648
124
722
706
771
793
871
305
888
711
29
147
980
972
979
356
332
556
188
416
970
163
839
858
589
123
802
376
188
421
859
115
696
508
850
170
867
829
261
725
8
602
1
495
303
206
611
69
501
460
689
852
958
816
79
983
345
798
601
853
447
577
66
745
478
972
735
611
448
797
131
468
595
712
184
751
997
311
407
530
470
534
20
52
114
4
513
272
57
742
684
256
301
734
744
829
536
642
494
234
167
375
509
105
774
659
597
517
25
73
644
279
317
999
898
884
681
356
224
74
460
886
928
779
724
464
72
459
496
944
537
636
827
894
207
985
822
744
636
927
552
202
5
382
132
3
912
735
815
771
456
145
285
641
703
52
240
569
728
454
987
171
838
779
937
190
284
151
949
434
241
119
533
318
407
974
464
14
825
667
433
582
207
416
456
596
367
565
579
415
114
667
550
694
848
373
132
772
752
712
664
135
408
731
941
535
750
889
390
484
801
451
491
368
783
323
360
643
315
620
460
293
266
525
427
423
307
436
536
202
457
159
403
665
702
285
499
315
69
347
248
440
260
83
463
885
933
95
547
954
583
803
484
840
773
545
303
208
595
806
586
863
489
153
570
485
54
851
795
309
209
385
419
111
62
367
499
593
124
192
667
164
775
560
817
27
535
954
974
382
156
717
365
276
76
537
313
575
267
584
146
305
542
439
59
293
268
435
995
112
25
297
789
687
536
942
279
370
836
933
260
357
395
903
478
519
768
60
355
3
163
535
907
284
671
976
692
878
872
395
321
223
320
222
606
525
644
576
912
841
847
389
909
648
123
950
432
491
919
269
806
316
777
662
522
681
777
169
721
237
880
339
92
273
964
901
656
106
489
804
739
164
797
391
924
965
184
176
191
916
293
817
837
695
146
896
612
428
240
77
896
711
887
296
813
115
242
511
448
268
554
749
49
112
329
263
351
366
686
759
552
262
376
643
523
264
440
841
925
297
607
873
172
713
705
652
490
279
317
826
650
69
595
727
816
72
473
575
592
192
353
153
207
222
162
864
21
179
209
68
903
981
843
112
712
116
666
4
911
627
715
746
881
706
944
478
292
489
334
678
501
359
189
585
630
799
239
188
440
692
95
431
416
347
624
863
921
327
687
236
583
939
462
810
707
143
261
493
792
701
983
710
688
422
911
355
251
566
701
146
862
398
424
581
636
784
449
121
740
852
530
264
6
793
106
735
747
304
247
522
8
770
886
396
790
826
337
818
850
693
469
983
604
238
559
970
838
142
323
139
27
456
833
477
481
227
693
36
636
281
320
0
281
52
888
787
195
231
905
348
126
970
686
822
326
904
833
634
706
163
138
336
507
511
863
485
179
620
72
734
404
453
94
827
454
701
152
79
948
65
490
260
667
961
338
307
432
944
304
657
205
106
977
69
264
461
208
405
824
936
10
625
693
217
220
367
803
875
939
325
594
692
296
846
974
20
62
187
270
161
921
459
546
440
365
909
982
430
384
730
749
28
733
800
292
681
86
88
381
25
589
569
676
635
871
782
882
401
838
890
619
416
329
652
838
383
954
685
33
461
188
150
262
291
870
735
493
672
424
426
487
779
802
638
637
107
612
936
691
859
333
155
685
889
19
16
124
989
747
721
940
975
742
975
981
385
889
107
124
308
823
993
910
158
125
897
249
552
857
904
158
758
536
83
670
576
779
99
992
710
301
428
653
80
572
479
841
715
977
696
117
519
613
657
997
949
274
413
403
366
940
706
375
919
50
701
508
897
189
177
151
572
740
282
62
692
200
108
811
971
259
665
916
14
792
319
497
956
775
31
305
633
600
634
864
313
625
414
225
647
469
950
348
253
355
672
685
398
720
480
721
919
914
170
901
861
723
853
61
944
430
210
845
980
761
540
88
912
678
281
170
655
504
246
20
868
767
314
476
707
704
657
78
171
987
456
764
783
578
400
741
323
412
123
620
508
435
812
176
272
840
811
412
485
88
758
282
550
91
651
864
815
378
633
223
793
578
463
900
673
265
580
686
483
124
166
483
21
522
734
302
678
73
288
49
197
59
376
890
333
964
120
622
462
795
726
727
687
3
90
643
351
277
645
883
804
851
726
732
203
795
590
629
373
334
275
110
338
660
377
473
111
854
748
896
475
448
555
475
424
817
214
971
61
488
616
48
16
957
15
956
337
481
856
434
945
58
344
542
569
127
502
691
912
837
452
731
884
508
843
510
745
49
710
714
807
176
887
970
605
93
214
583
564
327
840
160
855
178
164
15
702
752
529
946
706
996
299
154
419
642
652
692
461
334
527
762
720
632
639
293
847
496
623
304
200
563
539
108
762
674
51
884
965
348
287
676
363
472
654
403
941
457
425
418
128
517
468
592
974
700
365
347
832
938
829
917
721
744
459
537
646
302
456
136
554
765
85
317
438
76
768
657
717
618
990
131
606
322
138
152
75
856
139
243
710
174
828
753
571
739
13
867
80
449
991
505
240
649
997
72
799
373
294
615
49
850
94
860
964
952
964
182
947
912
607
534
572
49
921
455
689
710
710
351
346
280
853
89
380
187
101
897
331
215
963
643
507
614
471
416
156
132
719
478
860
968
579
322
134
38
152
645
752
887
80
616
602
654
246
966
218
319
95
397
597
502
948
935
688
408
268
563
237
410
247
771
432
933
589
947
305
99
524
165
244
865
592
851
644
984
221
602
294
481
873
767
809
933
36
721
4
654
177
554
264
974
982
555
84
234
887
147
192
714
114
220
481
160
115
507
306
458
743
498
500
749
701
523
700
688
544
835
98
603
410
280
339
843
963
337
564
971
679
953
815
599
365
855
466
592
363
996
178
959
167
394
183
928
609
758
345
621
636
866
952
771
427
90
817
221
992
968
788
980
335
974
330
736
818
672
516
621
270
147
703
708
538
406
68
37
71
291
948
94
379
138
312
107
32
867
166
578
354
869
479
561
141
304
182
574
372
28
139
107
430
412
77
189
299
914
295
743
493
351
409
152
322
503
167
325
941
295
710
236
500
269
235
414
316
355
654
280
96
334
499
727
249
425
945
501
879
841
443
492
526
685
373
742
284
621
377
391
182
811
846
527
818
450
498
128
87
242
110
624
809
540
952
515
105
376
998
649
689
281
974
631
941
482
707
341
893
920
513
347
319
499
905
441
433
497
440
577
636
521
875
379
564
89
421
605
332
133
560
605
534
621
58
477
344
977
999
617
114
115
212
759
212
785
196
196
677
102
219
343
918
580
447
13
549
41
183
312
861
899
132
956
602
552
12
840
842
262
541
917
983
876
270
798
137
507
281
76
57
445
133
925
825
512
473
529
943
559
546
544
383
966
621
387
160
231
176
382
983
966
498
910
391
693
307
829
147
701
790
7
434
746
996
215
689
697
690
260
142
152
842
970
16
531
127
334
780
839
857
481
931
668
633
456
911
252
583
974
900
594
815
103
43
760
921
346
601
978
824
913
287
393
114
208
643
437
470
824
915
474
557
935
89
709
982
350
74
299
213
679
977
86
838
544
193
413
387
624
431
143
270
405
510
628
304
320
468
912
919
846
705
101
254
115
615
380
550
637
101
367
354
994
606
614
609
663
639
92
725
439
6
941
776
4
486
990
198
893
670
825
13
251
953
588
441
65
840
341
428
625
972
348
842
101
392
669
75
0
746
192
514
178
754
455
698
73
947
819
681
851
495
819
828
133
704
739
865
598
416
293
404
357
705
214
873
739
585
55
488
927
974
494
359
893
399
17
713
906
314
255
412
622
794
379
505
790
505
126
796
380
187
111
938
774
931
593
307
688
414
577
461
591
333
211
744
332
169
240
216
264
879
894
453
378
779
180
806
466
328
856
332
81
317
887
219
695
604
897
475
753
476
334
373
77
454
273
144
587
4
359
604
74
405
852
598
283
398
203
129
382
659
495
718
800
314
842
754
902
536
897
390
552
549
43
308
533
739
53
405
422
980
515
111
298
689
892
140
462
919
947
118
126
699
381
294
445
438
268
635
557
500
447
104
707
647
19
583
922
488
507
425
554
493
47
479
541
830
76
523
734
786
408
263
46
103
472
911
916
766
88
579
392
716
222
44
533
540
779
744
929
874
271
113
498
436
968
359
966
113
414
462
551
627
639
762
761
704
858
47
121
452
650
805
868
43
33
392
834
706
950
629
709
117
308
945
905
3
505
772
754
597
992
330
221
942
291
818
268
189
752
208
801
725
415
525
333
669
925
910
150
451
264
722
923
868
624
900
638
87
62
249
117
79
148
3
628
183
984
628
698
816
38
799
942
189
874
383
47
856
543
395
861
925
694
273
967
500
582
192
562
596
772
914
90
3
775
253
720
978
659
443
896
205
49
927
838
264
495
856
669
653
225
171
283
195
187
600
357
304
473
71
554
414
590
603
222
36
85
676
774
691
48
739
538
761
498
966
900
179
475
787
316
370
80
553
325
96
380
914
440
781
807
245
707
994
744
793
53
358
26
811
312
14
481
280
364
447
816
222
708
152
49
756
855
971
24
955
598
82
612
684
557
246
138
504
791
418
135
287
490
262
578
968
396
416
989
879
417
628
406
84
466
372
318
768
348
91
317
251
274
372
383
233
399
344
271
707
396
971
271
233
610
112
641
237
213
803
741
50
286
484
120
500
43
276
869
714
668
991
898
366
749
641
594
333
59
654
410
985
149
714
211
491
17
615
971
638
263
156
663
424
350
546
961
282
121
618
786
790
462
658
221
895
107
239
688
812
517
557
623
663
78
913
511
978
738
103
539
737
271
23
151
282
382
347
943
817
938
980
290
648
796
17
697
652
688
529
174
915
576
120
850
33
299
246
247
825
850
829
239
976
503
817
319
30
210
