386
575
733
993
982
403
328
279
236
983
381
599
351
688
329
669
532
940
910
775
742
941
314
409
559
630
203
486
927
982
577
920
748
34
999
416
239
535
344
65
254
469
114
255
604
871
370
629
609
910
804
436
279
149
228
8
946
656
774
547
875
558
950
989
874
205
637
659
589
620
586
684
345
259
704
171
627
471
785
23
708
827
479
302
311
216
762
519
224
724
636
935
731
33
397
212
718
828
91
157
420
982
897
834
191
687
907
32
434
926
684
805
528
581
972
745
147
89
465
557
741
328
192
118
436
891
528
113
246
675
708
259
538
951
955
704
230
747
726
201
242
445
445
803
769
585
510
474
807
861
851
293
227
558
6
898
250
609
764
178
197
662
564
983
505
326
787
762
65
949
917
346
634
466
945
711
595
948
177
212
390
679
117
346
151
108
659
449
689
870
909
625
79
377
488
447
22
613
716
748
204
624
900
279
364
401
4
747
66
808
226
955
93
436
243
41
6
517
827
302
444
959
527
700
305
144
811
983
804
840
147
689
883
455
864
669
261
110
82
972
922
235
196
483
880
911
793
230
467
508
744
589
647
712
814
52
141
743
81
441
200
269
421
415
731
656
517
855
897
267
551
198
504
39
796
433
266
453
402
469
26
983
176
651
768
924
86
992
937
242
391
27
902
13
212
608
54
598
382
945
635
271
679
788
966
450
181
232
408
649
724
481
679
745
895
19
201
632
891
883
87
669
424
368
97
814
5
81
914
668
559
720
288
164
317
412
226
167
531
876
134
648
57
679
14
885
256
289
382
775
553
112
221
628
121
821
718
364
404
813
746
120
157
703
427
326
63
272
551
697
491
162
855
358
679
787
188
497
863
610
301
382
747
396
14
203
5
12
481
242
517
154
138
381
651
690
433
370
231
349
49
654
16
293
848
758
560
465
299
856
217
760
992
616
231
59
575
62
184
267
77
301
292
970
326
175
861
965
254
795
787
174
933
809
807
225
341
36
138
572
121
822
689
145
379
514
471
56
922
962
959
509
583
304
756
890
138
50
152
861
662
263
197
209
29
869
75
754
801
373
527
194
705
7
596
433
228
935
192
161
629
265
158
807
2
536
619
973
955
10
119
893
996
271
538
48
887
776
25
509
921
477
324
413
567
679
597
106
365
388
190
704
794
936
375
508
860
440
124
177
819
18
223
409
925
457
175
344
718
437
484
685
785
247
613
330
823
210
784
498
314
180
637
130
351
179
944
144
871
989
322
248
976
736
667
814
100
481
798
797
822
912
600
278
860
783
558
884
421
723
450
660
385
500
305
235
591
327
157
335
831
730
434
471
93
295
391
783
550
162
524
971
611
981
114
764
471
155
90
33
382
640
710
957
628
951
406
846
670
374
569
462
417
972
737
786
854
603
792
280
783
985
220
661
225
104
621
980
853
636
759
211
853
661
529
680
847
186
632
968
449
934
856
744
17
239
297
405
871
280
202
509
499
553
372
904
228
61
357
689
340
249
392
967
397
348
358
201
887
289
995
182
898
73
47
329
363
158
607
211
37
234
559
795
917
767
935
592
953
448
271
464
477
395
384
825
452
210
753
852
968
607
162
745
847
165
713
493
954
437
751
249
194
758
845
381
401
654
728
153
979
93
855
195
927
633
509
668
310
267
567
877
486
336
355
552
291
732
243
441
763
753
245
403
12
726
240
935
589
515
877
415
206
384
783
864
532
892
993
950
45
931
339
521
380
385
680
117
42
900
255
680
657
190
468
53
230
855
43
381
699
777
320
421
822
405
501
402
689
483
65
529
310
558
266
835
911
566
383
326
648
599
564
295
994
887
122
682
348
117
602
140
575
221
374
432
639
800
373
646
426
952
65
634
310
720
903
328
891
714
586
381
945
619
572
384
111
537
570
520
930
860
906
639
39
690
588
580
605
389
778
254
778
319
245
340
416
502
262
274
843
914
486
86
938
410
811
457
927
903
911
257
573
553
518
530
725
749
364
653
869
48
16
905
581
469
153
749
952
458
532
871
804
465
151
591
493
850
85
285
556
262
943
26
671
6
771
938
942
122
699
646
609
917
508
96
265
781
633
103
450
9
596
811
809
772
713
330
184
238
879
473
499
33
844
934
502
632
836
410
253
260
685
276
295
760
265
344
0
644
649
15
370
680
419
880
263
286
520
604
998
769
245
375
447
93
995
379
213
404
461
790
135
807
70
427
946
190
252
934
151
430
21
745
404
641
396
452
754
4
32
609
915
841
489
141
5
109
984
395
424
156
699
907
303
896
233
95
302
505
496
53
545
590
336
417
541
345
755
642
46
313
324
437
635
769
586
751
329
854
39
251
627
117
537
123
931
227
388
676
336
158
777
786
875
809
424
402
951
349
221
543
518
818
338
827
114
749
713
767
495
59
4
727
362
484
3
412
717
35
673
805
146
369
844
600
681
794
167
641
160
391
894
701
78
554
973
73
733
937
836
907
266
489
571
170
81
163
270
530
145
308
126
615
738
959
500
227
927
957
658
370
515
613
336
506
580
550
856
81
199
249
231
206
590
851
336
521
141
216
542
583
117
556
469
878
218
442
686
743
528
495
398
489
405
25
417
169
58
186
32
647
971
152
101
653
777
630
238
425
889
757
294
777
299
804
91
454
488
456
373
448
344
652
589
801
368
361
821
671
717
8
729
833
959
124
34
530
709
110
179
939
65
24
522
363
855
155
125
106
279
923
101
891
477
31
188
728
601
695
719
895
792
943
400
137
607
984
954
171
262
262
129
878
817
196
878
530
598
874
949
495
868
201
387
691
857
797
527
888
525
633
187
837
864
841
895
4
493
472
154
364
706
882
14
333
861
212
55
216
220
496
688
241
841
428
66
749
368
978
153
974
463
618
6
541
697
299
506
254
734
368
990
519
707
295
28
347
665
870
817
443
133
174
354
588
3
506
103
476
96
488
600
381
667
917
499
220
710
704
87
547
727
780
193
962
918
137
840
373
482
613
391
159
260
755
110
68
463
925
501
243
43
374
959
779
229
568
350
341
556
140
257
127
803
273
791
512
518
523
526
703
698
84
285
302
270
913
650
244
320
467
273
209
613
878
385
194
857
102
868
956
271
44
356
653
934
753
517
782
336
650
274
908
927
81
928
926
166
132
633
569
778
863
342
351
284
100
172
983
428
531
817
349
954
252
819
610
292
553
6
990
871
665
400
610
692
431
731
642
322
577
886
615
969
324
136
595
330
413
42
909
992
874
104
813
10
151
132
394
913
621
430
382
121
677
500
323
573
514
274
831
515
36
671
418
497
984
651
848
83
757
552
274
491
721
37
263
803
930
737
88
49
553
90
993
320
441
546
860
655
894
322
415
120
464
870
845
991
902
37
659
965
231
179
744
992
555
676
167
56
520
215
866
497
442
29
60
656
74
893
104
708
814
790
752
235
657
320
78
22
577
223
902
337
327
269
124
747
60
866
610
598
694
139
426
556
266
260
90
607
851
587
637
938
48
715
381
617
764
121
519
89
199
23
735
662
866
459
290
776
376
251
891
977
616
839
653
853
582
954
391
182
329
150
85
796
199
468
115
21
333
717
61
622
171
568
169
766
644
713
414
859
259
81
38
476
968
376
127
970
274
412
671
452
663
988
269
134
527
917
357
876
439
160
483
448
249
103
673
654
472
586
299
225
25
363
560
820
765
9
91
463
899
477
631
323
674
143
185
540
468
243
815
370
55
478
207
764
845
639
690
138
707
300
247
533
638
562
627
997
969
464
870
390
35
545
626
600
630
372
725
714
562
938
21
739
16
115
179
740
939
317
888
653
760
498
196
738
158
588
517
234
448
400
908
596
288
613
84
7
830
463
180
564
949
516
316
634
895
474
468
278
215
52
567
716
28
999
398
238
573
869
410
616
207
789
793
550
588
508
345
75
742
572
539
751
218
119
47
211
343
593
581
228
397
760
852
42
634
113
851
372
175
695
92
571
722
330
17
119
797
442
382
353
347
455
566
302
651
823
642
764
693
450
956
44
217
518
98
309
535
66
13
449
192
433
153
54
20
125
551
667
717
652
518
292
625
772
81
380
701
319
434
143
268
875
59
729
231
241
269
742
606
55
457
407
149
876
300
422
273
960
977
846
298
750
622
177
179
286
503
256
860
235
465
545
9
678
663
456
211
653
457
244
684
284
523
76
0
478
58
238
375
520
424
428
190
346
480
604
318
27
358
347
884
64
53
85
103
496
492
3
89
423
35
281
124
933
127
827
422
835
589
715
671
969
963
466
71
871
170
353
789
454
504
362
586
617
866
976
987
341
926
863
589
291
470
130
891
694
113
584
691
334
659
145
983
31
557
82
744
750
959
291
84
586
162
50
680
203
218
958
593
969
896
945
835
363
590
130
293
179
52
359
772
547
903
316
3
462
705
426
708
397
684
487
65
84
607
669
683
385
243
866
780
720
320
516
464
350
120
878
413
896
869
12
67
414
406
271
46
538
532
421
385
967
67
56
485
936
885
153
736
295
104
569
496
950
480
340
470
717
55
602
727
449
520
723
421
709
67
295
245
471
626
679
170
201
330
107
31
859
134
689
361
994
902
39
234
103
4
941
394
30
735
418
712
897
424
449
503
825
90
647
964
657
791
748
371
942
221
716
600
247
359
809
747
29
328
919
326
671
738
579
240
213
812
361
508
750
899
144
787
80
263
116
373
795
606
41
511
723
38
166
47
841
92
437
539
932
490
510
551
441
92
595
549
508
27
3
758
410
283
342
799
165
543
786
775
27
788
576
924
323
195
814
278
588
736
794
571
140
656
135
866
987
871
351
387
34
359
198
155
962
829
534
21
869
597
917
612
219
357
815
61
170
895
456
753
574
809
962
177
921
406
168
738
87
111
773
607
304
804
756
566
59
876
93
883
899
541
520
696
48
421
769
686
349
927
432
589
906
801
259
951
302
761
603
83
42
928
72
966
356
119
258
164
87
438
181
763
27
748
975
368
287
600
978
435
872
461
529
630
443
349
672
811
135
717
772
739
328
605
548
802
858
891
387
784
555
477
131
19
986
380
880
920
290
121
174
16
781
799
975
495
711
376
693
976
272
700
480
363
733
284
805
641
261
820
100
695
995
950
292
973
924
60
229
251
286
613
921
129
2
105
936
172
240
136
574
1
582
788
811
530
541
479
40
645
313
198
377
188
82
77
451
391
483
309
595
789
511
456
184
210
19
213
222
826
283
871
88
572
909
544
953
354
196
906
223
812
906
78
101
284
94
430
972
860
222
372
341
291
200
646
517
655
819
137
85
333
293
490
485
100
96
324
621
255
310
251
528
736
565
287
765
258
650
68
507
544
54
870
960
369
135
698
190
628
502
992
227
424
432
805
835
732
787
684
572
966
855
420
238
639
750
653
173
171
313
916
236
126
857
823
912
378
575
586
38
125
208
623
602
464
321
371
445
170
995
477
474
554
698
747
309
372
40
557
504
794
241
2
516
436
578
513
752
443
155
896
81
791
655
592
782
704
572
418
367
241
795
938
626
808
677
490
953
106
655
154
563
20
996
938
461
485
206
666
725
951
233
841
339
44
748
985
597
229
684
148
693
877
143
112
521
932
250
117
926
527
800
224
74
669
399
152
533
597
600
517
275
315
427
320
57
681
813
869
673
914
663
246
171
666
172
26
66
953
103
58
9
702
638
875
288
832
543
879
575
376
589
846
613
370
671
595
13
474
725
49
318
836
360
460
670
987
789
387
650
443
30
3
204
995
93
800
122
617
910
36
983
873
816
962
152
577
399
364
709
964
585
168
545
526
114
681
664
726
279
554
405
191
716
557
709
417
338
922
347
134
593
315
33
302
853
236
48
27
304
104
988
713
724
470
542
661
715
458
167
382
501
200
718
649
797
436
895
78
753
189
737
760
795
160
505
298
881
240
496
437
582
106
14
110
66
319
585
316
245
187
678
295
571
619
355
684
109
732
950
253
812
221
854
717
842
206
540
673
111
194
421
594
981
128
207
872
824
840
341
8
13
960
41
29
422
182
765
533
632
768
350
18
209
343
318
329
177
714
13
15
836
255
226
959
752
796
179
849
26
500
967
877
312
685
156
348
730
613
603
687
321
853
820
393
956
230
958
415
700
704
735
424
35
874
813
960
757
163
815
430
658
111
707
21
16
749
652
576
201
781
479
167
174
863
290
510
664
183
786
252
854
140
64
25
88
295
8
624
7
185
869
60
479
997
116
391
202
477
467
141
513
57
686
728
882
834
942
533
937
12
158
547
220
170
851
276
640
659
151
539
881
882
899
589
786
763
495
45
305
905
695
744
902
733
995
807
776
737
891
250
628
19
813
817
931
5
693
526
254
465
151
982
673
185
524
751
161
412
463
748
171
925
979
875
827
470
179
103
774
914
309
825
92
471
748
873
645
562
872
123
591
885
396
909
449
651
204
757
279
53
817
231
363
285
467
795
164
151
666
493
326
927
840
926
382
117
910
672
519
93
306
951
374
731
378
99
302
380
408
834
633
784
641
602
124
196
139
916
230
140
803
284
949
541
505
141
773
311
896
682
213
578
718
638
103
216
932
181
212
744
698
724
570
115
163
371
420
375
872
403
52
689
907
209
111
415
842
994
821
532
542
666
651
404
40
725
631
183
839
382
704
211
456
165
759
969
530
315
285
762
284
122
939
819
734
240
824
755
601
490
235
741
36
100
765
160
524
22
945
836
926
403
355
736
516
811
507
927
19
864
709
896
213
998
166
52
975
364
468
11
201
847
146
791
629
429
399
418
782
118
578
956
54
199
756
956
148
905
154
999
49
782
782
215
189
939
569
499
531
665
559
316
262
694
142
847
702
361
140
222
298
778
349
242
139
519
478
539
299
795
433
287
113
248
141
889
26
758
185
337
46
476
989
210
500
59
996
24
538
579
314
624
757
540
847
202
113
478
973
41
477
28
787
227
791
11
550
755
56
257
145
804
331
777
137
24
871
451
448
647
102
751
900
923
841
402
890
128
515
593
900
569
255
762
69
13
862
227
85
81
289
74
102
711
815
723
529
396
659
32
149
999
822
586
21
900
964
918
789
601
486
851
785
600
51
160
490
267
803
315
798
70
826
627
426
590
950
719
767
432
53
423
959
820
133
480
898
215
761
222
873
432
869
945
878
362
487
458
6
632
138
967
109
800
536
530
828
174
755
560
185
121
848
709
235
242
568
452
831
280
996
108
716
209
645
487
985
259
534
964
494
857
174
412
85
353
110
697
446
50
491
586
137
578
568
420
44
285
67
675
537
707
570
558
442
208
546
496
620
215
420
130
821
808
188
125
396
630
488
734
364
878
593
443
940
945
601
210
910
442
73
696
218
747
301
454
718
386
759
0
132
169
277
152
64
379
48
855
556
58
970
203
954
486
35
604
990
176
879
425
486
468
503
960
102
325
635
850
84
202
633
76
325
974
653
642
802
918
582
206
907
331
400
174
582
7
226
164
819
428
966
911
751
800
313
910
547
877
119
373
665
173
188
760
171
962
529
292
615
251
441
605
251
339
910
522
841
708
717
973
503
577
411
246
198
345
770
335
604
950
693
586
568
437
500
359
490
449
267
146
772
888
5
57
265
431
161
874
513
513
894
507
894
498
153
548
246
251
791
870
29
574
625
791
318
336
540
677
13
318
593
752
61
512
376
869
401
979
659
244
345
867
186
275
443
781
179
19
715
234
164
928
585
15
975
959
326
369
480
232
66
135
798
314
700
952
276
165
855
563
762
427
254
229
213
408
20
28
791
937
514
642
596
321
382
310
339
445
44
685
806
97
332
390
270
980
807
794
525
967
31
58
217
555
651
379
26
743
315
820
97
681
974
24
60
292
726
607
250
207
157
599
592
199
534
391
365
594
50
68
72
220
477
341
628
472
540
833
118
732
726
561
59
142
532
839
904
909
846
853
503
904
156
235
890
243
261
248
432
809
336
385
817
643
373
712
168
981
38
292
516
546
343
110
666
646
335
380
739
441
890
190
70
508
197
901
338
100
646
995
233
619
157
742
420
693
914
823
207
552
68
31
777
309
11
824
819
372
972
961
674
388
31
388
251
743
453
642
810
691
131
78
990
485
262
374
660
345
882
917
551
188
483
326
937
930
199
139
465
812
590
196
321
273
902
588
338
197
688
764
654
167
265
195
706
524
870
325
190
409
175
743
531
181
894
989
8
245
821
635
272
25
193
776
979
428
854
249
111
986
32
250
563
346
524
446
649
634
793
831
22
769
351
721
703
607
98
769
321
577
698
756
956
113
402
42
357
371
418
529
439
370
876
541
189
976
992
85
103
940
284
9
519
414
828
23
871
702
689
509
768
315
609
121
217
359
668
357
114
55
758
982
468
105
709
699
992
734
593
82
696
815
322
894
422
723
579
317
247
814
202
990
707
326
816
384
500
535
843
973
56
302
821
749
220
395
201
511
719
31
178
138
705
789
912
954
374
373
712
422
587
995
854
822
292
911
698
618
823
765
500
998
217
932
229
250
826
692
300
93
231
808
1
265
933
68
353
657
541
328
15
336
168
873
532
211
128
649
154
374
456
957
658
557
233
365
272
472
354
632
80
562
660
485
616
755
31
446
706
752
908
503
860
108
201
461
597
289
106
617
366
959
178
555
914
53
85
859
836
365
97
283
220
488
801
9
949
427
933
481
862
490
794
462
11
393
217
241
599
850
799
554
72
512
793
691
327
866
473
885
187
931
89
417
617
78
251
953
546
614
18
359
937
84
793
603
31
306
710
842
37
428
99
513
917
838
473
65
6
320
681
645
282
671
40
799
589
885
421
352
700
720
507
374
216
808
358
551
526
82
572
340
964
58
817
937
442
725
886
689
154
620
552
143
53
668
489
255
804
91
597
354
56
461
530
392
46
412
44
760
402
630
957
499
999
680
310
39
65
97
381
376
759
409
475
480
504
896
79
598
953
835
684
261
80
793
485
339
600
395
569
18
969
762
6
588
123
939
230
551
199
877
896
720
154
355
69
963
31
645
417
89
112
993
377
610
969
519
247
618
753
298
294
504
277
210
356
889
235
22
412
420
464
742
469
422
862
303
123
933
958
824
920
746
670
666
342
776
526
476
243
545
349
579
178
711
723
841
82
735
251
677
261
938
272
304
983
694
616
448
401
754
704
957
81
910
518
216
8
248
421
156
463
427
433
84
383
442
359
548
84
827
856
196
437
406
218
463
698
4
659
842
938
741
299
64
721
890
52
561
562
321
713
499
135
302
368
153
522
70
757
95
846
535
381
112
799
932
308
375
379
317
571
401
507
218
97
468
714
208
325
121
177
981
166
884
45
261
295
36
102
830
881
822
988
89
271
156
136
471
0
883
12
19
437
466
32
735
680
782
58
350
228
962
577
680
479
588
719
548
585
835
304
135
327
421
787
147
505
396
204
652
76
496
259
587
772
696
5
869
306
706
236
398
606
202
886
135
137
31
751
487
634
89
316
37
51
567
653
795
199
469
14
726
266
490
955
642
149
575
373
514
660
820
924
470
862
765
819
589
217
305
427
234
839
75
941
243
521
273
768
979
630
154
619
530
127
317
343
330
987
956
204
26
690
23
351
96
201
693
805
407
473
678
422
304
187
571
232
397
412
95
79
537
729
583
734
699
960
716
901
385
634
450
48
736
88
193
343
642
137
952
503
241
742
785
972
983
163
223
521
96
378
301
750
679
61
552
845
598
911
500
353
817
263
621
955
745
274
260
90
134
629
705
846
118
548
799
74
802
914
779
995
688
5
766
977
291
805
58
218
966
961
449
333
104
461
321
849
16
372
972
715
74
950
620
478
754
447
636
74
605
492
217
619
696
202
663
957
336
629
344
993
168
610
991
375
768
937
883
560
994
170
431
790
897
83
358
234
786
283
732
610
333
118
463
485
268
366
228
220
369
218
62
167
807
445
882
1
287
622
934
658
747
944
431
903
934
773
730
687
394
940
914
860
332
883
632
732
178
379
377
420
756
799
409
72
352
192
77
849
559
425
942
795
462
153
570
458
863
994
988
9
917
949
139
390
799
408
49
29
323
102
754
720
100
513
20
456
422
270
845
730
478
548
384
553
471
707
930
643
759
21
953
843
976
188
435
307
746
584
132
676
381
634
218
564
437
723
675
762
678
666
478
352
991
758
415
246
443
152
587
167
826
907
155
978
342
947
894
416
449
104
831
380
180
717
414
588
67
449
634
67
948
914
892
648
446
40
799
374
877
621
643
569
660
687
712
362
556
872
280
519
256
186
757
138
755
498
242
36
17
520
78
342
971
952
883
572
374
496
412
903
939
110
236
5
904
278
380
934
237
141
332
182
396
501
315
602
431
69
594
249
501
491
66
304
903
873
102
922
373
402
819
307
294
975
627
791
908
291
745
619
606
407
687
991
143
170
844
551
692
385
457
61
482
455
362
477
493
17
858
157
70
849
423
326
364
244
204
939
531
58
973
837
642
866
253
928
878
568
108
630
668
660
229
886
404
447
779
673
441
836
283
57
21
785
636
669
913
849
19
341
377
928
963
359
46
418
330
68
206
472
375
171
422
416
928
391
327
504
272
671
710
222
564
810
806
351
974
68
120
82
547
594
402
192
248
502
950
979
2
671
961
736
266
169
836
978
550
452
167
668
485
443
857
251
955
860
220
670
410
863
110
915
978
932
186
455
655
310
373
289
976
734
692
371
600
829
418
198
861
945
696
890
414
283
957
983
138
427
37
458
579
657
70
247
258
641
581
800
820
314
191
39
937
979
620
958
365
482
141
208
207
515
406
275
928
769
367
29
134
972
972
920
374
503
493
964
599
332
375
359
3
991
625
571
345
428
363
716
741
77
113
708
594
180
669
238
630
106
266
939
691
258
37
460
629
140
694
620
871
697
629
961
400
792
463
352
100
476
911
490
781
874
529
94
128
34
170
588
300
481
443
587
84
192
172
384
126
430
694
293
148
189
81
65
576
339
748
841
5
183
2
747
496
525
585
898
557
256
575
283
86
203
213
387
702
621
485
187
868
654
448
1
563
946
880
780
278
665
740
507
801
849
994
363
123
897
62
532
703
978
593
62
737
564
821
965
926
242
716
646
324
315
889
349
848
582
974
333
319
689
564
395
884
558
602
495
568
451
940
103
272
172
804
442
120
15
382
734
901
836
86
511
353
791
980
389
287
156
991
936
765
725
312
899
354
418
365
994
93
302
334
961
701
682
228
898
431
889
309
506
210
264
813
226
687
255
230
997
67
783
968
90
510
986
779
280
750
546
697
320
285
967
929
476
658
873
190
403
803
22
926
997
888
768
926
769
506
286
611
177
930
126
859
870
726
372
530
846
358
25
704
886
805
130
320
966
811
236
284
208
191
865
564
451
466
410
261
674
862
497
430
933
806
522
773
305
287
830
72
113
308
387
432
952
775
515
856
921
147
502
811
925
663
671
499
432
485
689
862
137
552
564
539
604
684
232
875
918
439
236
418
636
197
828
692
305
705
541
500
954
671
421
16
151
672
292
776
328
132
521
646
545
371
563
607
828
647
213
895
290
73
972
867
285
92
296
664
789
295
437
969
293
707
333
85
849
372
867
407
615
485
886
927
286
748
953
798
423
733
347
431
23
898
720
952
367
335
259
328
264
771
318
58
638
411
816
552
168
873
129
627
536
986
829
974
901
886
35
923
979
720
568
605
860
980
725
68
253
40
754
255
471
523
357
244
921
947
491
451
719
643
778
361
193
177
0
368
529
637
348
467
234
93
319
998
530
309
918
380
213
508
703
515
622
554
582
67
425
38
19
756
290
788
641
500
156
659
925
159
279
293
377
81
457
879
188
703
944
360
40
540
33
911
168
7
952
533
932
842
868
609
475
989
22
794
795
97
382
671
975
880
946
458
14
321
564
68
900
347
943
106
743
735
854
492
976
319
889
662
60
805
781
560
871
172
662
128
580
203
651
128
474
128
319
321
734
489
991
86
993
485
29
382
95
369
848
385
227
719
294
555
106
233
743
391
347
115
287
67
463
903
655
145
50
641
760
877
14
410
790
26
457
315
781
272
139
439
403
360
126
963
258
872
89
290
495
497
803
472
564
741
153
712
670
111
764
73
436
907
570
51
53
876
751
863
652
812
487
877
155
662
387
999
625
663
926
19
730
723
315
950
497
124
317
579
116
398
242
194
292
622
133
934
392
680
135
391
165
639
505
422
820
831
384
967
480
430
301
896
818
177
288
872
755
572
792
67
109
681
242
146
390
50
756
335
450
393
277
918
261
308
59
703
874
30
456
207
946
176
625
230
516
415
572
20
957
487
46
325
845
326
567
420
102
627
595
347
881
276
629
16
495
983
793
715
904
648
903
971
364
50
95
473
252
129
957
53
140
899
539
588
735
895
597
883
543
117
277
949
591
501
83
136
879
428
153
342
828
585
905
32
17
462
427
84
558
554
990
455
291
451
42
173
913
489
992
597
581
557
751
306
458
408
580
36
914
792
869
390
240
813
474
344
293
738
560
548
510
439
987
693
470
364
688
652
541
575
412
317
77
414
901
182
12
697
811
143
795
806
665
300
802
32
278
256
749
113
635
348
831
324
81
917
482
160
440
516
553
167
838
86
402
125
922
60
298
139
524
781
518
538
371
927
124
133
738
884
845
208
120
449
191
85
986
682
538
197
295
377
431
659
425
574
840
308
947
904
648
523
459
818
456
281
541
857
563
577
273
569
399
34
674
270
977
85
924
920
587
590
849
952
588
216
200
384
100
433
19
807
330
173
52
42
533
622
547
30
811
520
486
553
313
235
222
392
504
410
498
123
760
664
2
229
452
914
57
280
393
383
840
685
4
477
419
441
928
189
827
803
688
502
79
745
247
327
351
179
409
70
543
639
710
558
917
587
187
373
175
922
996
123
156
269
514
862
645
675
157
523
295
819
86
479
288
54
28
651
515
890
121
278
122
312
191
764
823
879
309
164
743
514
80
392
459
572
840
189
404
396
960
730
811
275
761
286
939
746
668
674
668
825
106
229
476
346
594
414
179
516
469
100
811
484
194
834
738
573
977
310
6
56
454
512
572
175
333
928
965
35
348
416
62
197
425
785
546
569
232
201
278
983
361
721
745
443
493
173
349
973
219
213
302
731
331
433
550
258
373
649
603
907
175
929
366
569
482
52
505
753
312
640
100
243
324
775
859
349
733
286
16
351
528
38
368
857
434
335
157
696
519
348
808
495
393
490
640
898
193
475
732
446
819
319
120
869
777
490
895
758
15
784
414
616
22
324
113
798
31
936
364
110
501
503
768
972
423
86
752
492
353
697
758
269
383
11
559
528
950
893
496
888
470
863
588
43
319
20
651
326
110
743
936
576
557
948
167
517
869
434
833
642
720
932
525
792
711
486
341
785
597
925
650
472
574
295
541
309
112
482
500
878
428
745
117
81
977
168
657
517
78
696
880
753
993
990
85
164
48
310
197
204
147
190
306
354
644
517
422
522
717
882
647
832
413
0
894
86
54
631
731
490
430
102
800
84
863
228
24
909
749
151
316
171
356
963
594
946
604
804
419
77
82
15
439
697
692
74
16
66
688
148
335
286
289
895
494
936
560
562
395
8
747
491
894
733
980
970
768
772
937
824
304
978
667
350
651
485
717
594
470
625
443
877
115
967
572
368
198
504
158
580
251
967
317
920
990
676
439
749
967
700
615
942
448
334
892
291
652
937
365
485
421
593
987
228
818
608
35
875
340
121
390
781
91
711
383
337
529
444
593
401
475
911
914
417
320
260
920
330
471
695
575
974
425
627
668
942
552
477
768
47
771
278
276
323
159
981
182
275
547
546
470
498
512
663
391
61
915
906
141
599
369
461
671
201
934
758
601
662
449
201
826
861
623
868
844
776
819
379
221
617
991
82
457
19
34
985
