730
754
943
143
494
468
94
670
443
174
394
631
251
418
688
75
831
385
459
729
257
798
981
852
801
815
864
32
826
15
888
197
600
89
471
620
401
760
468
390
485
953
617
548
611
714
95
329
913
308
656
716
175
75
185
258
865
926
922
512
856
986
731
46
515
561
845
247
839
439
419
436
32
453
379
784
979
447
884
558
538
505
493
207
322
278
440
688
821
736
610
993
743
164
319
832
679
108
78
171
604
832
463
324
217
711
141
678
406
959
612
38
117
932
495
150
606
181
542
611
511
538
275
765
852
1
487
839
831
320
94
620
60
741
492
522
835
10
634
939
394
92
65
221
559
834
170
260
559
458
495
741
982
479
378
619
851
431
848
671
863
569
281
912
954
604
774
754
970
466
295
658
394
195
97
39
451
558
193
477
665
994
56
436
900
723
426
685
72
336
980
196
332
201
826
512
116
287
730
568
315
275
112
856
345
112
511
57
757
748
529
702
295
761
19
778
997
19
776
487
335
114
705
658
81
654
421
427
37
434
67
64
842
650
881
432
437
118
999
997
666
721
590
211
447
139
838
981
477
977
808
142
572
607
849
949
58
844
696
522
208
995
637
294
42
546
709
591
800
723
78
104
173
624
979
591
971
867
348
719
681
651
670
278
859
299
282
233
668
141
13
292
475
516
652
174
647
303
689
432
583
297
494
654
187
205
277
190
721
974
993
838
293
341
821
994
64
828
847
379
243
559
705
203
896
754
564
900
733
317
112
312
382
629
565
299
535
940
407
13
427
984
570
228
171
233
722
79
382
100
916
909
289
53
727
779
980
105
417
452
953
921
392
258
641
10
685
435
901
250
694
312
494
621
889
7
249
37
24
192
363
624
494
188
804
35
580
273
723
701
864
82
279
702
802
27
340
430
604
475
34
538
558
274
638
273
188
938
699
740
684
434
241
908
583
996
824
470
820
120
369
385
779
242
969
624
413
751
19
115
517
957
865
264
787
576
679
951
989
560
108
955
338
288
989
476
813
634
224
953
74
989
866
946
472
256
605
996
75
225
666
478
445
566
495
489
264
101
181
532
826
919
336
149
358
359
324
971
267
304
168
952
651
500
970
524
378
81
215
829
881
493
477
59
614
339
919
151
866
750
596
324
302
346
916
462
59
962
200
158
277
435
917
215
467
944
173
91
645
47
522
103
162
72
183
814
478
958
437
472
52
358
847
915
365
493
947
58
53
30
790
9
127
688
650
283
933
789
574
531
558
455
826
478
195
118
902
866
143
5
806
496
147
242
700
404
36
715
834
5
178
758
354
168
957
433
284
39
798
609
691
423
255
446
116
391
728
586
196
492
31
754
70
586
203
77
173
676
229
410
108
100
788
271
72
615
340
628
542
255
777
661
966
908
238
662
347
61
340
633
478
976
1
411
375
177
496
532
968
479
982
53
93
514
984
732
123
817
646
563
260
64
492
495
941
902
757
364
420
236
276
6
401
994
537
298
823
836
773
699
935
417
290
192
178
740
921
362
601
155
793
252
411
645
657
203
346
153
162
517
618
553
924
494
991
461
92
725
170
268
318
573
503
46
237
383
350
61
740
717
93
353
128
393
190
970
356
340
506
944
16
323
338
55
8
788
301
783
444
678
579
775
881
278
204
417
331
838
750
857
709
56
858
239
47
32
106
876
90
207
145
936
412
148
686
258
779
165
519
690
687
379
102
176
600
99
338
599
704
721
653
844
631
439
381
880
586
980
850
949
143
87
835
766
336
530
725
670
161
748
57
538
96
311
560
523
264
200
317
532
185
44
248
314
583
855
811
441
261
744
578
115
431
905
812
667
9
883
872
40
416
366
158
309
938
221
628
773
268
152
625
452
808
859
193
328
857
668
774
486
589
522
791
609
317
489
360
806
572
337
901
875
346
342
372
190
44
731
846
817
33
152
458
818
259
626
495
777
528
913
435
707
981
933
100
60
614
137
506
201
612
514
504
227
507
49
949
440
303
596
131
251
699
507
148
52
413
541
987
50
641
803
222
804
81
692
6
327
494
968
472
489
933
905
204
917
297
579
759
968
584
892
447
320
53
829
746
12
850
617
843
805
720
781
443
492
181
45
856
614
232
208
60
986
403
65
213
964
109
231
772
889
228
966
684
538
612
132
802
862
302
16
43
224
24
492
742
960
485
819
630
453
329
101
116
880
210
128
968
940
494
65
65
617
598
480
873
143
172
273
350
456
310
623
862
87
598
835
866
340
229
370
685
145
996
580
850
191
495
825
88
401
22
86
747
114
217
933
311
275
400
443
931
212
332
146
680
788
230
103
93
204
169
446
785
365
782
897
883
858
573
776
313
296
746
914
100
329
20
153
148
576
125
452
749
520
366
285
398
709
923
147
961
203
166
51
148
637
747
263
284
22
703
640
440
228
542
312
601
906
176
216
404
348
847
472
576
109
495
789
171
181
338
164
260
495
191
581
916
734
590
803
543
303
99
887
896
105
221
500
94
73
338
918
153
186
649
828
968
346
171
868
979
624
910
733
24
546
432
200
853
475
37
568
440
32
772
776
246
163
236
747
302
289
55
199
978
751
632
115
281
802
726
320
531
99
829
659
139
545
61
136
650
752
297
866
901
559
863
847
221
799
207
489
799
648
57
543
160
318
503
306
775
800
500
539
111
745
633
362
359
783
266
681
231
417
609
839
385
614
326
88
34
184
633
801
900
272
374
498
913
995
580
13
334
417
258
242
281
214
726
589
9
882
780
351
305
987
199
864
512
218
991
903
568
803
79
288
72
653
961
468
1
778
705
735
625
689
923
786
551
175
217
512
29
860
429
454
451
913
920
868
37
479
268
352
443
546
60
305
977
269
694
273
626
383
578
972
582
164
250
541
821
454
318
200
991
178
131
706
681
967
959
636
710
280
403
655
776
955
477
81
905
258
402
685
779
455
484
673
743
181
821
873
326
833
721
769
298
679
313
127
368
841
329
503
661
275
855
208
642
609
566
820
317
89
959
620
541
605
411
490
202
33
264
112
14
140
477
318
284
673
427
521
700
620
322
39
791
58
277
511
349
609
99
108
721
342
443
179
214
126
995
74
297
908
445
784
234
865
967
900
504
338
485
533
207
59
501
0
801
649
679
72
62
558
287
904
889
773
736
468
234
237
855
182
153
770
417
644
685
438
258
398
561
383
387
45
8
35
903
455
285
102
138
703
473
340
103
282
289
498
916
332
771
654
628
817
838
855
401
151
388
846
75
720
373
436
34
454
40
262
476
343
352
228
803
256
641
399
782
302
981
104
554
328
728
749
573
479
548
566
688
815
378
734
582
736
382
461
412
933
445
722
783
925
542
990
509
104
474
108
969
289
545
940
447
786
346
918
767
566
767
340
529
967
899
849
886
815
665
189
231
268
994
410
189
125
674
313
628
649
24
693
580
39
65
626
501
127
871
598
798
351
451
797
946
411
732
851
473
292
650
409
526
696
124
499
66
186
594
425
172
528
776
497
195
331
384
389
626
372
699
544
526
593
595
972
575
150
128
232
72
57
781
565
757
254
854
63
17
745
137
689
257
9
750
545
745
73
700
331
792
139
401
353
402
414
69
135
674
990
716
948
506
778
558
29
937
176
125
628
999
213
514
198
992
673
597
403
266
398
847
158
621
554
429
595
911
346
531
920
881
974
11
644
921
908
465
869
836
764
500
278
528
762
51
389
75
530
513
746
244
982
278
147
844
579
436
900
696
418
267
220
878
530
769
571
578
10
626
456
692
52
103
879
359
789
446
415
416
242
198
746
777
540
142
741
825
724
585
239
146
393
863
279
295
214
75
526
328
825
940
51
227
598
275
173
145
570
336
371
50
307
521
944
286
677
753
802
17
63
536
513
33
4
692
597
335
862
972
424
528
765
413
282
471
548
699
787
801
988
142
332
653
114
230
334
38
260
708
252
526
930
646
509
368
335
183
225
282
990
241
229
758
977
143
769
651
404
604
302
77
272
746
173
429
316
944
371
566
262
499
840
862
735
559
175
724
309
762
504
981
194
661
833
973
305
680
419
476
713
729
240
662
745
521
51
759
539
155
400
258
366
713
426
844
644
829
843
361
810
833
206
650
502
772
808
762
818
274
277
900
582
886
631
507
180
943
58
165
61
788
19
133
41
36
902
339
492
590
766
875
780
314
991
271
78
67
407
921
120
386
43
576
649
768
271
134
925
383
189
989
885
358
343
740
787
943
823
522
554
542
435
485
180
960
214
246
990
141
321
413
46
964
905
381
805
938
258
348
575
255
138
546
838
877
304
403
86
493
378
946
692
336
622
771
776
719
936
453
402
463
675
19
273
268
931
86
29
409
54
1
126
34
99
64
598
398
330
125
593
60
475
392
973
344
75
883
468
242
857
807
646
508
679
943
940
654
772
111
391
416
398
200
967
227
701
387
800
500
770
847
70
614
406
49
857
115
895
543
803
351
229
161
478
569
859
292
260
662
633
844
686
836
639
526
757
576
3
935
191
700
627
116
49
488
95
640
748
100
141
883
514
952
808
477
751
465
827
111
844
824
902
729
710
319
331
686
37
547
859
841
985
505
522
298
767
807
49
544
89
240
178
77
228
986
373
41
563
632
809
620
185
311
991
51
763
496
712
477
779
713
455
635
25
576
721
11
756
37
361
32
142
58
320
791
446
569
49
183
999
931
67
966
686
953
247
725
433
704
922
591
426
478
404
115
323
587
454
699
659
159
171
17
822
726
149
797
803
938
784
285
879
957
428
650
904
256
372
474
372
445
155
728
303
222
238
516
58
441
420
432
817
657
955
528
925
417
956
700
248
775
390
278
688
482
824
275
930
282
440
568
648
307
625
555
141
909
873
50
484
803
808
883
905
70
388
570
951
846
618
464
449
676
575
86
796
455
892
102
209
929
416
570
329
957
391
508
104
815
944
569
516
16
453
443
215
244
851
873
424
346
305
821
761
127
998
442
289
719
387
983
625
834
287
357
403
375
649
553
582
256
224
422
6
681
335
906
177
446
524
459
700
424
751
422
300
259
376
580
785
351
905
802
261
161
451
163
282
686
4
540
696
843
869
251
166
252
442
405
512
871
347
27
439
964
168
816
535
884
737
554
922
10
547
354
121
114
590
234
234
229
27
362
13
742
843
286
320
964
915
648
107
445
276
805
694
451
534
223
670
957
244
591
478
261
331
212
242
49
117
684
511
48
618
54
422
747
302
866
104
878
741
614
340
466
178
341
827
944
207
246
140
260
767
311
163
851
167
547
764
250
332
559
885
508
950
805
170
776
41
459
698
437
956
916
591
203
250
344
291
968
470
106
325
211
12
342
339
72
739
885
210
896
142
678
696
269
745
155
707
119
185
269
858
798
820
389
865
516
312
761
234
614
56
438
654
311
112
328
524
673
593
403
968
161
152
45
717
557
369
803
853
53
770
741
868
308
130
926
117
409
864
963
428
94
735
392
163
196
367
321
304
145
799
580
332
496
902
273
894
283
82
906
213
30
456
133
756
347
577
427
224
926
893
876
158
677
865
105
447
134
492
934
197
29
504
730
87
584
772
804
896
904
510
36
6
462
710
515
375
800
949
936
894
199
36
391
538
494
482
432
15
137
381
930
222
72
305
538
911
598
670
804
16
850
587
628
621
681
713
66
95
574
251
64
162
840
617
249
501
254
588
335
86
161
956
745
710
926
389
23
776
414
47
308
632
468
996
631
302
307
213
150
665
362
86
783
296
613
24
444
508
176
925
587
201
810
654
167
779
644
152
366
454
781
53
816
685
395
902
809
76
440
382
403
33
79
18
211
525
25
149
45
865
368
352
791
107
240
534
632
144
541
278
467
275
853
346
668
892
810
724
893
876
444
751
773
36
433
307
814
877
850
699
945
130
483
177
353
865
326
130
992
305
846
771
546
102
923
362
156
599
294
898
872
673
18
966
504
996
61
566
501
491
282
559
723
225
165
805
770
287
458
516
772
258
378
396
238
545
570
299
717
460
570
628
406
735
567
445
849
542
126
30
891
339
14
741
743
884
776
455
345
591
758
417
951
927
293
940
139
992
8
471
153
501
74
735
210
28
744
329
75
335
689
567
173
531
538
737
601
45
570
779
632
640
935
109
252
587
396
368
383
832
440
355
406
72
539
733
809
489
639
334
722
65
225
486
383
964
899
743
566
154
487
86
124
324
506
19
353
252
106
499
420
756
429
227
239
71
48
69
182
756
857
127
930
906
562
542
564
813
787
242
72
837
338
811
32
167
289
297
73
693
460
689
783
281
821
187
120
464
222
576
911
169
290
729
127
44
41
339
817
463
439
687
157
300
383
894
945
454
337
481
81
890
413
574
107
459
962
966
541
726
224
44
974
460
958
264
789
557
665
633
818
993
762
186
239
41
531
867
475
677
190
680
43
839
529
814
725
917
57
530
250
572
786
4
991
79
17
664
857
775
775
29
930
933
378
174
900
642
41
735
297
863
339
202
885
769
453
422
225
924
191
457
148
976
113
676
119
321
423
797
574
584
6
818
86
735
890
969
360
818
742
804
720
465
302
394
954
306
692
457
282
187
998
119
630
757
800
905
794
204
172
714
391
914
362
324
554
476
605
373
893
653
748
945
996
294
378
701
718
127
667
884
405
382
659
290
60
110
932
613
780
324
435
564
74
987
688
744
881
143
953
335
952
398
810
511
864
851
74
295
893
244
829
441
654
715
722
948
578
177
304
887
952
118
978
327
795
710
604
377
136
37
640
67
982
227
42
460
137
755
924
260
859
957
398
102
920
147
174
3
684
25
65
752
147
29
523
271
668
806
728
411
747
642
159
284
474
999
400
539
923
331
498
536
764
982
411
879
832
725
773
432
270
490
73
942
152
38
995
119
818
513
130
154
453
553
738
784
775
942
728
496
721
830
337
710
421
172
736
694
569
970
82
586
668
80
199
412
596
909
415
645
810
258
654
3
675
286
934
193
843
756
303
536
680
105
670
331
905
185
455
905
713
913
416
788
203
511
220
134
739
445
609
379
327
597
823
377
9
846
613
428
394
797
361
30
20
847
227
603
651
218
926
347
834
244
445
377
758
51
966
240
161
299
398
990
389
430
441
928
10
469
155
308
294
461
248
534
504
645
429
66
777
332
385
624
936
103
99
78
441
568
873
199
57
306
74
481
168
952
841
716
811
718
358
767
709
112
83
4
489
70
200
716
615
425
691
573
232
943
439
263
968
922
552
454
616
615
761
114
932
705
642
770
799
110
129
455
129
914
267
317
19
287
447
828
287
870
216
373
822
183
477
711
551
397
7
410
521
989
774
627
182
4
864
557
60
960
592
1
272
687
870
748
553
340
344
799
262
144
573
372
6
484
362
932
451
957
803
565
425
720
215
817
432
877
496
26
707
833
406
833
693
539
976
589
688
496
342
41
129
113
837
783
739
698
408
960
678
782
655
589
844
846
799
783
488
808
62
427
43
916
368
74
676
818
259
893
395
439
564
21
995
215
613
512
946
308
899
552
606
556
367
613
893
729
217
643
841
505
236
62
598
574
467
10
601
968
878
999
424
814
880
177
280
156
128
277
158
254
793
448
6
107
856
858
521
5
963
431
375
532
393
582
297
786
33
955
65
689
762
23
216
913
884
319
612
286
338
18
309
262
317
603
418
967
334
199
748
839
215
488
958
149
966
384
271
749
423
602
295
426
821
649
586
11
325
212
579
655
712
961
904
533
50
326
654
581
987
176
993
130
26
850
818
73
105
855
678
194
961
642
558
565
363
122
496
905
199
532
586
397
557
624
118
545
494
30
686
967
190
297
765
555
144
177
160
146
845
471
575
926
523
273
332
79
663
597
119
206
470
162
43
979
493
586
737
686
243
644
671
962
944
911
548
742
781
632
378
821
623
172
401
77
49
513
644
300
165
286
891
855
166
524
300
588
765
204
494
975
287
599
299
338
583
117
121
870
853
597
406
774
202
811
614
170
31
407
531
713
361
722
783
431
451
420
624
398
697
617
256
705
204
106
344
260
998
855
361
391
36
738
655
49
51
526
883
73
760
95
131
416
417
756
448
459
777
87
443
252
580
525
892
215
503
120
177
674
754
441
600
190
70
803
793
155
77
676
683
239
258
172
81
255
766
920
1
102
660
704
937
770
170
316
590
54
252
798
778
282
454
912
577
919
46
294
65
502
700
614
307
944
608
52
306
728
870
98
143
837
719
349
71
156
207
258
609
106
327
735
776
494
639
367
305
645
354
629
497
351
917
514
711
407
269
73
105
160
476
687
622
235
976
280
903
549
248
748
603
509
900
593
325
916
568
402
116
748
916
717
359
307
715
91
994
377
614
672
826
596
389
418
273
781
481
94
471
435
409
677
437
958
767
318
263
166
957
598
565
298
481
258
686
276
299
13
610
481
327
189
57
470
916
135
53
503
616
435
706
649
237
690
758
967
931
643
392
42
547
518
985
912
94
392
577
95
368
277
440
988
324
435
939
436
893
714
758
987
479
50
812
739
144
22
696
932
662
532
30
794
493
582
4
221
741
10
398
321
446
261
891
501
538
199
346
777
613
808
384
920
131
521
553
981
150
637
319
514
986
253
644
748
184
450
265
634
411
670
153
332
618
940
509
305
442
974
196
736
272
916
414
480
392
682
125
339
708
75
473
749
309
49
159
666
119
927
269
534
324
150
876
550
720
635
898
939
467
801
619
455
800
875
396
432
82
554
52
433
670
708
168
952
521
550
577
770
30
376
187
770
756
262
981
17
178
176
0
832
608
407
317
449
908
7
24
723
469
244
723
803
855
61
664
127
235
846
751
671
546
249
96
61
151
436
374
747
718
190
305
811
445
850
614
641
517
358
572
421
916
782
317
237
651
833
639
744
863
590
414
717
614
999
648
921
472
122
293
783
304
665
961
969
677
944
912
829
529
995
844
811
685
570
118
283
455
45
855
140
1
241
817
623
767
877
343
730
493
110
909
80
299
373
350
406
934
715
96
752
35
859
462
121
819
757
994
178
662
715
164
769
941
148
692
499
680
175
464
45
320
770
18
828
627
431
490
141
858
575
923
302
800
217
556
170
465
539
557
716
92
241
476
419
855
964
243
396
38
817
984
518
215
618
897
678
37
482
625
978
894
186
60
338
843
369
738
651
356
488
956
782
966
195
233
45
627
299
330
30
635
224
706
696
996
588
420
137
68
275
808
354
518
614
526
530
641
663
126
159
777
279
177
524
903
59
159
980
652
421
686
773
198
639
971
967
628
778
537
523
828
956
787
897
518
8
431
969
837
704
578
139
506
277
210
243
236
151
499
4
232
432
154
773
264
322
191
216
268
921
227
535
10
947
598
98
554
508
347
699
403
575
994
651
28
926
250
405
696
178
129
367
689
238
481
514
663
614
58
903
910
621
758
745
233
67
516
161
286
262
388
20
480
256
180
457
531
350
653
247
8
632
685
332
973
252
377
912
647
749
527
391
318
602
614
893
870
113
658
963
318
497
584
112
959
943
818
108
875
0
863
150
911
710
618
541
798
702
61
979
443
365
475
293
666
787
535
799
492
224
700
780
470
123
297
27
933
489
848
406
480
922
212
76
625
879
453
430
401
88
602
839
103
698
833
172
117
981
637
194
504
756
541
183
809
14
997
705
757
169
123
43
53
526
105
958
619
863
842
900
706
477
578
312
192
302
638
617
347
196
717
820
749
593
922
409
13
14
855
302
571
275
111
920
184
649
72
145
760
35
836
187
637
242
531
442
585
751
318
207
471
468
506
624
7
612
206
77
484
161
267
710
380
148
824
921
11
46
511
87
252
517
240
998
902
171
551
945
702
33
596
963
927
560
407
986
595
936
470
904
508
545
853
166
347
567
441
433
932
171
697
334
236
939
881
145
273
188
492
9
796
870
117
984
277
734
834
511
484
697
830
6
863
587
154
752
485
752
159
676
565
570
370
929
892
769
980
33
225
632
77
958
543
564
557
923
382
232
671
857
6
939
298
137
602
243
437
273
133
147
550
312
755
680
118
59
134
425
309
458
188
557
574
509
409
286
47
591
863
187
336
181
782
267
173
344
217
85
273
981
71
37
625
614
651
593
402
650
1
737
560
151
852
285
484
408
257
656
976
457
314
594
91
335
176
692
260
373
856
556
100
489
608
185
469
340
759
752
248
720
974
524
336
989
575
285
673
556
600
367
620
333
892
651
66
787
438
226
970
316
467
398
137
295
59
603
37
694
212
738
886
931
651
823
298
999
711
896
123
509
996
142
94
726
593
32
651
301
623
730
844
258
214
413
125
332
77
808
894
983
637
684
287
950
404
589
745
978
577
836
101
520
256
41
971
312
236
606
417
985
180
799
126
795
116
238
106
349
385
330
100
844
776
903
463
541
435
690
58
257
49
499
259
143
785
452
847
664
459
497
416
100
387
93
292
674
795
156
693
324
476
888
571
41
296
442
154
587
559
730
353
377
843
986
921
368
930
132
349
282
521
748
300
232
48
577
281
899
845
324
251
950
880
155
534
536
112
960
493
246
753
457
513
21
267
629
867
213
624
116
98
49
937
61
290
290
781
845
441
251
136
579
799
256
476
33
217
88
318
588
482
105
519
764
87
690
933
351
621
892
222
257
570
289
705
702
724
695
129
959
474
678
566
171
485
604
177
981
874
219
740
835
327
456
365
158
799
452
661
365
460
271
688
757
856
248
867
436
168
609
701
955
734
751
804
920
945
416
909
195
795
309
576
697
815
999
197
828
389
78
807
756
219
492
851
38
977
759
804
810
633
262
799
27
186
587
782
648
952
966
836
391
665
715
4
337
142
770
94
641
548
740
134
453
414
405
554
415
385
109
441
926
171
952
907
341
825
997
872
485
172
388
345
246
143
57
821
753
72
797
25
385
760
75
704
343
273
760
922
533
427
667
356
970
122
741
228
156
936
586
582
652
219
269
184
979
842
834
111
115
441
332
556
664
367
879
711
869
264
95
166
130
652
832
410
715
83
455
398
524
875
837
356
521
935
988
38
354
534
562
766
748
686
571
907
426
643
579
344
954
703
496
578
860
719
686
551
541
696
44
605
66
93
147
766
792
902
655
678
176
102
590
30
247
657
318
337
628
752
747
479
299
99
166
643
679
858
441
798
179
295
6
279
609
227
848
104
252
956
649
445
736
727
674
907
602
888
473
786
65
900
628
153
468
279
525
925
805
814
942
637
115
363
43
365
261
241
526
13
818
739
430
694
870
53
345
56
383
478
352
594
678
41
466
576
56
494
816
74
684
466
776
527
871
72
149
717
643
170
524
819
934
920
881
533
911
403
688
667
587
559
423
127
389
755
976
872
413
718
421
616
679
328
340
823
196
66
450
234
902
627
948
188
956
328
512
639
5
166
498
238
618
31
226
770
828
144
603
951
29
379
863
795
826
149
382
762
894
77
421
761
890
904
106
717
64
213
782
471
222
42
260
511
16
747
118
601
991
49
990
560
429
303
858
958
746
276
89
909
792
198
146
37
123
596
51
330
749
677
807
105
22
346
449
656
640
685
493
959
432
733
350
183
248
383
130
357
834
699
545
314
711
816
428
642
958
364
595
487
312
387
967
522
271
179
766
854
303
747
540
97
645
222
46
191
644
40
619
964
854
859
547
902
623
318
121
517
30
563
493
784
861
828
650
806
631
409
174
133
785
648
304
794
73
689
963
414
539
645
569
929
515
147
139
749
756
518
660
714
543
71
454
361
207
770
308
207
313
111
38
649
370
744
499
583
312
930
313
662
370
562
951
637
388
861
988
235
242
731
337
19
189
977
33
422
860
867
241
660
82
178
657
286
469
999
882
994
431
220
707
748
205
627
828
254
869
150
595
372
4
226
148
518
437
776
394
843
134
113
341
318
165
326
900
528
880
9
962
530
697
796
317
980
360
764
817
847
130
369
803
964
656
437
897
79
450
62
847
835
434
730
564
443
814
438
939
410
13
523
781
776
778
133
116
202
94
689
195
709
56
931
921
518
111
498
988
665
153
136
369
532
60
321
826
607
425
439
673
506
872
424
121
715
71
373
147
794
564
527
470
435
634
352
552
288
680
531
433
336
612
362
495
144
999
746
755
756
546
909
722
115
191
451
640
876
74
78
824
32
926
441
694
790
868
899
445
300
166
558
588
665
641
535
714
45
841
625
979
33
910
339
291
304
773
850
144
817
601
252
252
648
624
827
719
624
906
145
995
688
740
926
641
599
419
900
409
309
148
203
382
903
352
614
8
862
293
528
563
429
752
340
645
510
69
945
853
752
633
6
63
782
295
943
364
335
799
228
22
181
533
138
264
812
645
649
636
930
604
778
823
637
705
610
815
445
451
687
148
648
68
205
204
675
339
686
545
284
112
604
981
113
80
124
750
924
624
737
764
950
493
930
294
580
466
562
229
427
44
377
569
572
808
595
455
195
948
765
756
458
122
104
163
669
872
908
690
250
229
810
67
767
62
926
854
519
662
87
972
122
189
60
846
224
399
828
884
994
741
514
969
894
481
348
987
653
466
958
705
706
432
520
86
817
385
744
882
481
170
413
967
991
881
114
456
57
407
883
806
644
323
536
804
955
570
539
578
101
706
182
184
17
245
310
336
632
259
358
142
502
977
506
531
343
326
953
100
771
227
373
249
253
506
915
218
46
599
81
388
496
468
881
361
490
449
529
46
439
176
827
973
315
279
488
467
156
750
620
540
280
480
630
898
145
478
255
637
186
751
332
588
260
60
105
713
345
807
180
651
852
28
212
773
867
816
988
788
347
830
895
950
54
504
457
877
947
515
560
370
475
163
462
335
995
69
308
725
155
948
196
380
930
450
459
897
291
328
393
49
448
786
359
20
273
193
259
365
449
636
411
574
534
721
444
96
123
924
101
79
243
194
869
652
980
432
686
93
406
716
84
887
359
733
70
763
468
463
0
407
213
862
922
491
422
636
513
91
918
973
80
5
902
895
803
456
104
784
263
653
376
615
873
577
67
597
802
248
875
4
131
846
317
357
947
790
832
528
810
318
473
612
337
969
807
815
857
652
104
951
300
501
846
30
123
868
74
740
125
910
971
14
297
510
139
61
817
396
927
10
315
218
288
708
684
713
11
20
483
787
441
440
40
1
523
620
727
244
135
215
517
560
15
512
6
117
868
81
976
895
231
596
495
534
615
371
694
224
964
724
295
897
439
408
303
644
300
805
465
980
541
97
21
860
188
695
893
180
228
518
156
445
37
941
603
667
842
643
26
33
49
138
207
227
942
52
973
572
228
877
108
168
777
776
57
836
677
750
787
834
567
528
682
64
692
94
331
824
573
209
51
66
907
762
504
877
114
741
159
805
511
168
21
422
416
566
14
334
710
129
771
817
945
803
428
22
873
277
874
494
748
432
527
621
105
449
845
610
559
842
232
9
170
931
560
359
796
408
814
749
596
212
403
373
158
659
560
497
383
437
949
644
274
278
673
784
68
546
843
406
529
102
835
205
73
977
