771
964
129
938
979
509
704
412
800
289
711
31
934
709
695
496
965
645
727
436
280
614
540
95
275
606
889
401
344
87
339
664
574
795
412
9
855
970
906
607
13
262
171
974
328
376
222
961
166
171
425
887
127
93
787
708
228
54
438
60
780
738
539
579
643
408
145
40
999
189
19
16
743
683
541
950
979
834
763
960
746
689
294
213
884
933
116
122
773
960
787
244
787
341
633
207
916
96
195
429
630
539
96
323
428
962
58
189
282
352
80
210
446
715
250
402
683
338
539
51
211
678
116
587
912
14
83
256
447
597
359
516
537
151
910
724
424
689
157
607
490
837
251
243
805
412
914
986
448
887
707
276
49
142
646
607
776
193
243
442
519
381
928
263
516
317
751
614
733
146
434
70
663
326
990
230
67
130
681
762
838
8
274
97
555
18
500
803
414
689
950
680
320
426
26
900
690
955
688
383
312
979
934
800
741
343
14
593
884
592
884
341
817
354
378
694
93
504
939
812
696
219
288
640
494
690
42
358
17
714
805
497
718
159
532
136
119
179
311
894
180
330
86
231
23
625
625
567
843
755
878
837
352
890
701
308
61
959
827
41
554
849
713
344
234
449
945
34
753
102
261
650
0
180
396
213
978
944
537
415
249
894
721
538
602
939
289
977
530
799
122
970
36
610
418
314
512
655
776
803
841
133
908
0
682
722
984
186
998
611
447
155
260
367
665
847
635
650
152
466
304
236
26
492
905
881
211
145
508
476
358
454
417
212
728
366
672
81
921
722
833
775
159
727
943
697
129
128
327
761
509
836
523
780
527
667
245
683
199
763
650
499
814
183
549
302
308
542
189
259
896
921
917
648
917
334
949
816
606
786
522
63
870
396
607
938
78
276
69
923
420
914
119
154
916
746
211
816
470
725
293
949
875
492
846
937
517
126
836
95
395
400
495
414
326
604
472
713
986
794
773
246
508
162
413
628
925
740
205
621
240
399
517
171
158
670
410
175
595
713
456
76
940
15
147
418
600
272
394
903
504
49
81
368
364
577
274
325
516
128
847
202
680
192
479
737
716
67
355
557
59
428
739
826
462
713
97
768
281
550
530
423
563
789
804
44
153
121
833
769
637
731
927
570
208
371
128
140
185
824
309
328
232
658
258
533
188
180
438
884
582
664
690
380
432
931
259
918
53
743
342
748
157
663
359
922
837
957
205
670
594
703
381
731
664
793
530
81
235
12
630
337
745
691
888
828
666
478
682
555
757
167
205
73
848
682
67
45
147
346
145
612
170
830
263
211
69
779
982
506
438
11
293
108
799
139
359
370
701
306
356
871
13
437
50
894
697
719
617
472
110
214
96
667
869
905
423
716
813
181
890
732
666
423
606
32
732
260
835
42
782
28
390
565
96
348
514
366
316
251
715
439
234
268
670
93
816
298
40
9
818
427
106
707
954
371
902
81
419
249
536
344
712
422
556
730
908
802
192
597
973
872
61
829
331
170
976
439
647
95
791
734
257
441
810
651
474
67
512
133
682
975
875
600
127
598
481
457
532
985
175
8
369
932
588
686
364
778
920
342
452
308
264
488
726
58
406
648
695
580
753
917
36
554
286
470
168
368
146
847
11
365
941
721
92
723
876
655
867
849
92
796
53
683
278
346
957
587
795
518
60
481
685
816
276
454
311
438
151
886
82
495
167
740
286
909
761
447
665
636
139
298
23
79
814
690
542
233
498
504
436
625
693
238
487
183
408
78
801
100
102
142
990
30
642
512
796
632
612
86
950
424
775
395
732
857
306
796
859
377
689
829
437
965
863
304
260
57
162
600
432
836
595
539
946
295
569
902
836
870
953
867
8
511
812
150
82
416
813
221
322
973
69
157
138
487
397
425
16
560
640
326
696
874
34
514
378
359
408
274
11
51
765
635
579
982
199
176
978
182
572
986
647
106
156
206
959
801
932
527
518
280
412
781
85
34
294
878
633
42
995
336
492
180
100
528
106
401
106
925
689
441
850
430
958
579
817
418
208
960
927
350
667
294
99
800
572
680
227
619
372
154
174
331
771
699
825
856
898
259
698
24
196
220
692
381
66
133
15
846
802
440
163
8
547
677
481
157
872
592
54
893
438
966
933
881
332
717
856
39
286
657
35
367
166
10
165
147
679
739
99
813
479
838
595
19
313
738
714
142
596
639
322
177
724
376
828
628
747
558
382
927
763
6
657
868
211
553
385
157
923
986
161
485
397
604
99
539
930
553
322
624
654
183
868
385
346
204
207
777
44
731
294
310
821
855
839
867
63
916
861
958
488
21
590
104
511
775
280
122
802
925
124
879
834
533
119
732
515
768
73
195
740
814
596
791
655
975
715
90
86
527
388
682
875
753
340
139
633
164
997
238
772
299
222
374
226
477
679
491
837
341
48
296
198
821
965
94
927
259
344
876
60
910
139
870
247
609
104
338
391
357
775
818
205
278
395
91
595
564
329
692
185
377
374
242
117
882
60
208
438
839
833
692
654
668
133
53
153
34
197
504
46
72
689
746
969
266
206
904
938
412
120
234
662
496
616
934
719
187
862
488
283
773
60
975
998
231
254
235
861
63
993
187
912
719
95
91
371
716
692
930
466
770
889
281
238
637
162
855
632
818
110
362
736
132
195
65
530
434
467
708
318
285
367
509
811
32
230
735
352
32
586
804
303
955
751
750
125
397
601
571
122
733
953
995
914
470
667
5
61
217
463
653
433
472
506
307
194
789
537
125
108
841
530
812
957
793
534
867
617
947
719
916
978
582
514
86
164
111
208
89
875
216
103
609
162
595
808
424
465
308
997
38
786
276
889
652
688
434
971
847
36
124
968
895
973
843
205
151
587
420
702
671
817
707
750
956
973
274
707
722
628
736
165
424
503
564
323
113
412
824
993
739
179
227
202
272
494
271
719
530
291
873
233
732
473
854
808
507
229
906
248
3
720
812
989
334
246
982
588
567
798
945
733
53
569
933
984
275
945
69
59
468
351
345
397
947
985
661
522
49
782
759
660
544
679
678
802
308
636
766
991
833
952
7
978
200
427
789
654
827
834
147
605
680
284
921
998
266
371
468
143
58
246
620
57
61
951
441
919
991
573
791
906
221
896
392
981
112
229
360
487
61
349
620
218
586
630
972
7
347
653
855
588
362
822
302
172
589
763
961
937
377
965
453
456
821
33
399
960
225
34
306
201
597
847
108
966
494
400
518
262
395
435
851
68
974
469
344
969
142
303
689
931
633
247
669
612
982
703
423
186
800
351
814
142
399
122
926
3
985
231
213
125
910
519
730
436
169
149
983
99
570
815
151
889
664
24
186
60
556
327
542
932
736
991
208
587
567
836
536
375
542
159
138
650
592
862
825
799
143
291
910
320
278
591
110
864
564
795
497
58
450
851
407
965
598
184
21
76
184
832
13
614
609
803
292
423
996
981
388
497
861
987
706
971
829
588
674
595
624
933
174
187
309
809
14
6
20
196
833
150
567
146
889
203
671
952
581
489
455
214
704
703
421
816
6
655
773
880
215
559
752
506
156
147
665
956
726
437
680
159
983
67
160
782
128
658
515
778
153
900
397
743
439
380
141
991
343
874
824
505
689
543
224
166
112
270
346
56
821
461
590
294
939
279
775
304
486
360
465
748
597
580
874
403
526
868
577
476
424
782
435
674
884
832
781
716
989
496
524
545
990
19
416
261
947
352
351
605
343
944
261
59
708
45
601
902
114
772
779
258
30
736
978
783
252
381
354
689
455
469
554
507
717
58
724
632
384
169
893
488
807
319
148
875
891
747
152
949
397
583
145
246
757
908
297
500
613
954
604
528
772
985
162
954
150
607
533
362
240
590
277
132
418
424
441
679
774
962
193
370
228
146
679
595
24
151
227
350
315
788
381
150
845
264
877
995
773
557
151
920
815
746
587
727
164
559
400
196
512
133
105
443
844
376
311
87
171
875
317
743
746
918
131
39
241
629
898
137
238
840
87
822
72
546
323
165
113
569
838
13
141
58
531
675
535
190
695
523
283
532
163
901
766
500
793
846
441
254
420
832
925
669
472
767
224
707
544
664
525
649
550
720
730
635
253
278
331
671
882
518
692
408
817
347
435
683
700
584
940
717
38
620
254
871
510
592
779
231
719
869
229
492
132
615
691
646
217
968
859
279
940
314
505
10
50
645
902
710
639
785
876
575
109
401
669
346
605
468
3
755
972
169
363
813
212
358
963
965
500
285
90
299
698
756
983
533
524
415
809
506
190
84
333
504
45
603
782
395
50
752
559
707
35
23
204
680
291
658
231
45
466
650
214
86
479
759
769
463
737
126
641
562
525
830
116
285
866
535
133
798
448
712
489
331
543
275
596
650
956
599
10
314
446
993
865
37
727
353
267
2
422
148
402
827
721
115
12
176
871
39
759
541
643
383
197
47
389
585
520
815
691
545
897
472
693
256
769
931
398
795
451
940
310
551
473
80
293
238
890
837
441
577
542
415
440
899
728
915
65
677
562
417
61
795
615
243
539
738
217
884
353
452
234
935
567
970
504
69
485
780
338
714
196
200
151
189
882
517
566
730
471
763
527
918
797
114
409
615
956
795
605
213
331
94
399
112
371
33
548
487
541
569
727
650
524
176
814
965
453
260
906
226
603
784
596
274
63
361
882
407
972
447
680
129
648
366
76
611
223
936
762
297
378
552
230
337
637
990
904
627
358
650
336
365
816
823
379
888
639
885
295
345
710
922
328
589
701
863
373
628
215
443
452
960
127
862
906
162
290
988
967
233
423
412
694
521
267
395
770
444
394
890
899
87
952
225
712
212
77
598
327
695
150
278
648
599
600
783
631
891
216
224
552
990
510
517
437
264
112
506
979
987
379
395
379
415
892
47
772
522
476
559
285
688
690
534
64
826
514
966
619
870
91
828
720
443
767
2
331
743
515
576
892
232
46
526
34
387
71
15
968
148
350
301
620
258
805
750
242
510
224
256
367
760
47
582
289
206
36
671
52
690
543
487
87
199
664
500
773
696
740
327
432
45
184
509
520
163
444
970
264
86
742
537
97
805
831
665
833
723
299
679
915
757
170
564
530
61
331
196
88
178
456
603
664
978
605
771
460
365
562
342
928
575
504
172
133
793
864
10
346
445
23
839
661
908
622
260
391
437
957
704
894
109
704
13
284
430
489
562
756
166
13
806
269
492
11
894
303
800
422
835
834
56
660
971
709
83
488
66
132
668
426
868
707
829
614
802
792
13
137
671
445
328
447
750
946
1
626
338
993
382
941
81
291
48
831
974
344
550
763
658
252
125
484
878
981
278
142
559
808
68
88
70
299
176
541
163
45
187
713
846
874
495
393
265
179
570
115
429
498
841
357
40
522
909
361
960
421
732
102
399
248
406
290
818
465
522
67
215
265
637
301
923
28
511
909
46
884
754
940
436
462
247
536
680
132
231
972
711
881
338
352
494
516
432
459
472
836
490
692
880
993
316
601
368
291
369
814
868
564
611
559
926
368
958
537
759
901
831
634
358
173
150
497
48
280
629
776
876
855
356
278
273
11
803
873
415
60
67
680
607
550
689
527
216
429
824
764
183
873
378
126
714
452
66
445
249
264
369
124
457
647
932
955
198
130
894
49
957
2
335
439
180
853
609
32
678
352
402
388
534
164
659
372
63
531
868
303
741
737
217
443
556
471
670
592
308
762
498
150
901
186
307
743
85
111
286
670
651
518
104
302
479
706
55
896
736
165
510
605
73
901
185
442
905
724
365
209
757
183
130
883
133
464
481
747
688
215
572
310
124
979
566
879
598
726
689
471
978
807
861
681
888
337
667
715
195
505
527
609
535
557
707
36
966
271
398
720
487
681
640
811
117
218
464
264
551
238
789
76
497
36
645
88
222
698
925
932
743
915
286
21
45
64
528
870
263
388
246
962
240
168
134
889
313
736
858
840
894
613
448
347
840
625
882
886
951
450
59
425
537
141
383
713
787
956
374
131
34
354
709
844
142
922
952
781
861
448
984
970
832
55
997
96
628
354
888
894
991
582
472
141
252
868
455
745
517
437
384
482
948
606
399
924
198
362
620
345
364
799
614
209
488
568
8
728
368
274
603
525
354
539
128
243
373
660
816
921
151
583
290
892
88
915
176
820
482
468
118
731
340
448
119
402
241
524
926
798
386
77
111
56
253
987
352
298
95
944
367
116
277
254
657
807
259
845
867
521
424
740
169
663
326
320
977
993
289
968
435
694
76
504
615
768
2
60
715
987
447
748
104
399
692
414
544
109
897
514
414
639
610
358
881
103
705
522
270
225
436
870
274
53
810
855
145
836
495
664
766
956
561
741
119
990
23
611
403
429
413
420
355
553
206
30
27
249
815
683
932
800
236
587
567
294
353
597
751
182
247
85
660
408
89
487
136
253
26
329
583
784
260
231
912
268
319
576
10
616
429
750
741
472
430
803
63
653
205
782
863
28
534
301
817
419
658
133
182
176
489
812
767
924
426
880
647
581
18
200
843
441
46
616
598
870
135
914
885
54
586
744
723
360
640
782
130
194
529
891
927
402
344
41
784
244
650
74
373
829
17
962
625
63
968
852
19
85
618
124
85
166
995
356
856
86
194
514
362
608
881
319
965
176
331
882
181
212
961
122
990
203
777
475
384
510
596
919
144
187
427
630
228
776
229
936
506
284
78
751
285
825
655
18
886
598
279
468
43
433
339
652
974
626
975
389
197
530
393
781
673
674
510
234
901
0
563
352
749
956
26
344
416
665
135
331
356
904
990
620
293
582
515
867
985
901
622
797
707
176
369
457
962
279
743
37
77
515
690
471
45
835
25
737
783
693
917
683
860
537
398
84
871
855
918
643
291
33
730
383
646
722
105
111
102
934
690
796
399
675
582
954
294
269
223
365
589
296
28
209
50
6
450
233
286
104
32
49
792
673
47
191
755
847
68
4
51
210
12
889
503
959
291
716
35
630
536
842
670
246
841
390
338
587
190
816
165
150
140
113
379
763
561
426
222
248
879
404
203
337
680
130
434
472
140
162
914
809
865
11
846
548
319
145
328
348
574
515
577
948
375
718
138
169
909
290
354
307
46
770
964
501
729
769
979
124
910
440
285
644
252
252
954
173
171
876
912
780
199
624
69
695
21
748
823
225
13
564
827
467
292
67
704
563
61
52
159
526
484
633
274
73
599
265
182
269
633
371
910
457
43
113
125
265
9
897
352
796
279
869
870
724
654
66
124
999
536
205
689
18
771
401
27
580
245
438
437
720
156
563
246
125
368
524
566
760
912
590
695
257
198
127
614
659
464
651
652
420
468
90
430
540
975
429
293
963
122
694
611
475
433
479
499
293
569
659
195
567
646
418
601
859
30
608
791
922
862
356
244
975
422
581
273
753
731
856
212
376
946
703
44
521
860
580
883
956
650
636
985
643
614
318
722
725
843
810
542
400
843
894
872
508
291
556
718
172
60
928
597
880
977
380
605
630
912
598
168
760
543
738
83
958
453
497
750
716
866
691
918
806
131
48
412
63
78
666
370
90
422
622
481
391
764
754
842
863
34
744
927
835
693
88
245
350
678
228
129
20
365
621
500
90
884
372
276
500
435
770
640
917
996
96
703
185
213
475
862
79
550
15
724
650
246
76
924
519
879
94
719
688
26
150
59
567
568
14
740
990
974
402
668
19
12
810
802
626
834
228
597
802
495
398
620
425
512
537
299
795
810
161
627
534
204
384
631
617
899
771
903
91
851
125
395
207
999
871
950
517
710
897
20
908
362
642
273
444
206
690
79
120
683
481
811
688
847
233
693
524
915
374
923
285
775
558
145
430
692
308
854
903
109
686
150
610
819
222
63
102
892
245
907
305
119
355
378
339
663
564
336
61
266
484
2
104
876
723
472
530
549
908
448
380
955
479
551
263
989
518
460
852
286
957
115
282
530
851
363
242
232
981
253
863
172
321
417
130
712
751
527
34
94
44
790
207
341
968
268
711
357
248
755
122
456
486
436
104
168
388
563
779
311
351
71
423
910
240
244
157
830
622
559
759
605
599
645
286
253
22
952
919
231
341
400
20
519
524
186
518
308
874
839
360
854
416
851
999
180
837
823
950
466
268
654
982
11
698
201
283
345
411
192
545
294
140
598
997
133
331
279
648
98
18
121
326
811
499
172
909
418
221
982
753
288
701
719
36
735
184
703
571
972
428
863
532
495
791
259
130
72
615
665
659
488
488
246
433
337
892
790
381
59
700
533
498
604
157
879
381
395
86
57
610
754
678
850
441
837
90
905
544
291
988
476
114
632
839
138
349
500
991
886
785
916
637
288
68
395
968
185
875
620
295
523
307
575
883
324
982
510
994
541
376
906
62
411
321
567
812
168
517
632
159
175
143
561
317
643
500
104
986
490
836
86
288
731
715
807
744
393
5
860
922
531
81
489
473
842
724
600
58
166
846
874
402
317
890
301
199
385
406
718
311
765
979
244
949
364
294
103
50
478
797
59
327
263
909
861
137
630
872
656
278
303
412
140
243
485
30
685
960
72
222
259
51
46
628
395
673
530
680
929
667
182
951
912
109
109
898
496
250
530
8
3
267
334
635
804
990
930
256
836
275
514
680
794
330
290
164
575
856
688
205
619
185
653
377
111
591
705
465
544
704
906
608
748
966
961
119
93
983
361
579
615
965
5
455
272
608
572
845
11
143
540
32
400
38
144
590
932
402
359
33
400
247
683
948
17
290
242
611
499
986
21
803
18
193
243
336
935
913
665
6
636
2
600
991
516
512
595
890
322
801
707
901
836
579
601
545
835
500
839
92
610
27
115
452
753
308
537
735
741
314
364
432
757
580
977
316
700
170
584
722
486
376
88
624
800
321
414
178
929
999
602
814
543
455
102
835
943
218
43
200
469
837
138
529
603
722
115
203
898
103
550
969
803
132
708
639
361
267
48
180
589
24
344
228
612
608
930
859
473
869
885
214
779
631
117
444
266
727
866
514
60
133
718
843
6
889
977
750
265
982
987
137
619
171
901
516
87
59
788
152
698
972
891
983
667
276
116
85
166
456
234
283
356
487
550
484
691
538
52
33
462
679
378
103
361
811
133
944
643
356
495
415
95
537
857
813
921
337
448
216
970
344
855
795
280
120
714
25
861
444
922
955
827
504
265
497
729
180
516
349
900
799
712
779
852
648
666
4
457
472
319
570
387
4
333
54
419
646
564
13
90
514
317
689
147
398
645
532
391
467
965
223
254
553
842
624
61
294
996
746
824
863
957
854
948
679
480
816
809
956
643
244
355
65
122
975
669
358
185
554
553
684
606
329
197
308
993
955
725
959
521
529
528
472
69
369
834
102
3
780
911
454
544
547
927
597
789
601
946
690
178
450
928
370
122
337
765
173
42
30
368
446
471
967
591
569
867
573
985
92
748
879
679
927
49
85
384
8
10
435
855
552
563
69
739
137
404
865
811
57
160
927
700
408
160
550
160
324
20
504
733
206
677
838
927
197
570
726
851
249
156
944
969
122
72
312
668
343
729
662
770
498
576
114
635
696
41
514
352
967
211
958
649
296
579
770
466
179
21
242
555
994
865
45
731
302
94
536
360
709
582
787
550
421
261
65
970
827
678
705
617
884
812
705
505
893
643
354
316
541
905
966
429
887
980
494
945
454
768
720
939
970
5
574
955
799
851
322
764
324
179
781
816
169
108
183
931
265
215
440
401
367
695
701
317
93
160
423
231
24
395
853
136
863
659
297
189
826
551
696
78
416
668
595
690
944
390
675
105
761
788
945
773
821
725
739
166
944
442
195
865
791
778
538
20
395
700
737
304
420
748
440
420
554
453
335
866
471
959
449
40
249
238
665
453
819
151
61
13
899
759
223
459
998
473
707
923
855
604
522
897
927
431
580
81
159
290
413
324
809
178
798
491
364
440
884
259
885
56
6
118
659
705
695
378
587
29
500
264
162
630
880
283
937
315
90
466
314
934
8
748
201
956
29
567
798
344
557
613
479
572
946
428
475
733
375
120
481
537
473
872
790
120
230
217
229
364
517
323
392
847
245
982
597
168
770
968
693
993
418
214
566
856
725
252
79
183
147
315
35
66
455
70
487
189
609
857
710
431
690
79
853
295
600
79
312
154
465
809
66
950
341
154
836
191
156
666
53
35
742
918
839
51
81
687
586
904
861
263
498
880
108
11
988
332
773
393
350
623
831
543
467
621
651
797
582
245
522
17
566
613
213
669
488
976
740
591
331
399
550
677
276
737
71
362
249
392
143
274
403
106
559
54
900
136
447
92
280
215
843
870
809
840
884
869
194
366
82
258
565
628
527
168
503
776
479
282
97
472
44
853
154
344
334
201
208
268
39
577
6
712
908
45
79
970
399
240
721
361
57
291
84
308
446
45
17
121
905
117
448
0
374
374
841
404
686
837
612
22
469
322
381
189
895
393
439
398
841
876
25
195
693
199
941
907
461
815
253
191
928
247
513
508
162
329
427
490
629
326
644
952
910
650
583
161
531
135
802
303
824
28
238
82
920
9
172
405
824
34
383
766
856
94
832
704
227
538
964
839
254
591
67
351
965
445
953
209
529
818
703
138
422
812
988
882
984
846
828
814
485
106
611
683
710
67
291
768
15
406
160
782
278
797
13
623
672
559
312
647
871
784
848
828
135
464
247
822
0
698
970
706
814
395
493
465
180
941
547
920
784
160
723
476
255
132
807
523
353
836
510
50
959
66
233
815
809
620
107
234
100
384
17
725
345
866
361
772
560
398
230
507
251
803
377
388
463
703
948
185
101
425
353
251
16
399
871
584
110
684
252
595
857
125
822
235
688
977
67
897
350
875
248
959
884
885
598
634
786
243
673
412
536
353
859
857
411
945
550
323
676
277
950
676
330
13
692
599
55
294
591
612
72
824
324
366
886
145
967
299
506
91
194
647
894
95
82
285
478
893
137
356
925
474
445
129
411
324
784
527
964
220
561
471
532
208
543
822
655
388
238
434
589
468
458
328
562
761
376
501
612
22
340
70
317
662
53
367
497
493
445
61
297
335
989
585
925
480
413
89
697
712
552
804
974
970
126
553
721
211
819
44
497
186
364
911
98
416
530
210
382
468
928
102
907
155
271
963
688
435
808
788
249
27
785
252
586
281
641
495
191
87
429
95
386
410
301
978
238
49
329
308
153
191
812
390
998
956
403
803
848
14
159
747
650
976
149
574
667
588
591
310
848
10
356
489
386
565
674
930
590
366
236
635
107
504
94
90
270
615
349
293
521
701
676
682
898
795
289
847
295
160
981
306
320
105
531
119
213
53
0
909
462
796
496
99
89
211
114
596
550
751
905
699
263
388
531
285
827
584
271
426
738
792
847
207
122
391
269
172
247
311
794
885
402
837
961
687
392
902
779
760
315
759
379
339
103
950
913
696
122
747
20
292
654
66
616
969
19
567
880
868
53
390
189
663
293
719
484
571
116
155
517
820
865
333
584
473
835
359
546
678
435
16
701
824
721
951
629
452
767
775
215
388
906
639
644
791
364
773
875
500
455
758
117
443
276
516
458
136
354
269
977
477
906
476
596
866
742
750
586
532
194
875
933
295
378
526
84
473
803
555
628
205
95
69
999
889
120
65
430
28
941
946
330
543
386
689
774
167
369
729
321
124
495
701
360
634
746
503
664
449
806
925
625
523
767
322
782
881
256
878
112
618
786
219
235
722
896
13
472
571
831
517
401
354
739
419
995
744
877
661
261
819
713
152
192
809
435
849
287
297
985
737
901
837
276
659
397
120
952
251
684
472
507
181
740
280
122
271
674
989
167
244
815
539
519
102
963
955
944
727
605
563
623
517
799
586
807
647
230
438
886
832
296
140
105
542
46
363
80
135
793
558
604
434
761
508
405
517
152
998
65
552
588
172
198
5
740
644
968
323
714
168
813
750
527
131
446
116
884
192
913
342
716
878
953
41
543
628
359
16
337
677
586
536
890
312
921
904
590
632
697
250
140
770
651
274
228
736
309
515
722
353
152
24
247
642
457
534
454
557
337
483
540
645
743
674
120
147
262
311
603
24
305
137
969
664
186
49
485
471
258
606
491
867
962
786
750
853
440
972
554
37
166
706
987
273
637
51
565
89
847
159
605
627
33
804
860
86
903
30
356
837
49
833
75
2
707
470
925
596
667
864
326
502
819
522
996
997
751
695
307
494
192
485
466
746
967
374
762
576
45
637
759
285
719
114
367
762
367
978
824
361
821
638
246
429
708
565
658
430
993
737
374
462
39
291
468
771
838
252
527
921
842
682
953
995
735
19
363
406
177
288
635
395
634
33
15
454
717
289
641
895
896
422
779
117
102
791
17
210
930
914
285
383
728
457
814
268
757
648
362
940
543
886
650
411
486
110
69
797
778
937
628
437
446
953
741
878
67
812
324
962
831
115
299
188
860
766
65
668
885
791
857
927
155
631
353
167
950
937
275
534
886
969
153
659
914
711
401
567
415
62
944
983
578
524
859
30
90
894
536
77
924
66
579
442
457
848
101
219
805
21
318
933
846
557
843
461
709
548
603
906
561
266
355
310
406
401
537
759
341
388
486
382
245
5
589
186
783
747
344
178
759
183
985
102
158
585
118
240
597
100
446
509
220
210
856
770
784
701
266
972
170
724
607
832
260
230
170
380
479
718
375
640
585
986
425
532
42
498
414
520
589
826
686
442
619
612
330
983
106
245
818
89
949
914
983
449
30
799
119
394
7
59
910
186
901
740
137
717
957
578
983
935
833
531
200
558
419
947
927
770
434
645
876
194
530
682
890
461
350
252
727
537
433
176
674
347
82
167
990
195
741
263
389
875
189
202
520
773
408
931
650
310
20
888
341
331
69
8
740
718
512
403
271
333
489
864
341
367
857
239
324
196
52
236
172
952
502
572
561
979
205
656
815
416
394
219
800
544
145
889
273
970
656
886
898
122
677
759
76
379
640
33
726
650
199
613
616
593
207
109
888
204
800
982
66
91
138
137
658
373
340
391
653
237
331
873
613
636
687
530
188
35
249
505
896
42
49
150
573
2
637
24
760
940
387
753
719
316
911
344
190
221
808
592
236
562
700
417
252
950
228
931
151
257
411
883
127
984
80
596
743
56
602
771
366
646
451
30
554
766
221
689
664
886
441
623
58
349
367
970
370
62
296
256
979
27
135
274
983
384
270
417
474
102
844
143
597
440
684
328
527
757
345
891
574
530
605
360
107
243
329
704
771
486
719
940
954
949
691
539
539
694
320
379
554
400
830
875
250
828
905
282
802
366
390
544
98
542
102
816
795
184
821
62
836
300
796
915
138
778
866
249
119
230
473
973
875
227
997
241
880
336
528
619
943
884
456
845
568
951
202
705
566
950
311
593
545
330
100
825
165
862
648
42
296
683
311
867
145
451
932
45
564
302
555
244
314
803
51
261
109
775
354
945
465
107
259
885
5
605
427
282
353
62
906
351
738
819
500
617
713
642
183
381
185
795
239
298
511
672
196
374
148
419
677
507
430
395
78
965
733
842
965
338
209
229
891
119
320
545
757
116
845
734
586
115
868
531
567
274
130
591
374
905
586
927
718
554
962
208
931
566
212
595
206
646
80
592
631
300
679
168
878
526
826
435
458
43
177
906
705
254
679
875
638
869
835
759
688
349
457
361
606
443
79
509
777
481
620
682
314
459
786
381
627
605
44
188
490
531
387
316
319
412
587
712
150
716
90
486
576
21
912
575
228
265
233
3
371
567
144
999
449
871
558
541
287
747
712
317
30
757
190
845
566
215
480
930
236
139
787
954
538
823
241
320
928
612
815
987
128
596
991
516
903
949
542
914
832
886
760
347
770
861
47
465
498
819
323
166
923
285
515
118
1
544
433
432
118
23
812
544
988
12
599
436
296
529
639
113
992
594
130
337
891
585
322
11
182
300
880
384
176
271
110
997
459
98
965
314
74
792
237
349
386
435
403
276
753
830
196
70
707
145
584
340
892
267
786
97
712
775
924
611
85
53
799
605
434
587
287
466
953
520
229
304
863
646
271
903
469
42
138
28
775
256
216
447
65
231
540
373
698
767
233
563
160
354
178
984
859
286
877
981
286
190
81
299
423
23
7
305
232
406
821
81
166
852
420
382
655
883
947
973
121
295
932
132
941
956
349
171
498
991
225
382
613
452
893
20
566
28
791
615
350
993
271
480
901
672
322
446
417
648
355
835
16
789
210
579
638
868
473
842
426
595
281
729
19
503
684
245
200
248
579
804
348
21
807
436
704
856
964
354
811
117
522
788
813
900
485
68
809
745
389
545
152
236
312
643
434
466
602
3
280
783
551
749
365
870
327
347
635
72
248
79
185
428
2
348
802
32
315
130
121
173
618
196
848
816
313
480
624
834
236
986
203
254
519
557
973
594
43
855
377
972
152
880
704
210
135
623
964
406
390
545
675
924
103
751
574
82
394
18
641
67
558
646
293
383
623
152
881
755
241
694
856
320
314
745
563
475
926
49
983
904
52
318
121
76
150
734
502
950
630
7
183
472
251
963
618
208
691
755
36
829
354
66
986
785
633
967
598
2
290
710
798
924
935
828
169
375
803
404
243
64
896
683
744
318
687
652
677
28
239
745
394
638
196
640
867
529
65
125
590
924
904
9
167
597
613
391
54
553
379
727
234
924
302
977
472
689
808
471
291
463
895
311
31
224
443
604
169
118
333
912
142
20
235
464
404
775
905
36
933
224
361
273
999
142
523
53
41
276
295
887
953
957
183
464
144
175
322
330
190
627
755
363
426
696
304
846
378
630
462
222
1
790
930
984
638
395
275
292
561
396
899
735
616
794
419
209
576
393
510
526
471
716
702
522
38
425
91
262
37
366
450
18
182
55
794
454
899
486
281
953
947
221
509
485
831
562
743
893
235
592
170
275
784
262
50
922
71
830
671
829
944
604
312
331
784
312
540
544
657
235
139
417
499
658
980
947
432
258
208
472
742
608
723
863
965
835
155
143
464
569
888
464
648
171
228
541
540
141
516
402
93
942
492
975
670
856
401
654
281
117
280
975
19
494
588
260
778
969
221
539
997
271
219
489
353
