507
5
847
813
801
665
245
129
902
607
419
322
521
45
229
723
216
520
28
9
150
407
996
677
85
40
289
213
572
144
838
33
261
646
137
576
190
369
246
563
169
840
871
817
779
840
541
482
477
904
765
751
586
392
842
414
606
128
474
324
615
501
464
211
172
926
470
491
646
277
325
61
686
32
571
346
229
55
415
138
986
833
171
176
780
511
255
674
348
778
278
191
85
176
111
153
291
81
778
107
53
400
621
828
569
957
379
808
915
887
256
879
697
646
507
279
766
591
911
837
809
585
752
473
633
309
887
999
527
50
810
674
712
998
523
995
910
88
163
287
642
746
499
110
368
893
463
520
470
748
95
202
274
635
852
686
392
920
563
809
605
839
184
549
739
483
867
295
201
920
416
803
653
166
941
379
297
120
333
998
176
907
563
941
251
98
926
746
901
158
272
377
519
26
954
712
296
28
816
635
125
136
708
176
977
87
914
73
129
156
239
423
167
303
719
644
840
427
10
833
20
98
962
510
554
496
27
176
573
52
951
588
543
387
237
514
945
383
61
316
660
445
275
710
655
596
598
904
965
1
252
31
282
440
716
810
90
613
519
103
942
896
739
261
788
566
982
589
897
484
668
42
870
815
572
79
581
727
53
455
126
482
497
120
170
516
779
209
563
556
490
818
734
778
106
715
614
693
123
133
430
985
936
908
19
541
111
782
348
563
392
581
719
744
459
312
489
955
498
72
329
514
201
286
865
832
790
482
466
115
16
838
756
242
360
640
335
716
518
87
432
404
386
997
691
96
192
139
418
432
383
346
87
683
398
365
60
589
155
388
748
326
538
164
549
780
502
730
101
152
775
78
278
278
512
740
136
502
363
525
601
543
612
924
579
419
239
949
50
782
678
952
944
328
763
611
743
746
463
981
523
125
572
359
10
630
373
333
440
253
8
66
275
173
69
50
768
550
719
168
728
598
51
496
746
142
185
983
678
816
110
702
283
119
211
798
190
966
950
317
729
651
804
142
723
813
719
63
297
895
553
540
497
249
854
361
958
284
967
580
493
683
752
809
587
113
687
951
937
141
87
239
989
962
809
589
774
139
430
768
267
892
220
419
185
291
82
782
184
253
513
86
120
229
57
392
301
464
317
582
244
292
156
176
305
911
437
556
735
187
510
912
395
367
329
803
141
481
876
211
827
591
3
570
164
756
876
554
470
384
255
623
205
73
200
716
833
741
834
509
850
490
506
403
491
236
37
735
888
989
175
254
269
180
73
530
308
188
614
881
930
492
202
470
735
775
552
246
417
346
494
837
716
459
423
751
976
185
269
762
686
142
576
40
368
640
872
931
573
383
203
713
165
954
651
15
767
666
207
634
5
136
388
896
400
674
384
309
358
432
324
354
580
453
931
39
849
449
259
705
26
971
270
183
931
460
21
478
968
951
690
101
649
276
457
651
931
420
939
980
97
670
414
490
942
728
796
79
885
370
621
649
343
284
860
967
696
447
988
272
799
401
437
75
416
138
495
464
192
643
177
597
788
495
527
901
799
570
510
268
982
686
244
549
193
740
49
588
792
31
52
847
743
612
836
815
888
102
284
780
371
886
777
479
29
63
163
209
419
951
773
832
129
154
403
539
915
1
168
138
86
599
593
744
412
876
858
389
987
59
762
604
393
150
741
363
655
721
510
113
566
492
79
394
58
978
439
197
41
86
870
310
904
941
112
976
403
790
811
882
383
150
207
922
270
393
10
696
901
90
29
833
13
92
414
324
301
929
74
416
224
263
447
788
872
323
827
145
743
13
93
66
110
483
750
580
12
546
827
824
644
654
178
661
540
739
231
962
309
492
306
17
244
89
694
303
132
166
648
256
557
173
946
488
653
918
843
388
409
213
381
775
377
97
723
1
22
853
741
201
536
264
185
883
536
87
680
644
950
145
90
18
136
571
519
673
8
778
771
392
601
198
36
306
334
671
251
169
767
215
661
108
760
726
989
441
208
173
408
86
811
466
381
185
596
674
743
552
259
741
512
667
575
466
947
525
176
731
86
441
235
484
451
808
491
765
1
665
944
255
740
778
855
747
869
827
462
470
751
546
378
1
840
440
167
116
32
323
875
826
769
157
7
840
298
33
499
480
962
117
325
98
446
731
846
81
391
258
537
555
763
930
241
562
174
61
630
609
332
720
635
248
462
777
543
272
135
706
542
514
666
171
331
953
930
46
140
168
165
140
186
78
566
501
812
46
430
621
351
539
430
329
244
969
747
177
726
686
214
200
158
96
527
270
853
48
493
462
477
396
653
723
420
474
61
878
710
135
164
667
791
776
728
194
938
24
634
769
256
25
10
678
952
702
395
713
95
12
739
256
477
928
418
245
340
411
212
754
725
83
60
813
920
91
134
214
456
355
505
693
882
82
280
168
712
559
884
82
278
335
992
872
607
161
768
245
973
302
894
781
171
612
714
190
585
449
974
722
964
92
435
945
423
447
260
372
250
241
469
940
285
480
503
81
561
355
51
974
875
301
504
106
550
62
875
394
364
844
994
753
696
232
741
577
339
35
201
323
786
446
514
827
672
72
669
695
397
282
375
422
834
823
982
141
288
807
866
444
597
507
198
528
642
770
857
665
683
850
700
428
459
523
248
771
100
989
333
639
40
233
633
328
872
365
19
35
542
89
707
306
616
591
776
162
540
392
437
278
946
696
641
232
571
363
713
312
236
642
804
797
359
918
947
688
102
733
796
432
620
433
50
647
250
181
314
700
267
324
835
986
461
946
243
110
60
260
747
414
549
443
958
644
540
603
539
417
250
50
252
63
38
51
531
399
775
194
240
673
723
227
465
138
415
371
191
496
364
24
856
56
586
956
351
824
236
796
140
761
967
976
241
908
272
835
994
854
81
937
776
870
32
824
186
83
589
88
680
738
101
364
366
124
775
914
474
159
819
583
642
491
506
371
748
669
902
572
596
320
351
927
587
615
486
401
562
983
466
155
620
689
604
692
760
453
305
992
963
426
165
86
649
851
790
752
116
395
156
988
667
905
346
543
664
806
577
336
862
51
786
882
676
256
870
964
347
344
652
211
360
512
621
351
798
181
656
842
27
773
845
709
813
269
808
701
57
866
813
378
512
668
346
656
255
572
941
7
417
767
818
629
707
562
25
236
91
341
323
85
30
516
55
763
61
448
765
125
915
565
637
843
414
212
941
962
79
841
886
106
728
743
113
244
761
639
252
433
654
407
443
86
889
591
404
780
359
238
291
876
258
115
7
735
243
841
95
979
169
322
93
441
530
172
821
363
797
8
945
316
90
927
141
360
575
599
177
754
16
468
657
68
225
258
365
665
723
621
229
71
441
939
805
600
517
722
281
71
268
468
357
271
371
153
460
127
221
883
139
242
538
476
744
668
237
731
404
46
186
614
483
154
682
266
92
946
724
525
865
155
594
900
957
743
925
369
508
8
174
493
340
120
419
19
862
653
457
28
913
914
340
255
515
361
393
56
533
301
587
337
786
787
378
679
331
872
253
195
122
349
71
929
25
640
909
845
999
485
579
897
774
81
198
147
556
359
129
827
915
347
663
339
727
539
761
895
732
150
149
803
874
220
788
644
230
829
910
286
350
663
668
349
872
679
42
48
943
600
695
911
187
369
962
325
549
392
211
728
860
956
291
349
374
145
337
65
535
5
329
931
535
103
763
661
795
567
854
905
402
760
727
439
658
50
26
964
463
485
83
703
823
815
354
670
557
518
825
685
287
274
611
550
958
257
746
524
35
302
941
905
921
348
900
808
562
380
186
853
633
510
326
376
857
547
270
728
784
49
656
372
852
41
198
813
41
586
974
895
99
800
27
710
62
967
219
773
288
673
454
394
896
735
968
966
109
124
723
552
885
525
668
41
681
557
296
10
593
53
962
49
361
857
620
211
423
341
760
267
856
462
898
369
607
133
676
125
889
366
837
514
424
383
575
145
833
940
27
698
236
935
692
519
168
644
116
68
576
403
31
718
646
575
402
676
906
787
807
723
272
524
512
931
891
826
526
687
10
64
893
226
381
578
325
996
803
134
720
365
564
84
67
512
902
527
211
824
518
757
949
393
877
467
433
581
141
42
316
999
990
334
217
116
369
124
28
581
192
259
155
505
776
172
920
136
372
956
207
538
95
760
825
757
61
103
483
142
679
507
134
934
218
977
947
526
339
417
715
310
561
943
192
470
422
167
644
984
131
640
516
756
376
711
640
771
405
756
538
16
263
609
712
872
978
511
96
482
215
931
87
362
851
334
157
367
397
666
17
20
377
568
117
572
133
550
670
134
895
373
962
8
649
489
965
312
714
786
882
622
762
840
411
845
378
739
118
640
30
632
308
297
272
423
446
629
58
761
222
907
888
688
127
987
400
198
210
355
54
615
167
821
992
851
476
332
298
227
701
277
343
549
648
723
6
987
235
738
13
173
269
533
60
319
637
627
336
301
867
228
458
810
586
378
475
832
350
603
567
930
783
618
732
462
330
285
197
790
41
89
511
213
798
649
359
422
337
558
557
568
979
408
90
503
679
691
234
748
548
325
109
140
153
163
440
246
958
635
274
149
730
77
222
797
654
555
77
819
206
527
52
525
95
675
905
641
314
67
822
546
179
295
832
740
270
796
343
825
631
131
385
988
940
137
589
506
337
509
569
592
152
433
529
440
683
928
557
765
103
493
237
950
31
20
795
616
778
490
405
747
746
950
558
798
786
331
521
207
643
526
673
59
635
218
71
811
426
715
976
495
282
255
610
852
339
992
524
690
465
775
40
985
11
474
5
449
80
206
373
968
855
928
191
37
243
429
186
252
409
337
16
3
64
276
354
313
148
641
933
646
383
160
841
574
21
755
658
903
154
838
533
9
186
279
785
125
340
533
327
30
68
365
471
69
804
536
224
512
646
280
940
338
416
553
990
478
869
892
145
13
356
559
486
647
527
504
393
694
778
912
985
189
382
277
866
488
401
455
721
254
20
620
91
408
305
926
322
405
14
322
69
166
931
973
51
277
579
543
596
3
274
409
372
926
892
202
861
177
110
645
336
365
843
966
935
126
469
100
10
88
318
361
68
600
441
491
345
647
698
495
622
449
143
44
381
468
306
610
124
444
980
446
321
227
311
117
892
318
231
709
913
922
799
139
704
973
116
919
563
578
880
893
771
292
517
340
720
339
171
177
883
733
904
958
305
267
659
171
974
404
253
238
539
608
613
911
31
258
31
852
189
320
760
572
655
911
512
631
623
536
548
402
942
999
815
321
483
346
212
156
417
758
363
292
789
260
941
855
451
835
382
238
916
496
991
912
262
672
356
48
208
382
40
586
856
503
715
491
252
458
886
805
401
102
539
633
603
580
203
679
953
12
133
177
212
539
688
735
204
201
806
307
287
593
477
804
503
937
466
208
879
329
452
970
330
17
3
59
167
323
835
596
773
696
105
458
727
79
312
914
365
151
296
644
527
541
708
525
46
969
215
516
392
323
315
190
959
171
749
444
16
590
688
330
355
84
788
627
764
6
859
600
84
22
440
207
780
855
948
336
480
419
230
67
788
538
158
365
622
376
951
218
863
768
287
796
279
964
252
577
924
535
892
794
519
705
905
232
403
273
335
978
506
906
212
89
582
932
939
412
409
835
692
303
282
885
579
630
373
924
180
296
717
707
888
895
408
390
695
563
927
898
578
710
401
667
819
26
35
564
100
191
454
921
272
9
284
433
618
869
312
287
592
316
274
24
659
761
316
999
110
604
5
691
881
337
679
418
385
194
478
983
5
305
55
214
199
626
866
729
845
293
702
195
588
33
32
745
144
812
224
585
698
319
184
914
55
398
169
459
24
222
611
327
19
526
721
166
102
808
927
560
723
217
938
762
756
260
402
250
692
717
590
255
112
256
604
922
752
834
651
993
398
392
551
514
506
444
240
341
327
878
208
962
494
190
143
89
973
223
701
560
299
327
179
295
323
492
990
359
234
761
73
281
462
717
141
196
294
28
480
38
648
511
784
691
403
895
354
587
977
279
604
542
280
927
595
43
262
965
97
30
423
422
630
63
573
786
130
615
946
893
757
254
228
353
931
768
589
313
423
678
694
777
787
352
664
489
337
96
879
960
274
794
332
845
72
759
525
169
145
961
851
240
987
617
879
999
366
364
249
327
115
636
623
39
871
26
719
352
867
26
449
273
604
439
716
731
626
237
60
607
943
725
708
28
109
307
525
213
36
467
67
702
216
810
680
390
899
361
384
152
724
420
657
61
979
113
732
748
279
876
892
161
158
23
2
467
241
655
531
566
642
890
151
449
307
748
406
59
292
776
896
63
583
332
449
246
756
141
488
891
204
977
803
193
573
460
57
217
97
378
307
256
467
756
464
101
135
637
971
64
109
228
779
798
554
268
735
793
634
750
116
829
830
280
716
805
933
951
132
203
851
840
491
750
531
517
946
654
298
67
501
339
954
159
860
587
295
17
782
835
66
888
387
845
647
365
131
503
237
740
512
300
609
301
622
260
647
969
723
247
231
632
358
182
136
95
416
442
307
534
937
886
703
136
441
303
780
684
197
493
326
488
761
593
512
733
168
934
666
37
813
756
449
217
524
895
410
511
579
150
818
905
351
48
853
521
820
697
121
304
132
273
654
494
195
262
28
547
53
688
113
204
932
698
862
641
402
505
797
332
336
572
249
364
585
291
793
727
198
933
154
990
646
729
80
586
57
334
641
612
49
54
415
474
742
469
624
758
421
263
812
312
740
655
34
748
716
549
734
798
483
967
419
50
646
656
113
904
263
125
203
292
97
908
520
108
421
64
660
26
303
183
475
625
946
644
153
301
269
72
777
995
209
732
72
167
999
705
484
293
963
840
326
535
7
678
465
517
805
431
783
186
782
508
495
331
928
583
948
722
502
650
613
89
98
999
252
651
296
250
110
996
791
803
326
168
745
320
214
65
612
543
235
2
388
465
579
528
663
434
62
705
77
205
766
572
410
245
621
904
890
958
978
201
704
849
135
356
922
534
969
28
404
916
669
621
95
548
700
678
654
908
434
116
13
31
809
433
223
745
869
243
306
809
884
296
673
871
780
152
446
396
0
867
241
385
953
137
162
888
949
968
95
711
534
784
842
867
113
419
835
376
50
8
685
62
393
918
679
648
299
669
217
119
415
657
353
91
170
872
945
697
218
778
655
231
412
409
297
316
171
406
762
998
822
722
822
555
292
710
30
833
438
898
272
41
841
482
854
605
230
223
265
915
488
673
97
521
874
890
244
0
562
198
506
486
222
127
848
819
273
636
737
445
346
241
549
399
130
170
716
788
240
114
84
809
346
896
451
353
354
24
697
858
971
952
252
700
702
217
434
362
109
893
997
537
387
992
238
805
911
382
673
563
379
60
696
545
285
803
782
874
913
671
235
670
73
511
7
101
986
436
693
532
52
780
949
592
645
480
982
488
683
945
310
943
781
962
455
646
708
279
817
985
699
291
94
544
952
479
949
357
846
822
734
189
784
61
135
95
516
920
649
666
58
8
682
212
424
336
951
132
180
607
862
313
60
544
614
267
501
148
91
135
102
482
266
553
840
452
469
18
28
811
443
336
25
661
767
949
633
682
499
199
271
567
170
262
536
369
815
461
643
867
885
408
837
307
723
436
565
134
267
236
841
796
408
119
636
806
378
142
828
292
424
163
60
931
664
70
203
371
573
577
894
559
534
771
785
686
631
202
725
150
663
921
807
792
317
177
549
134
807
508
342
193
536
524
516
352
805
466
136
386
221
419
987
36
779
629
685
727
721
911
76
720
898
102
377
395
372
780
946
522
617
66
432
534
65
607
902
537
709
409
285
58
210
567
645
815
511
209
460
17
229
671
444
145
907
143
165
81
595
930
463
133
181
518
17
47
709
950
107
114
867
116
812
487
736
489
721
75
624
572
907
546
360
62
620
436
932
615
53
517
837
713
87
523
246
633
652
64
498
814
185
895
956
66
443
52
187
629
666
308
279
321
126
972
332
529
205
965
490
922
407
780
126
987
374
920
769
745
525
205
843
83
643
717
412
165
684
494
847
759
885
687
475
437
834
484
79
306
229
712
617
261
237
90
827
446
625
97
370
434
351
969
620
41
518
735
446
657
996
521
368
140
365
246
430
980
641
525
931
798
424
658
932
500
468
523
294
445
787
713
997
239
280
945
154
437
861
2
551
619
599
137
667
350
782
199
453
801
160
757
422
193
849
998
680
930
992
762
293
771
969
12
565
349
810
681
295
529
469
496
427
646
761
977
66
226
293
118
691
184
258
830
963
584
836
96
768
700
693
885
202
190
918
990
159
479
203
117
985
314
505
919
285
559
134
182
219
228
853
781
61
550
421
749
527
621
502
685
617
765
615
774
339
401
166
748
966
618
365
736
555
197
125
162
170
578
922
220
89
152
355
714
63
863
684
46
76
29
2
304
231
354
522
106
771
183
606
481
959
609
933
167
345
668
702
246
470
234
689
543
8
867
866
272
717
438
786
836
888
653
356
485
430
582
769
780
894
126
153
65
606
121
15
910
287
548
991
597
924
572
110
899
572
615
870
124
738
175
845
861
29
711
185
752
729
710
34
978
745
17
12
649
606
525
479
273
521
698
957
486
289
899
255
179
538
825
316
281
538
951
999
827
969
425
12
478
901
550
16
902
998
412
322
764
732
626
129
211
612
248
427
386
553
435
510
220
501
598
663
227
115
490
118
499
287
829
554
162
533
976
574
685
19
499
407
94
988
411
497
194
34
644
813
574
935
497
745
82
760
232
388
838
55
283
588
905
147
385
446
720
158
131
193
907
467
618
0
243
858
485
578
376
689
88
720
399
960
873
762
41
249
196
598
510
491
159
814
416
890
423
365
861
788
73
61
868
66
965
232
976
889
820
354
930
76
154
559
144
256
270
934
708
659
895
585
320
818
377
392
5
494
613
769
171
18
534
239
307
300
176
140
864
773
59
971
795
919
93
999
926
666
125
185
104
155
299
898
95
305
78
750
76
517
38
41
112
133
775
441
989
141
279
879
887
580
30
699
641
454
604
123
404
963
609
855
25
635
254
812
224
932
425
652
881
602
53
942
664
833
832
152
198
58
638
325
498
960
698
908
838
277
421
183
246
294
463
860
547
768
882
804
669
654
231
445
936
352
760
943
765
73
460
519
930
237
857
867
396
269
195
347
943
393
995
600
632
105
491
676
530
151
373
181
668
900
35
247
596
486
898
581
765
954
992
820
588
908
620
636
361
369
532
740
600
989
889
313
990
677
544
731
17
251
866
364
745
306
18
221
931
805
766
214
588
184
71
242
713
762
307
989
149
222
986
971
597
597
685
623
885
449
802
916
821
56
308
971
998
571
960
314
231
586
698
565
572
702
710
868
469
531
434
425
685
880
976
300
345
37
994
437
544
167
78
509
410
802
937
321
713
148
792
923
692
898
481
375
499
9
224
408
444
315
277
533
836
325
155
811
217
41
876
767
964
132
63
448
684
997
740
207
349
865
734
69
32
88
223
135
340
61
26
768
506
823
505
411
726
391
750
892
137
69
367
58
227
267
714
194
350
582
232
971
630
325
895
794
861
279
352
698
787
629
519
305
802
841
864
842
223
386
710
594
253
453
814
337
587
162
467
888
542
624
699
441
537
541
879
839
704
909
688
435
861
118
332
696
41
735
471
987
668
203
158
787
808
326
271
145
224
826
589
268
566
318
984
692
393
748
377
128
125
974
426
622
349
548
60
775
747
284
338
957
592
230
651
17
223
579
749
413
596
594
125
771
419
118
27
560
746
400
361
769
792
796
900
264
215
938
700
523
908
268
78
377
456
943
336
41
7
16
828
458
589
28
270
977
784
347
376
210
401
283
909
502
708
973
9
604
895
677
591
904
896
619
29
757
838
761
970
192
57
185
16
346
598
565
285
178
867
522
443
749
241
281
382
26
326
427
613
911
970
177
586
553
666
261
565
524
352
65
597
224
100
530
389
84
3
168
541
353
934
749
311
605
910
911
26
427
882
460
413
764
963
753
897
268
103
223
224
131
193
291
212
654
562
504
463
633
641
234
106
972
46
962
362
359
228
33
605
219
500
35
731
319
814
722
815
340
531
972
619
725
878
298
907
406
289
589
643
240
251
231
170
382
975
859
503
519
464
803
466
992
984
524
84
501
944
144
704
156
961
783
579
887
506
779
999
228
995
119
363
50
741
754
647
250
476
574
738
808
45
392
414
596
81
691
948
449
580
894
513
186
383
94
298
636
377
625
468
604
92
225
756
277
556
672
869
781
754
638
416
862
479
709
525
284
804
669
535
376
622
737
966
576
207
956
142
96
23
929
717
969
890
471
714
180
26
925
217
220
109
375
571
565
250
421
434
933
261
101
137
381
938
260
978
843
630
406
450
840
129
367
255
353
231
565
657
12
774
525
886
409
889
302
416
258
795
741
89
673
24
942
295
140
677
980
938
119
392
230
289
887
498
255
917
502
272
919
574
192
441
43
489
713
386
301
107
881
285
865
791
797
952
358
347
330
418
549
25
544
40
722
865
978
446
116
68
382
993
178
707
909
16
819
85
160
627
810
656
284
492
61
711
940
75
568
418
498
749
835
284
626
468
869
925
555
665
810
823
323
606
536
645
486
712
491
271
834
242
256
883
946
981
820
222
20
51
625
824
393
867
401
438
817
78
306
176
81
904
751
10
842
938
791
745
879
317
53
475
547
905
83
48
28
859
67
408
504
212
659
802
666
414
804
572
985
635
7
240
238
654
917
211
887
418
234
673
885
937
893
308
462
340
31
748
496
858
261
568
139
316
651
842
978
237
455
385
46
502
600
776
286
79
257
68
678
386
109
698
643
610
488
351
833
849
16
913
801
86
319
18
315
93
670
574
604
425
895
18
323
397
959
388
197
288
830
441
275
246
29
857
630
963
346
63
615
498
363
780
100
756
133
884
282
757
983
136
724
632
872
154
54
642
970
648
344
84
857
239
922
58
652
400
57
448
799
352
675
140
706
482
636
767
850
127
902
430
938
342
398
213
886
102
577
586
187
415
267
191
990
513
991
617
808
533
224
150
394
400
530
147
899
789
230
195
403
225
897
628
363
906
872
212
300
337
601
169
152
407
49
237
952
108
182
272
99
370
648
48
488
192
785
155
753
427
413
357
204
542
152
333
255
594
323
601
158
376
507
298
196
819
14
747
52
220
378
875
251
301
364
394
381
542
450
287
968
998
430
296
32
233
703
459
704
840
541
473
218
335
441
435
475
607
383
836
190
748
225
174
363
105
657
768
412
126
802
797
660
836
827
200
388
503
474
443
932
586
745
487
34
425
144
334
922
303
711
380
426
24
133
44
888
881
258
191
602
876
581
71
370
887
563
313
500
739
301
761
317
939
332
568
27
475
932
480
883
655
770
832
819
165
531
754
700
739
211
802
731
450
727
410
612
509
807
816
979
522
811
561
313
158
361
670
192
680
633
660
36
747
621
451
125
855
135
68
836
530
377
301
186
839
404
873
24
832
805
624
246
880
946
582
820
601
77
463
974
396
922
896
927
240
235
889
582
977
110
494
197
161
543
365
196
613
615
546
993
574
193
157
545
824
221
189
496
95
875
414
769
260
501
734
386
200
145
950
135
344
954
260
986
902
10
580
716
496
54
167
883
233
662
140
79
766
983
746
426
684
375
88
716
828
244
251
728
832
346
535
711
383
871
377
583
500
821
969
223
533
595
293
42
143
384
664
37
767
469
993
71
931
814
864
68
727
29
139
366
372
282
575
384
739
35
306
560
55
724
117
641
200
916
7
810
683
540
525
791
238
852
173
682
114
355
962
13
906
474
834
326
528
86
42
479
719
217
891
73
411
356
86
230
428
275
219
256
809
845
639
632
888
382
516
134
268
34
610
666
280
585
619
62
456
250
652
632
840
501
896
879
835
504
407
369
93
13
27
614
804
239
323
981
305
880
56
41
69
792
924
520
830
492
955
872
25
680
50
70
145
642
572
357
333
317
836
951
712
46
636
106
530
575
596
890
76
262
870
687
569
601
989
355
392
984
302
322
37
822
279
270
567
750
309
46
596
686
33
499
601
594
914
751
358
56
110
906
718
228
945
666
116
104
185
310
248
769
464
215
97
344
680
68
541
499
237
24
420
592
291
66
651
261
553
673
196
791
397
586
26
174
871
872
242
225
882
830
533
243
316
619
138
129
479
147
832
430
400
126
577
974
893
152
699
587
764
588
256
687
742
125
589
911
754
827
863
472
222
542
201
457
872
451
290
765
274
744
556
427
940
973
855
84
284
400
84
304
520
189
446
517
724
937
130
429
607
609
263
970
776
644
280
1
670
345
367
57
868
22
876
630
780
471
34
847
50
615
635
712
737
822
730
564
683
880
142
402
370
229
982
483
716
346
511
854
99
795
275
552
986
315
676
531
443
10
550
810
829
905
603
462
467
493
296
848
152
606
276
44
46
899
192
166
95
180
922
323
450
444
972
335
879
976
665
502
318
16
40
345
968
202
321
816
49
677
284
286
78
208
505
941
777
647
329
15
923
127
668
310
369
608
364
184
455
220
863
747
640
431
810
905
464
501
104
304
257
754
842
665
737
162
448
458
77
686
806
930
143
431
273
833
642
235
273
706
358
801
465
150
743
378
953
61
656
478
933
403
581
848
982
22
254
96
878
663
607
19
737
700
724
224
447
761
482
33
989
823
809
444
387
194
205
157
89
306
844
179
731
430
458
748
764
367
863
93
462
761
755
337
343
969
144
741
927
634
333
630
542
835
563
712
891
21
383
733
990
395
368
486
71
499
507
416
224
875
322
526
965
569
324
494
68
700
934
683
151
337
942
607
503
546
168
267
938
257
785
836
485
285
257
259
13
135
78
754
94
820
763
958
983
934
703
629
373
217
418
109
539
31
355
615
907
713
636
678
823
507
879
32
408
75
930
200
592
54
85
725
562
110
100
98
911
51
952
227
188
333
472
905
766
243
238
666
720
692
524
872
43
576
284
340
668
841
991
431
628
819
397
309
657
501
835
118
377
612
835
50
158
811
5
112
493
624
836
100
705
333
75
715
933
330
509
60
62
180
908
628
238
988
50
710
949
582
995
557
498
220
196
783
432
919
92
25
779
202
960
185
194
155
69
460
646
542
774
860
904
527
782
533
314
588
231
980
307
389
937
60
430
385
742
311
292
262
554
86
69
148
904
581
910
271
31
870
661
960
971
176
64
247
112
340
651
606
930
363
432
253
288
287
672
613
174
405
48
995
185
548
103
268
502
309
395
255
548
790
356
468
304
821
808
255
950
309
861
184
701
296
142
226
284
66
501
845
128
885
998
547
767
110
340
340
655
707
76
239
304
808
975
365
880
789
406
355
645
845
470
332
917
886
874
736
305
960
208
46
536
59
660
33
280
201
424
34
999
661
53
569
463
415
435
257
984
446
484
0
320
72
495
303
261
937
617
172
211
189
821
18
377
932
884
162
878
777
104
768
145
518
770
140
470
264
580
427
484
91
200
817
819
546
871
541
763
213
773
290
823
503
114
142
553
466
772
369
967
337
247
275
963
162
455
673
904
399
45
102
328
312
516
435
642
686
47
171
241
542
932
661
552
864
128
222
570
603
422
34
622
999
907
111
479
894
744
742
49
103
34
95
583
833
182
441
738
937
494
123
68
456
208
889
67
332
366
14
169
217
648
802
983
76
773
976
882
700
425
39
870
725
648
979
510
570
929
103
526
999
509
913
104
80
383
867
922
113
838
977
761
666
821
52
423
191
203
466
975
154
310
967
402
357
251
636
65
0
16
930
146
83
803
187
1
553
835
742
931
145
540
21
216
442
512
404
905
418
817
208
196
179
691
954
33
490
22
759
716
790
297
637
91
650
682
20
866
886
106
38
626
216
149
100
936
819
735
855
601
17
610
504
435
147
516
29
831
641
734
16
355
519
975
845
372
703
894
47
816
525
255
488
513
916
76
164
638
746
437
945
460
266
459
925
665
14
37
707
185
190
6
347
449
945
238
645
833
735
900
538
423
42
605
143
6
751
694
431
350
836
670
780
732
751
431
898
426
616
755
904
250
836
546
564
475
536
178
953
702
766
976
455
51
311
586
184
860
869
679
75
883
948
774
462
343
772
139
364
114
5
256
865
414
680
816
854
293
494
46
862
288
32
213
356
199
345
193
726
639
836
522
994
418
469
697
883
329
727
786
712
780
410
817
1
457
566
434
943
267
464
336
183
562
992
647
867
568
197
310
790
212
62
459
641
896
597
218
574
356
722
481
728
733
66
306
45
192
697
436
914
696
131
955
809
128
595
227
929
651
574
116
322
806
295
863
68
238
608
551
115
374
937
75
945
1
136
272
688
334
110
259
282
978
386
171
447
303
140
613
42
521
472
17
217
745
116
810
359
147
832
363
871
394
162
269
295
596
506
909
311
320
289
698
84
907
41
4
470
705
48
168
330
329
167
584
196
802
729
351
709
481
163
66
709
885
423
410
102
289
140
399
549
592
61
654
917
360
572
738
305
669
523
785
781
573
983
373
642
876
578
75
244
342
131
288
402
113
908
687
34
486
240
176
766
836
807
498
935
580
239
121
124
564
712
547
615
323
717
828
932
995
498
553
647
260
702
441
881
508
518
776
910
69
571
981
495
87
298
931
455
381
406
557
132
948
468
467
163
93
75
393
784
531
286
542
305
976
287
938
598
98
1
880
896
883
58
323
243
438
275
109
625
653
182
762
500
512
771
636
527
791
183
136
993
201
673
365
440
85
698
909
502
21
185
875
10
891
360
180
974
860
582
555
289
145
442
525
200
316
473
283
757
495
860
637
692
280
201
347
630
864
987
943
172
291
441
902
786
323
841
830
549
325
391
458
514
605
46
576
133
716
873
131
451
175
150
148
140
380
847
427
736
614
151
68
517
399
782
709
610
141
697
147
76
509
705
933
482
428
734
216
966
925
967
889
219
612
33
905
494
777
786
586
626
936
961
64
276
694
3
923
199
558
716
681
741
681
473
80
924
971
806
809
696
138
769
336
346
314
273
64
461
724
556
340
16
781
308
487
437
82
758
61
590
410
127
315
207
764
794
712
219
830
130
215
734
607
409
77
436
565
675
901
413
72
882
395
694
176
734
190
221
321
617
646
609
388
852
644
251
402
401
465
157
81
343
855
773
505
147
652
61
128
657
116
667
529
263
846
616
316
58
863
400
631
64
899
629
377
969
242
967
87
754
990
700
432
135
355
64
139
277
960
65
840
481
866
642
524
800
239
994
646
957
359
464
726
944
871
278
998
625
984
278
752
521
476
197
334
400
832
771
33
689
397
204
505
422
249
303
516
905
578
648
754
881
683
667
756
21
575
599
956
528
26
469
608
745
542
524
769
557
107
259
880
523
600
978
511
556
710
829
341
374
813
181
555
979
237
853
780
994
614
118
258
346
379
391
507
567
281
205
875
106
198
579
706
777
605
982
270
72
765
160
171
514
473
663
479
360
619
921
914
93
809
54
811
339
433
569
662
982
857
116
664
68
407
8
509
157
967
30
729
948
771
829
563
282
156
704
104
651
903
379
19
415
379
682
650
960
647
94
956
43
600
629
934
813
320
485
989
787
835
84
541
774
186
311
248
473
634
173
507
312
775
936
50
687
65
903
564
500
321
362
545
858
781
820
439
563
519
286
380
513
148
446
710
24
472
371
478
812
734
67
484
779
557
659
603
983
807
602
629
891
539
306
345
270
754
636
88
792
798
768
168
104
734
510
712
552
719
460
522
263
221
308
702
473
87
696
67
460
360
677
144
553
297
706
233
156
139
963
453
194
683
878
892
311
127
945
518
593
196
278
191
477
74
5
734
44
783
508
133
537
472
645
779
506
399
108
468
936
85
755
722
252
568
501
597
160
328
923
501
96
292
686
929
411
194
450
848
506
507
250
749
827
756
670
576
178
481
774
606
53
204
370
194
315
803
808
317
160
416
712
762
991
889
311
44
893
968
462
384
989
430
839
487
774
304
980
356
605
323
932
340
728
243
314
459
801
399
555
266
107
161
548
406
124
497
326
741
894
969
71
818
459
579
646
408
557
407
787
386
960
769
704
289
213
783
544
759
331
623
275
296
28
63
347
16
785
695
862
831
867
640
352
425
815
48
228
523
61
965
463
504
950
343
945
497
599
19
720
802
46
873
875
465
384
999
809
818
724
798
947
822
968
394
548
986
598
336
260
628
402
520
459
688
955
825
496
456
499
867
822
946
69
240
968
539
274
516
953
937
928
380
26
631
808
123
705
369
82
246
522
271
167
41
133
791
275
819
715
259
629
157
726
337
884
304
69
881
327
859
345
705
193
708
351
445
96
934
465
522
737
216
907
385
513
518
367
945
226
985
14
501
248
842
324
324
559
101
878
744
3
640
971
454
44
505
420
844
692
895
201
513
789
657
234
869
140
947
807
489
996
800
660
498
817
665
420
359
458
890
208
434
394
182
180
908
139
761
719
608
959
707
958
217
548
677
460
671
251
651
127
637
942
554
9
958
620
715
169
150
874
45
678
581
215
161
89
166
812
967
372
670
534
86
554
463
201
112
731
636
859
939
860
231
699
772
642
374
364
559
481
85
850
569
133
852
759
382
452
937
610
815
390
329
148
907
786
767
777
638
262
87
72
807
538
908
87
994
818
701
638
855
774
255
685
370
824
84
981
625
898
657
912
748
25
445
591
990
506
525
694
787
399
476
557
850
405
576
422
961
597
984
45
591
942
161
337
884
132
32
310
205
567
505
261
604
938
894
705
365
965
260
310
915
330
935
919
56
857
590
28
403
40
41
255
876
779
199
681
211
996
348
830
143
631
71
994
234
948
409
6
393
41
105
515
850
59
77
730
622
26
492
509
14
903
270
262
465
210
756
674
715
124
844
776
690
405
149
364
570
67
273
43
680
257
448
571
844
999
49
177
295
108
492
406
708
764
394
678
19
871
870
246
320
377
557
986
931
695
896
200
784
60
515
132
966
208
573
105
429
906
544
777
224
946
282
833
899
822
442
940
798
414
487
227
326
814
154
837
165
840
820
505
480
875
489
613
78
620
652
177
945
191
708
941
261
474
484
932
541
886
913
316
269
947
164
403
922
31
511
688
645
531
364
202
278
122
17
57
413
207
136
327
844
42
67
963
953
942
357
466
880
810
467
762
508
602
793
260
270
49
912
725
926
629
798
705
782
912
262
589
63
878
150
40
906
992
232
853
49
307
672
639
798
285
620
817
680
294
225
617
775
895
714
200
629
619
820
554
108
134
813
396
286
685
282
318
640
756
31
711
576
222
682
727
349
732
553
590
549
853
577
422
201
742
408
975
757
951
402
303
812
866
856
411
929
408
728
903
536
634
781
430
250
825
358
263
631
786
221
892
198
42
782
616
96
33
135
956
483
918
534
950
954
999
149
646
418
3
779
190
399
719
565
742
109
625
618
977
810
932
228
464
120
656
113
441
369
165
721
92
843
228
435
545
211
562
544
417
765
922
777
31
513
310
771
139
2
346
280
427
649
509
114
238
46
812
265
719
798
157
172
850
136
53
252
54
953
454
195
503
503
649
940
54
899
196
468
304
783
272
253
896
535
385
644
506
685
603
560
733
604
637
147
123
350
133
6
48
305
168
332
733
380
220
720
104
519
732
555
602
944
278
453
332
970
245
269
71
368
647
436
375
288
2
483
394
530
407
181
939
239
147
166
94
63
734
443
551
691
362
588
76
353
586
60
99
541
244
777
545
900
477
695
737
172
647
295
501
576
185
804
811
464
203
550
439
476
21
295
137
569
955
899
27
388
607
285
522
660
339
877
38
260
537
509
127
238
25
883
894
931
6
416
733
646
445
127
308
145
587
777
457
950
338
573
875
176
528
758
539
955
461
964
744
861
534
900
237
48
771
571
497
56
393
158
907
838
388
693
992
111
725
93
259
855
172
957
359
215
571
545
452
550
590
586
172
419
114
662
568
96
305
939
476
786
79
407
531
773
101
940
664
164
608
295
923
367
92
719
85
461
330
146
296
816
563
515
101
505
64
720
171
944
560
48
185
477
157
418
616
5
475
0
560
988
422
75
45
905
711
160
582
511
330
943
379
551
15
36
568
347
363
38
130
438
419
349
92
95
13
794
574
156
770
542
819
82
556
364
614
515
832
658
889
417
663
738
561
30
991
840
249
326
841
732
585
356
343
591
770
617
604
554
585
124
455
665
622
795
230
231
881
767
411
659
584
478
653
633
102
953
462
27
627
590
244
373
324
656
111
465
375
858
438
511
390
811
854
774
149
770
471
712
881
91
549
623
527
610
848
469
199
284
512
178
379
14
866
567
215
821
583
487
679
836
911
357
199
755
441
879
427
620
77
922
356
826
281
512
340
818
572
669
678
907
898
712
557
114
821
180
839
430
340
85
405
619
467
695
978
690
950
418
893
13
435
995
909
887
827
956
1
466
437
804
145
475
624
545
324
288
586
257
567
729
449
751
358
780
109
507
618
954
233
739
63
872
220
773
865
160
808
887
955
5
486
629
635
958
316
401
677
961
301
601
418
649
891
514
149
738
499
667
947
233
765
916
100
345
366
965
178
608
564
963
445
688
709
325
960
153
492
349
604
707
218
137
14
58
517
881
944
706
935
956
153
394
22
243
849
53
843
479
878
355
145
366
724
790
644
896
268
888
28
528
804
802
508
310
487
943
483
529
112
704
279
9
112
56
89
579
58
583
960
974
727
133
653
779
476
172
81
17
996
127
591
806
978
393
89
18
63
174
50
36
188
415
461
872
893
153
193
785
530
972
106
768
603
161
540
686
944
757
478
454
330
187
801
979
786
821
988
593
739
898
557
904
430
931
286
675
458
384
882
423
710
488
667
559
797
637
481
860
981
126
664
217
68
86
351
732
671
249
488
257
976
927
473
321
3
985
470
439
661
257
201
379
138
342
216
848
794
596
344
920
446
602
907
999
37
69
92
180
654
394
651
428
649
1
913
913
454
661
561
592
673
208
81
912
505
819
684
118
916
146
782
974
585
990
259
588
505
317
84
784
450
212
479
703
154
628
290
438
100
298
563
90
2
584
791
219
64
754
61
543
984
427
270
682
344
862
92
963
804
712
132
306
