74
340
830
961
748
56
429
387
824
825
303
457
3
751
788
241
204
39
442
489
683
264
292
765
269
473
320
61
900
942
919
381
563
173
605
82
904
985
472
526
722
699
877
233
929
167
854
244
220
418
55
498
966
446
720
190
682
95
133
571
958
557
105
836
4
311
386
289
42
648
37
930
691
129
66
851
119
923
114
196
997
895
109
292
353
155
768
738
553
171
715
23
561
458
377
227
990
740
944
442
552
314
97
699
896
96
449
357
585
222
998
711
483
241
301
322
666
406
48
220
765
394
205
724
722
313
505
5
223
705
901
698
732
874
150
676
629
396
648
123
555
901
381
438
241
110
630
392
899
784
748
58
603
376
17
975
182
309
920
807
851
122
875
571
660
588
818
386
61
977
321
887
729
307
547
320
451
480
947
850
834
39
1
726
470
233
929
754
87
586
591
549
750
803
910
3
938
29
329
73
276
939
633
486
7
324
444
271
814
292
367
213
810
735
426
908
451
817
250
122
819
188
356
874
802
959
732
117
124
248
205
909
983
926
99
853
345
477
245
911
422
510
815
579
958
731
587
857
701
364
103
340
797
953
154
611
358
276
863
981
405
145
908
953
930
182
589
239
379
641
833
86
14
962
951
426
196
199
977
121
681
310
429
347
728
914
829
172
204
92
341
304
65
5
842
689
520
886
665
824
401
781
485
886
907
20
586
485
911
183
983
872
627
170
57
963
194
765
425
536
552
861
176
536
907
176
497
555
430
564
252
900
175
292
307
299
712
816
598
56
283
568
425
729
46
422
893
448
430
661
931
956
599
641
172
915
113
788
207
153
311
882
754
31
513
75
265
178
378
370
805
55
132
886
147
777
510
964
837
782
687
839
406
948
501
774
143
259
110
160
903
407
368
246
567
141
804
100
923
367
316
774
220
790
749
476
826
947
640
881
999
602
91
878
135
411
813
222
419
950
6
469
485
699
740
762
862
875
538
582
235
854
203
752
798
882
76
894
57
836
400
82
909
967
589
182
288
574
51
742
469
423
557
585
270
287
448
427
228
700
792
170
471
898
810
883
561
149
284
265
492
72
161
177
524
24
825
700
727
641
364
906
217
490
751
575
621
127
159
797
597
523
706
295
418
552
326
188
271
461
929
880
200
43
375
355
520
803
922
156
256
687
436
414
3
772
704
436
662
569
926
524
309
886
973
158
128
436
242
320
781
677
751
207
295
768
904
140
541
659
542
336
661
261
982
205
302
119
636
139
709
86
616
436
351
593
211
5
782
849
323
113
343
17
634
979
928
259
765
736
574
853
736
726
28
806
647
213
792
281
919
673
487
309
738
17
33
270
170
751
663
564
477
932
769
933
678
743
532
898
84
314
392
19
132
306
664
568
786
561
411
21
333
753
119
24
16
839
589
34
700
529
439
288
259
189
670
182
375
608
369
351
217
888
415
179
622
47
301
21
836
108
587
775
506
103
905
180
765
153
112
362
207
6
907
347
617
64
547
566
897
929
641
639
719
125
935
639
730
409
24
545
792
444
350
819
970
72
114
813
669
213
285
769
685
267
37
918
860
473
956
531
80
303
419
205
443
340
227
733
668
349
412
865
459
107
838
213
881
39
669
22
893
621
458
531
772
355
843
664
992
516
117
424
745
149
192
430
529
954
153
152
480
30
413
377
216
430
632
906
819
105
94
524
817
7
449
212
678
898
897
795
608
949
601
497
134
303
126
150
819
252
107
413
42
585
783
61
796
849
960
484
957
105
761
898
644
725
287
696
601
173
553
236
233
303
334
98
44
90
240
672
880
956
814
918
926
281
199
112
42
128
370
809
193
892
747
470
875
180
328
380
311
823
57
286
678
624
390
432
647
865
746
689
490
335
469
560
824
146
992
919
623
167
97
164
956
900
119
473
817
232
303
642
814
852
772
319
491
90
574
269
724
928
673
93
221
545
262
512
949
889
207
53
263
666
83
881
546
912
113
914
315
221
402
592
945
625
407
864
966
834
553
583
53
20
768
391
606
558
3
553
175
385
278
607
205
965
90
836
568
689
334
355
996
727
739
665
627
898
717
960
104
421
549
368
567
777
155
972
201
386
601
591
331
759
387
657
269
500
419
10
608
701
616
993
793
242
935
753
426
42
850
825
96
221
748
446
551
66
679
560
257
185
12
126
117
214
729
438
900
842
185
29
176
296
902
535
205
985
305
116
513
525
466
928
576
271
275
805
119
747
942
38
570
414
959
202
818
386
813
691
862
429
82
723
362
677
897
787
557
874
215
471
116
303
202
256
620
855
182
567
173
848
574
947
473
951
24
840
404
336
25
844
870
855
944
303
411
912
807
206
404
95
763
692
87
989
612
678
417
569
584
745
851
926
651
163
242
590
849
474
968
947
523
661
521
581
80
317
240
574
963
119
343
78
450
273
414
227
647
990
314
984
527
896
703
729
399
489
984
632
423
174
419
80
447
545
562
724
829
65
691
818
593
488
914
361
992
225
740
196
116
163
604
218
157
519
947
859
952
434
904
506
309
455
927
186
343
492
646
198
589
951
690
448
365
510
664
973
184
496
423
972
641
282
683
801
111
938
269
339
25
953
805
694
881
521
458
861
737
460
296
248
826
540
944
365
420
308
733
302
736
18
58
608
833
327
594
979
856
925
295
402
407
676
548
313
685
568
102
622
848
27
893
86
561
898
488
349
65
799
526
824
498
83
897
827
360
701
541
194
358
932
199
718
372
797
464
735
462
809
921
672
345
533
816
803
318
647
728
226
609
659
847
975
555
56
272
441
898
89
305
836
347
403
744
731
798
344
430
692
296
38
517
728
62
992
534
749
765
350
427
82
22
219
603
935
822
539
19
679
372
631
402
99
212
359
917
12
961
634
361
612
527
557
656
593
109
286
162
935
769
203
436
497
926
652
254
204
745
754
503
232
321
314
315
996
141
930
972
965
31
279
310
714
94
113
316
199
9
259
489
500
327
659
969
418
404
842
662
625
558
256
342
569
206
631
769
779
641
762
384
314
206
683
577
764
418
846
383
287
271
109
934
914
131
272
533
473
605
248
620
724
354
865
93
317
597
562
311
972
854
10
165
705
641
665
181
396
751
16
236
604
66
294
398
467
193
264
244
323
300
291
318
135
305
345
928
504
252
62
754
947
998
670
926
195
148
646
998
400
489
379
214
43
390
586
749
620
461
597
337
931
453
543
16
888
687
237
267
575
127
992
461
923
614
635
817
886
220
13
497
866
603
996
635
295
95
343
70
938
546
997
930
342
636
495
350
833
767
87
467
22
808
732
549
570
937
947
393
125
868
923
658
703
554
981
494
205
530
671
325
519
685
371
682
23
397
616
450
631
846
245
698
327
5
941
989
154
605
916
882
381
160
652
324
555
803
100
795
824
330
950
544
432
682
355
837
362
885
686
507
646
104
994
941
232
153
232
162
465
660
945
512
177
445
844
739
603
207
244
198
924
595
825
64
769
101
842
223
436
424
940
731
114
953
138
280
309
968
297
775
929
243
462
991
677
86
774
37
544
85
457
418
918
978
380
307
629
17
866
796
816
48
975
358
743
604
617
328
265
119
819
121
39
358
215
163
518
551
287
35
689
39
791
653
121
97
787
13
618
667
665
328
467
883
811
873
697
327
531
935
744
601
195
756
496
841
128
240
472
180
506
699
113
859
115
810
185
630
249
833
563
839
778
231
272
532
123
39
140
324
253
979
23
586
276
627
894
815
949
26
989
418
332
369
868
131
399
413
115
669
715
916
747
977
577
749
947
367
580
789
515
768
577
206
737
159
627
346
78
421
683
125
707
500
489
888
725
35
553
906
915
992
476
25
72
973
770
118
401
73
49
751
500
878
925
790
562
930
508
486
500
199
813
621
830
126
524
397
154
745
140
741
59
189
890
61
484
726
625
151
549
140
208
520
985
620
748
125
927
953
315
315
779
97
382
207
641
772
10
892
53
647
348
866
897
463
742
171
468
225
411
82
860
623
18
797
680
852
746
577
676
104
395
444
329
79
204
77
672
43
935
391
443
346
381
773
689
643
687
96
268
210
666
548
537
483
670
801
91
579
420
396
708
705
433
733
289
412
699
572
816
478
110
117
81
262
508
282
758
44
615
272
872
61
284
529
728
206
326
904
887
821
244
660
683
90
96
588
950
37
269
48
444
826
604
272
433
823
643
718
340
14
99
406
508
213
476
662
190
3
687
304
824
821
480
492
997
342
309
26
13
246
72
974
305
529
301
356
360
608
16
355
600
445
182
518
292
983
86
573
806
982
365
738
162
584
546
359
655
274
436
797
979
570
38
16
241
89
484
566
970
974
182
542
525
262
534
101
996
87
662
883
733
155
363
605
297
747
792
547
989
585
737
393
666
631
573
763
395
229
438
74
178
981
881
867
160
171
948
743
840
33
761
693
934
871
782
42
417
367
773
107
569
663
439
34
463
415
504
676
705
290
295
507
446
209
669
759
12
451
159
575
755
169
657
805
693
973
273
784
301
227
925
283
802
568
83
738
518
535
131
909
415
723
266
845
753
582
614
188
981
695
401
777
99
234
236
72
871
794
665
680
923
874
749
118
761
489
128
368
603
139
994
4
65
516
700
981
622
559
600
583
984
141
935
962
578
513
157
307
192
816
690
513
597
879
439
186
940
900
131
510
810
94
258
107
948
129
113
823
219
801
808
773
40
768
676
966
941
82
32
552
274
877
287
957
289
607
625
90
959
200
592
280
495
478
477
584
348
190
340
342
250
552
801
432
354
804
21
520
345
361
881
909
531
981
253
296
57
782
198
554
236
518
18
211
829
981
209
861
428
168
666
943
240
792
679
341
801
830
598
165
184
410
708
732
919
762
464
127
122
863
714
582
98
532
958
570
954
512
945
144
184
746
775
533
314
52
6
17
929
280
394
968
495
936
894
147
17
514
852
622
960
927
777
794
778
453
600
362
552
402
889
235
524
825
790
269
586
113
578
502
255
385
926
22
634
992
817
693
93
688
660
544
423
115
639
538
50
141
635
943
917
121
357
708
5
744
100
834
533
955
543
74
662
370
726
338
60
30
187
285
608
0
580
433
131
117
897
938
270
976
860
540
787
999
74
702
919
443
420
377
558
590
250
159
859
641
165
393
107
645
415
89
941
679
634
990
240
881
289
606
745
739
463
982
383
633
442
604
925
126
659
701
131
206
390
171
993
577
472
846
962
739
177
572
376
16
744
403
650
173
357
234
599
193
807
512
101
75
251
716
923
861
21
523
991
78
926
257
157
6
691
318
116
10
838
234
494
991
75
115
717
291
144
426
181
847
369
446
513
216
520
145
341
517
134
391
110
315
728
964
513
4
281
157
31
167
408
534
227
569
638
171
108
480
350
131
262
599
1
694
735
854
317
39
609
393
841
556
315
497
816
10
372
256
31
742
245
118
797
718
25
584
606
422
629
424
755
479
374
215
754
353
579
943
478
105
872
542
187
326
539
908
776
830
599
741
313
485
19
338
575
541
231
138
487
313
18
262
220
227
402
203
977
870
297
648
535
893
72
134
599
498
619
72
853
179
320
856
114
423
774
353
220
79
14
395
60
639
72
752
603
843
141
997
26
630
588
413
13
638
964
55
674
140
365
712
276
55
787
931
7
96
392
317
463
792
468
293
234
589
315
592
838
252
876
963
656
824
962
289
466
760
681
709
568
695
894
537
184
477
179
948
483
483
582
139
228
132
973
630
252
886
656
899
344
224
626
696
104
910
413
233
892
871
650
586
117
680
170
279
37
537
636
167
636
764
323
110
32
647
595
497
768
87
57
253
653
132
356
88
477
180
291
361
46
599
403
460
380
218
973
613
975
663
515
262
964
137
77
484
853
925
237
163
80
164
714
17
137
885
501
512
77
583
942
821
260
996
745
38
674
409
803
449
602
443
283
607
303
859
263
855
881
738
804
14
480
351
857
869
536
741
865
243
802
506
899
569
338
986
400
372
394
187
192
277
779
720
881
109
754
65
853
436
431
786
670
352
470
991
441
315
535
849
725
413
880
306
734
816
133
341
74
11
905
649
671
950
132
844
71
732
265
628
50
839
571
177
567
781
667
702
246
943
953
958
468
667
756
91
155
791
551
697
413
86
219
2
966
816
579
594
668
225
920
619
324
155
849
507
873
615
358
832
867
255
521
310
570
63
594
824
886
650
822
986
845
737
571
855
839
686
675
854
42
639
698
455
709
30
501
140
123
132
673
187
630
165
333
719
924
615
462
461
619
869
853
725
837
289
606
135
816
869
160
724
341
2
308
479
450
546
468
624
414
423
761
208
465
615
224
4
854
311
427
112
917
84
608
364
289
408
752
868
851
162
334
673
625
374
657
917
687
404
408
307
640
909
298
965
233
271
775
16
906
657
518
338
322
946
507
36
686
261
852
242
173
366
441
367
595
632
510
221
776
151
895
258
269
696
223
830
10
209
244
793
430
291
298
321
220
652
98
937
679
697
287
182
298
240
70
659
367
299
615
268
825
57
476
863
991
654
229
254
592
523
533
825
478
880
884
329
977
318
682
120
785
89
813
427
582
739
319
601
471
332
16
149
806
556
619
383
173
275
119
354
303
71
428
870
365
853
296
341
307
732
854
795
679
610
721
22
821
98
930
501
442
301
892
733
475
765
304
111
328
897
274
477
851
698
599
171
727
717
306
762
727
305
297
159
269
392
832
827
627
274
178
771
505
660
640
800
923
568
720
849
886
838
930
988
968
0
321
868
545
20
733
323
842
754
441
393
240
133
806
325
204
863
435
464
146
332
71
297
588
104
141
410
387
821
267
682
138
797
319
932
886
326
421
501
702
627
714
755
835
999
230
808
307
620
498
134
849
162
798
893
297
739
325
303
18
554
664
716
532
620
283
825
619
944
832
420
712
504
830
562
186
609
381
450
494
926
929
26
704
800
201
631
661
3
379
506
535
74
414
221
92
851
787
734
731
188
848
546
363
452
106
739
234
911
407
620
199
850
302
657
542
508
523
307
565
317
443
849
519
176
952
730
460
756
649
887
138
361
202
134
885
805
563
304
119
854
999
580
628
929
491
365
172
226
145
766
997
629
313
286
957
264
139
639
713
755
403
336
525
480
225
138
1
541
164
903
292
49
562
766
655
546
238
196
976
372
799
212
330
646
1
207
981
751
763
831
112
310
620
37
431
143
754
474
602
937
385
507
989
420
332
557
77
488
466
464
718
160
200
384
886
61
112
455
524
592
203
230
715
255
632
530
245
673
473
179
310
820
862
47
110
139
160
534
970
398
388
822
232
393
217
863
957
647
392
377
662
359
208
385
191
60
411
971
810
42
649
241
815
556
887
801
124
123
619
268
242
945
494
659
757
372
622
69
573
469
751
243
397
224
718
108
840
6
490
468
51
790
663
759
650
115
872
180
139
295
232
548
929
997
742
530
366
875
675
260
897
390
96
679
839
592
728
554
641
524
208
713
914
770
391
297
204
286
662
979
870
595
845
194
275
333
918
94
761
532
122
419
733
436
455
19
888
346
443
472
392
681
776
382
686
889
452
749
399
81
459
444
441
908
779
712
796
663
20
29
274
578
906
476
12
997
401
298
131
818
243
721
752
176
488
959
856
512
243
36
328
760
717
618
601
228
121
973
351
357
291
681
460
930
869
779
852
483
512
880
68
412
275
665
84
502
35
88
70
729
720
908
491
166
823
441
825
274
25
643
274
772
327
520
803
887
768
373
367
90
146
145
320
77
344
246
98
135
214
813
332
882
206
529
987
680
157
260
429
495
688
830
319
767
605
973
524
389
455
582
874
512
889
616
570
728
422
217
92
878
963
179
933
191
530
550
542
426
708
33
810
905
457
195
27
756
255
188
146
128
485
873
89
927
323
227
791
929
272
369
711
905
568
364
293
858
608
56
791
800
182
219
99
883
362
614
147
469
379
760
1
45
423
490
825
340
115
597
314
525
715
311
24
762
247
645
169
361
59
931
569
253
89
142
469
625
908
258
817
495
548
679
366
975
809
494
980
563
885
634
535
527
43
138
89
838
670
891
180
375
144
785
282
398
480
342
867
335
766
692
282
182
254
772
716
146
414
625
214
544
830
206
835
955
907
820
95
865
96
712
2
832
210
977
988
16
142
967
865
410
362
863
194
254
437
427
728
179
739
334
845
862
984
485
113
877
248
897
758
158
497
265
472
969
759
237
740
436
106
285
756
253
661
871
445
962
661
280
637
356
868
882
196
754
841
899
838
106
510
838
977
378
902
819
170
205
776
857
694
369
405
828
536
253
970
746
462
543
482
359
696
91
972
600
991
600
252
980
541
853
600
223
590
137
769
744
450
904
100
730
895
913
52
344
839
868
646
121
107
97
945
140
396
676
288
277
89
516
741
60
290
819
971
895
912
71
0
686
958
23
933
940
408
962
28
45
935
992
573
43
199
884
437
635
381
41
979
4
671
482
752
639
258
518
907
346
954
704
398
23
458
396
632
914
80
142
656
367
852
68
906
665
645
396
505
168
480
568
122
850
118
277
897
642
616
468
931
13
914
591
47
177
161
397
169
776
170
329
411
250
857
837
650
674
386
492
203
943
72
620
281
178
168
122
549
119
713
720
256
916
146
90
735
374
951
750
211
555
130
281
579
355
242
190
497
472
811
905
39
300
282
114
908
73
354
661
486
547
152
310
277
394
359
275
418
372
993
657
363
295
803
720
876
260
348
131
962
103
818
215
879
59
857
533
870
834
600
650
778
570
689
243
295
244
773
910
12
117
586
572
372
431
467
139
456
194
482
128
970
228
60
137
857
904
113
905
620
634
686
636
68
688
921
146
578
653
832
33
58
775
167
610
75
256
996
814
172
801
601
50
677
10
941
749
887
559
975
58
785
709
288
105
96
394
67
815
354
241
12
342
415
933
35
328
84
53
468
829
397
142
476
900
671
414
33
853
711
652
430
429
642
78
586
611
738
898
268
431
610
382
477
986
239
451
690
313
914
323
237
427
390
211
103
434
834
172
844
342
844
964
322
76
771
897
39
214
519
661
791
197
951
141
703
673
878
860
601
377
507
677
268
797
995
622
991
224
997
287
170
460
234
121
320
734
591
651
493
424
529
160
48
469
668
805
22
471
400
110
115
860
0
232
717
351
528
633
295
419
946
548
334
594
165
624
516
60
84
328
982
27
46
453
932
307
278
608
949
415
801
28
861
55
32
151
116
549
881
993
59
22
526
886
718
382
530
726
905
636
219
419
224
29
441
698
143
52
865
162
546
847
734
722
50
924
45
151
741
291
283
595
896
741
749
505
932
930
163
933
683
569
563
569
677
696
734
105
595
787
593
984
631
569
969
940
158
890
291
508
300
260
680
177
474
357
690
138
765
875
550
554
998
23
654
453
66
840
905
384
174
772
265
709
145
737
736
70
102
426
456
673
860
413
502
441
444
193
458
325
886
277
182
794
647
419
968
420
475
803
734
609
508
708
573
230
477
557
734
267
365
210
950
930
563
378
208
134
362
517
129
397
425
571
455
127
690
16
423
305
68
3
458
594
496
485
171
407
117
311
727
297
456
245
482
884
403
575
34
267
32
397
810
135
43
306
349
711
898
298
581
953
217
917
951
150
398
549
893
291
750
428
816
371
906
423
479
875
322
247
600
422
211
486
490
718
744
174
461
996
827
909
983
671
14
621
971
200
435
856
216
446
444
232
579
885
527
12
194
58
786
695
415
233
143
851
492
759
876
643
409
972
242
870
8
280
543
631
145
678
354
792
639
614
203
911
958
916
988
505
663
805
552
995
817
858
567
144
366
222
715
773
191
793
770
864
861
503
776
438
445
195
48
643
231
876
566
636
652
666
292
57
105
729
568
399
892
732
799
466
898
774
640
335
186
265
951
455
554
361
932
103
820
162
431
717
172
582
291
789
553
508
804
513
13
898
534
631
523
843
932
212
508
491
953
766
830
895
998
559
954
385
873
542
768
857
894
312
273
896
229
148
753
382
951
963
31
915
182
918
234
818
513
378
897
122
928
830
295
150
650
309
18
300
193
519
207
395
543
114
611
621
839
78
528
196
586
541
42
897
452
105
5
599
290
328
941
462
995
3
705
348
96
820
253
526
649
981
91
316
374
606
854
954
534
326
602
530
728
395
531
71
276
964
984
853
436
483
604
52
188
272
841
36
875
945
777
386
509
510
570
768
183
672
221
450
487
578
388
933
389
655
853
346
425
883
120
216
186
526
761
112
40
123
377
10
128
38
320
604
953
644
303
723
863
925
493
922
268
916
504
335
470
127
838
133
209
753
687
812
313
13
672
613
563
358
783
825
489
361
406
746
569
436
14
553
794
808
834
309
530
633
276
893
510
78
944
269
582
532
147
821
660
21
607
592
74
630
582
295
853
326
72
293
841
233
988
46
338
429
183
368
125
412
99
820
217
48
991
950
517
350
727
103
159
136
704
948
238
750
626
479
69
655
698
27
437
577
19
206
366
872
945
743
897
451
250
766
852
354
912
819
563
764
559
94
263
29
752
965
190
708
848
605
576
818
848
984
785
382
17
773
575
590
355
501
802
544
155
608
682
719
423
496
642
273
671
294
504
173
850
785
45
466
258
485
199
130
701
823
96
293
777
415
331
866
611
646
755
984
459
599
168
899
496
242
471
203
996
619
172
566
691
113
191
413
374
379
184
891
14
373
144
562
335
880
6
416
283
319
754
903
143
229
937
787
974
189
918
556
584
513
777
19
855
204
335
760
406
483
622
970
911
173
259
448
87
284
586
61
831
284
665
833
250
560
602
393
342
356
795
657
617
868
267
848
353
235
27
73
712
809
174
994
851
364
607
909
781
655
798
884
756
736
166
9
912
626
70
131
59
811
74
285
602
648
733
721
79
781
821
746
711
969
715
879
487
517
326
339
630
909
315
649
270
47
123
948
221
17
753
917
627
279
294
246
847
26
827
915
330
396
626
192
119
127
162
149
990
293
133
663
292
138
367
928
721
254
533
414
325
991
400
809
103
116
45
782
420
924
714
193
417
108
159
399
301
503
574
281
621
672
368
533
389
627
374
430
648
705
17
955
93
10
990
349
6
733
337
962
845
963
381
799
94
386
758
843
875
269
139
502
120
841
571
816
12
530
859
166
832
803
753
239
871
509
608
260
826
575
352
318
583
275
193
666
853
297
20
295
95
421
494
433
578
308
322
141
341
580
106
44
156
393
866
493
649
267
505
147
648
357
20
918
189
665
985
437
108
150
789
281
996
508
106
588
953
782
721
784
500
454
959
949
802
350
527
858
478
954
421
429
963
100
738
173
258
343
921
412
741
325
260
555
798
276
996
501
590
107
795
725
758
978
792
484
267
223
694
250
130
149
281
806
472
127
974
432
812
195
190
252
980
881
319
809
785
938
447
575
104
486
182
824
429
133
614
909
894
911
746
857
833
376
32
554
379
915
76
419
702
135
643
839
399
119
1
993
433
482
127
799
17
707
324
684
71
244
935
740
917
859
38
130
239
135
87
166
192
147
608
754
165
296
796
539
935
858
61
741
75
529
849
247
886
783
243
526
23
185
126
246
445
583
896
242
841
701
497
116
498
916
774
561
747
139
14
980
51
966
25
946
809
769
608
685
66
982
765
450
945
802
56
902
601
5
458
277
770
0
266
163
541
945
202
915
326
18
701
636
197
369
815
916
841
840
801
717
602
939
143
116
761
617
176
744
422
836
674
871
358
355
623
340
647
255
504
85
201
107
140
57
306
540
92
895
526
704
367
329
538
275
77
647
75
292
578
976
624
398
610
604
489
722
555
733
386
738
507
795
983
416
471
774
934
485
653
894
84
542
870
991
277
345
955
121
812
557
155
235
474
559
983
895
119
393
715
777
74
229
841
41
807
47
426
560
676
720
52
111
727
375
99
786
312
738
781
460
30
586
615
108
129
764
933
933
532
532
346
556
829
252
428
338
730
131
314
17
521
753
126
300
156
317
249
807
831
721
855
85
151
262
120
792
129
993
904
10
116
479
116
930
5
797
873
355
821
183
243
927
417
146
86
217
413
686
741
584
917
803
381
559
170
532
325
873
766
753
308
170
468
646
678
192
142
465
92
440
269
969
240
758
663
82
682
540
816
845
802
19
167
283
587
176
819
74
135
605
499
889
572
968
535
69
187
961
182
422
850
181
92
772
541
448
984
275
5
199
184
269
444
571
897
638
180
410
126
91
116
431
540
364
102
266
513
552
88
426
351
248
357
750
424
420
495
307
719
321
939
328
201
580
968
669
526
64
205
666
920
315
511
764
359
919
29
114
6
340
24
541
861
290
721
798
220
828
745
770
345
641
495
136
375
844
578
492
147
444
939
20
83
901
941
535
126
349
116
101
474
451
607
744
390
633
812
26
876
890
791
682
410
382
30
110
182
923
804
788
212
14
72
715
349
359
329
364
789
715
921
662
833
306
258
679
660
264
673
190
53
881
902
381
262
149
461
205
163
12
228
841
868
787
217
660
841
300
968
615
314
116
102
35
736
421
253
564
755
340
948
710
105
917
385
721
672
874
654
584
976
411
62
288
8
391
770
380
971
56
333
589
263
45
824
470
258
633
954
101
889
520
320
605
726
522
341
833
773
864
286
68
339
196
677
972
668
373
799
852
567
711
52
616
16
9
123
964
83
96
847
13
951
401
443
217
895
412
773
882
424
756
241
597
623
466
941
409
83
33
164
515
466
221
498
815
571
437
67
728
855
463
584
608
524
794
287
772
687
223
645
455
950
769
699
111
296
147
19
236
394
609
621
556
334
430
826
795
841
92
716
288
210
243
520
795
554
624
801
979
45
103
538
348
659
148
528
21
714
714
402
967
228
38
254
666
145
638
993
514
385
123
634
910
88
518
339
873
958
727
469
577
450
120
896
749
970
32
676
60
402
771
222
744
6
87
258
386
102
601
106
191
861
438
960
607
966
318
222
502
836
98
471
452
459
662
577
295
88
161
202
296
162
610
92
331
940
693
407
144
457
435
217
70
250
192
164
47
774
989
396
671
255
45
27
54
901
709
59
933
281
589
256
229
32
155
576
154
642
31
735
519
22
472
99
196
124
605
873
106
742
520
994
486
708
13
357
500
330
505
826
67
297
590
760
830
287
170
836
899
539
86
688
332
385
796
699
675
838
706
274
91
513
516
995
561
22
382
641
106
232
46
113
805
147
696
384
481
419
515
863
193
956
657
892
844
655
140
342
906
485
643
300
15
891
524
603
164
114
755
651
171
402
913
252
728
267
96
106
552
520
186
330
793
368
218
152
0
482
866
551
210
300
627
436
74
624
963
175
185
436
225
270
388
317
676
256
815
751
873
955
184
394
755
987
918
661
797
312
39
40
795
26
161
297
39
492
288
293
407
338
6
504
603
688
849
331
948
464
655
713
488
751
244
614
130
213
972
740
431
872
132
36
43
188
314
997
866
473
941
404
810
144
526
345
966
531
678
865
653
561
754
213
337
722
706
175
236
973
527
804
675
812
90
442
479
464
961
879
361
407
180
539
802
174
614
804
237
788
615
68
996
526
670
425
198
184
684
168
787
886
692
311
646
944
6
38
305
667
498
137
327
914
178
941
810
24
737
524
381
40
279
279
891
603
998
111
822
869
951
927
156
525
334
666
60
7
60
597
206
296
850
216
921
925
395
382
358
41
291
550
913
697
868
102
559
685
55
131
803
541
927
720
331
53
393
552
616
279
911
713
27
932
636
623
82
14
587
194
201
797
408
790
446
556
104
37
117
639
732
427
434
795
215
381
501
34
753
622
918
810
613
280
602
17
453
604
591
224
197
446
465
456
589
151
255
245
159
16
383
126
857
969
846
205
437
739
196
121
443
248
444
310
992
69
777
566
303
816
291
286
678
932
193
231
36
190
289
800
423
316
43
525
898
545
347
405
307
567
653
725
506
569
395
229
669
84
442
716
272
634
347
806
82
498
437
30
60
191
199
264
50
851
667
56
835
512
183
953
550
196
29
515
794
550
905
140
544
897
75
217
332
204
906
938
509
339
705
304
174
646
998
235
309
851
93
548
713
322
187
235
873
198
702
542
80
499
882
799
508
400
222
889
109
907
261
519
659
579
409
569
272
166
258
780
356
135
659
748
487
779
870
24
666
81
214
898
551
188
441
722
334
910
193
287
497
98
712
41
479
478
969
645
197
555
230
246
859
843
451
989
498
958
849
452
403
641
639
4
107
564
283
985
138
429
822
887
35
542
814
244
846
856
805
754
33
259
694
390
237
531
104
450
165
376
147
91
945
850
767
720
152
751
411
592
372
803
203
414
431
427
500
36
820
670
153
89
96
968
895
449
272
828
613
15
492
245
349
809
672
177
896
384
243
419
502
659
632
747
195
503
338
716
117
141
285
930
305
664
343
902
853
993
270
640
656
785
683
736
686
970
323
16
88
850
767
786
504
573
401
513
250
343
783
198
45
19
572
538
785
346
777
363
355
803
491
573
964
771
678
206
288
578
920
333
201
978
832
408
884
620
964
617
907
113
914
701
993
217
7
457
485
740
387
489
622
987
653
62
157
10
562
738
159
892
385
171
569
67
298
843
870
226
845
328
364
993
824
172
701
589
304
155
849
969
263
700
169
581
814
663
94
505
426
577
56
510
771
431
107
161
906
844
283
437
528
496
8
324
147
168
436
49
19
684
314
781
955
994
529
525
516
188
517
180
107
415
15
802
202
403
226
105
955
394
6
135
833
95
27
37
209
853
547
499
910
617
738
261
819
621
521
470
296
273
261
72
375
272
423
117
289
684
668
838
322
255
517
13
499
928
393
536
70
166
805
821
451
844
910
676
25
217
30
134
593
331
522
528
172
399
460
508
677
87
892
612
433
416
769
883
611
567
398
850
524
336
159
972
160
11
170
767
387
19
443
312
594
284
232
297
366
681
139
49
130
631
38
208
638
953
72
789
821
408
789
231
713
839
165
572
367
569
275
281
892
583
837
199
358
986
891
214
71
505
120
745
268
536
502
493
661
829
670
55
341
544
700
673
272
70
289
993
908
466
971
543
888
129
415
320
546
824
807
244
741
964
478
784
903
702
671
560
672
641
382
781
750
513
62
295
854
578
250
711
973
458
167
972
388
204
918
760
818
602
552
117
219
62
490
858
150
317
575
980
397
553
125
795
149
873
983
274
133
175
106
42
636
701
164
988
75
861
414
761
785
612
306
456
509
826
367
650
958
473
505
806
15
216
246
772
310
587
259
840
483
976
685
494
726
616
364
756
81
208
114
816
933
499
233
766
808
854
122
38
411
615
737
41
266
419
926
686
637
531
383
341
540
842
344
854
727
141
925
831
59
768
334
937
552
977
801
406
415
35
918
345
633
122
283
689
651
605
392
715
366
341
445
651
82
744
479
952
955
98
361
537
371
922
959
600
535
572
558
417
982
384
608
126
44
134
851
387
773
403
257
81
164
501
946
617
755
776
781
390
477
50
150
839
991
505
569
688
126
319
132
501
274
319
515
306
399
735
557
610
244
985
372
98
900
480
626
176
506
491
302
253
138
921
398
757
163
730
367
55
456
798
464
989
982
644
884
82
719
41
477
114
212
419
750
99
530
568
777
822
516
600
856
10
958
764
639
277
65
673
253
616
762
709
76
414
926
117
982
880
336
408
487
600
802
444
594
928
266
11
60
207
491
169
924
807
765
981
804
942
487
82
681
286
441
888
469
731
902
796
686
553
550
825
184
16
809
369
917
245
327
780
445
966
101
995
616
377
851
650
728
497
720
104
20
991
302
180
15
321
99
893
496
161
812
326
666
973
974
373
99
870
343
399
945
639
126
82
960
92
323
997
729
412
1
872
237
861
96
84
567
627
551
574
735
580
279
229
826
859
507
61
87
822
908
416
836
327
96
577
519
460
74
924
706
867
469
525
13
509
689
739
103
941
73
65
111
574
427
625
908
822
830
421
653
403
146
460
19
977
9
693
130
941
444
146
374
600
728
276
187
139
167
39
20
236
794
90
69
283
92
638
980
227
282
792
362
24
207
165
744
409
172
97
252
442
148
972
323
482
278
673
576
787
292
539
347
955
776
839
725
358
222
409
31
854
804
188
170
784
277
873
17
324
662
866
778
841
312
236
252
42
196
551
235
345
772
332
134
631
582
250
946
389
460
20
455
513
646
730
328
633
834
435
952
45
489
556
8
772
354
743
925
30
572
779
38
121
653
772
595
979
976
671
312
210
387
29
929
355
590
817
569
733
703
367
683
657
563
610
417
153
39
514
122
226
485
801
637
71
857
225
116
707
419
300
109
506
831
302
842
637
304
379
536
825
419
945
996
115
303
225
425
138
267
312
191
272
736
564
573
622
45
310
207
452
850
931
10
946
4
37
532
197
206
812
961
921
625
349
281
696
570
973
365
476
546
613
600
239
651
953
818
580
493
54
726
593
217
608
158
12
5
733
853
975
718
490
738
753
532
456
668
882
783
290
449
283
39
981
145
728
289
548
815
451
525
719
103
679
996
768
346
317
983
883
591
990
419
103
157
373
785
916
259
648
298
723
120
691
703
292
158
961
950
297
80
377
264
765
725
137
640
335
941
609
590
81
456
86
946
240
142
577
556
999
657
243
143
692
686
624
54
367
315
334
622
811
242
16
532
138
19
299
184
369
328
556
222
37
978
251
685
440
906
241
865
660
937
906
603
419
112
558
504
448
852
482
86
278
161
741
691
116
175
250
784
201
154
690
315
873
627
579
26
76
876
704
75
375
225
126
697
898
146
833
200
389
973
9
593
536
320
140
362
53
324
505
245
644
205
662
424
219
838
39
996
528
233
380
967
852
52
669
789
510
311
228
323
737
962
352
500
275
764
825
436
99
181
757
642
869
557
14
250
774
310
957
696
719
716
519
281
208
326
970
107
914
828
925
589
176
415
434
193
299
600
144
478
57
800
337
883
658
487
364
21
646
113
592
345
358
914
135
485
77
674
762
320
987
156
726
858
111
784
403
902
861
936
957
261
971
72
265
12
188
695
302
597
944
402
661
251
128
431
390
478
321
510
656
911
285
116
21
950
824
673
736
855
621
498
20
739
158
345
18
154
738
128
398
933
486
820
543
802
699
926
257
58
887
469
137
852
307
575
172
268
560
743
956
390
407
728
912
756
548
495
303
792
862
286
681
787
886
885
146
379
681
867
460
667
211
459
456
652
586
714
312
929
236
788
556
649
302
814
95
6
299
814
133
98
837
718
179
961
930
160
331
49
774
451
811
614
17
140
457
66
517
208
845
345
479
117
867
395
815
441
451
11
949
186
199
300
106
884
809
796
448
881
638
960
663
290
650
278
6
68
433
170
834
454
295
312
653
175
854
528
390
36
498
904
496
951
786
987
466
139
908
607
420
204
645
333
816
211
509
969
108
919
131
521
3
487
346
722
634
924
319
733
702
172
654
633
775
241
744
154
849
272
547
312
328
660
86
962
981
587
808
881
113
561
220
25
620
704
858
146
611
425
37
941
876
332
68
18
295
764
600
894
771
342
881
57
593
831
253
933
513
477
550
819
152
78
423
720
139
37
907
565
650
819
586
268
907
73
688
886
786
356
67
121
211
706
450
983
4
632
861
474
769
374
997
387
541
642
0
850
585
465
96
727
757
260
410
543
713
87
462
706
966
573
408
353
805
119
305
582
339
59
970
75
553
689
375
572
388
409
660
441
861
688
599
371
455
506
697
600
791
233
26
186
141
571
248
57
175
842
724
57
772
364
65
126
220
787
121
284
537
839
406
595
81
135
874
311
931
799
420
341
572
364
352
890
493
858
369
814
323
6
733
525
274
279
373
678
783
351
88
629
521
744
115
619
146
890
415
21
992
409
438
146
90
707
571
117
201
390
774
347
6
392
185
750
746
505
403
136
429
354
926
668
382
185
270
470
820
844
760
626
751
931
580
993
334
506
481
337
950
540
836
772
579
931
517
240
910
876
182
855
987
8
328
276
142
612
91
502
106
362
242
154
141
664
377
648
515
166
517
992
758
406
94
605
575
988
995
119
467
629
490
423
453
372
258
355
796
214
103
953
361
39
113
944
567
870
186
306
135
595
42
215
6
353
353
43
294
647
360
710
14
640
260
316
519
778
872
443
476
44
629
714
940
272
585
754
256
208
794
492
843
516
885
505
547
482
80
353
123
607
544
547
386
873
671
419
516
487
893
33
554
48
378
262
288
696
902
882
228
297
525
121
158
814
778
316
784
787
343
131
635
848
190
144
603
804
712
511
544
694
327
473
331
647
65
288
857
12
548
941
903
351
240
277
98
364
918
362
305
849
811
837
354
551
608
145
293
182
970
900
593
13
217
143
833
454
719
188
467
327
262
942
565
389
366
988
28
731
19
80
130
153
527
620
651
728
353
236
716
689
761
798
913
821
854
406
906
591
319
494
905
366
842
83
282
639
532
419
351
759
142
162
863
637
216
235
315
166
116
67
973
890
378
490
557
332
276
723
593
400
469
683
152
716
26
790
275
889
581
820
72
139
602
939
109
291
545
14
133
30
839
123
50
910
376
59
168
822
501
522
626
499
517
702
11
590
892
172
90
246
189
142
787
891
173
144
678
325
30
2
375
235
772
728
465
559
928
853
175
334
934
951
745
942
949
635
959
160
682
673
877
852
921
450
75
860
202
870
992
465
492
658
819
665
64
934
445
147
269
805
646
441
283
501
178
611
166
791
344
869
313
648
111
478
308
254
29
601
372
550
46
449
910
434
925
870
704
593
242
436
211
430
784
290
752
810
714
360
606
572
857
617
909
815
828
952
59
453
885
823
257
559
628
243
721
102
426
651
278
916
100
879
47
852
258
950
401
440
763
207
648
424
471
217
250
304
257
766
769
371
30
906
819
652
806
290
216
363
238
439
503
332
296
353
572
99
408
576
74
972
779
870
745
207
70
481
364
368
952
44
299
180
581
285
288
840
961
457
495
500
149
548
750
645
536
629
39
312
469
509
551
537
661
240
108
347
657
412
975
691
335
158
931
757
518
85
34
824
143
990
3
781
234
574
105
26
434
126
803
390
958
320
915
125
165
416
798
426
77
902
799
924
80
352
32
761
908
373
598
976
870
428
727
795
346
274
123
553
633
866
324
793
255
86
500
642
303
876
890
480
86
69
696
792
913
551
779
429
116
385
184
107
353
830
632
417
568
331
712
796
953
163
215
430
939
187
284
733
448
487
988
199
399
738
965
51
253
749
570
307
970
599
356
271
812
394
753
939
266
318
67
496
62
839
919
807
495
994
689
297
18
421
945
685
685
691
444
905
913
775
681
873
561
120
37
510
523
411
526
477
929
671
377
584
348
153
105
514
655
367
653
948
931
266
316
853
532
996
911
926
591
873
243
739
190
115
233
181
890
397
132
668
324
377
47
754
560
845
800
907
518
927
925
280
982
273
337
747
879
41
243
485
293
527
356
627
53
657
883
631
774
212
662
755
893
384
167
912
516
142
1
940
849
782
285
82
879
864
453
452
443
12
356
987
965
942
289
815
73
161
254
450
673
404
417
430
889
849
566
591
830
634
559
155
316
383
809
414
378
618
476
611
180
540
527
964
821
576
221
114
239
397
712
904
521
897
560
250
395
512
216
539
345
348
6
748
794
542
997
104
956
467
961
844
685
19
574
860
992
874
132
784
99
737
315
990
385
255
720
746
440
136
105
616
585
512
491
145
264
225
13
931
879
727
904
179
579
933
589
959
994
457
179
398
96
474
612
984
781
938
835
282
172
742
469
577
682
410
465
80
585
385
308
581
337
330
541
269
474
143
474
72
344
447
862
999
955
875
152
306
545
670
952
254
827
69
840
811
793
214
836
52
51
812
712
168
685
656
653
85
445
108
16
668
220
970
383
903
143
969
833
463
258
263
368
515
296
890
157
498
160
728
945
49
871
550
324
296
31
749
140
231
569
209
75
95
748
188
508
627
553
952
388
436
690
17
922
956
599
88
50
242
669
588
692
660
92
562
803
339
771
134
453
960
258
226
366
908
211
939
905
693
389
787
644
845
991
944
735
725
494
996
361
366
931
542
615
624
380
797
58
483
461
885
484
931
179
506
406
57
533
593
873
92
495
318
327
558
596
88
397
82
799
89
16
740
214
834
424
649
820
491
214
469
458
79
365
732
569
886
480
280
102
884
376
905
426
982
528
82
45
317
903
0
807
460
73
558
314
444
699
611
303
110
145
797
964
256
837
959
367
761
102
550
506
718
515
425
907
439
826
807
654
508
82
754
57
424
9
545
676
768
59
203
627
893
184
695
833
260
416
425
210
855
933
487
318
661
429
961
845
876
323
615
91
255
81
148
490
18
820
984
470
282
492
132
705
778
391
487
844
744
129
557
134
438
889
758
268
404
403
421
29
458
317
999
681
867
745
139
22
630
606
761
262
294
219
715
680
825
106
312
497
398
52
815
895
583
166
217
106
254
160
831
919
148
422
194
34
701
941
554
496
815
963
878
815
792
883
722
842
735
252
839
692
851
878
540
0
889
944
202
619
97
248
453
231
807
744
982
876
367
129
229
765
305
799
524
133
677
281
511
692
552
683
144
458
588
58
223
838
341
171
694
691
296
856
10
728
126
208
45
898
878
994
169
89
89
494
895
108
735
896
221
985
415
570
766
325
939
796
972
500
418
211
632
990
607
51
570
175
190
114
532
992
775
555
120
847
851
595
42
528
651
900
497
558
552
892
639
699
342
25
287
127
857
387
382
224
33
822
658
71
466
74
807
387
244
641
952
260
722
804
427
213
54
386
221
919
913
566
245
575
15
948
973
355
313
633
10
86
340
484
788
549
127
372
529
581
947
599
669
196
339
603
68
696
466
637
999
247
443
669
301
605
724
850
529
580
804
975
713
763
563
929
759
829
153
276
280
652
166
17
521
874
913
662
122
900
76
58
19
643
308
59
610
753
383
62
567
789
734
946
519
138
586
202
300
114
59
661
270
874
851
276
650
939
368
343
928
437
465
604
235
431
160
341
202
351
566
85
59
42
788
775
263
505
789
82
433
233
409
885
136
973
868
219
875
202
438
747
76
71
203
983
181
583
122
279
879
564
907
626
258
521
978
88
15
372
984
998
649
662
360
22
633
616
319
547
129
573
60
526
824
854
64
376
36
326
407
493
406
210
892
497
559
852
611
458
657
781
423
537
568
460
876
358
895
944
63
383
870
541
505
564
177
206
394
202
85
576
994
315
867
743
299
671
167
912
75
161
978
377
278
47
59
832
32
591
108
471
247
619
552
857
143
377
979
188
751
2
82
611
664
925
546
358
494
599
516
480
247
16
917
221
713
781
956
486
992
478
53
787
885
972
715
923
890
153
826
659
513
11
305
265
21
350
334
203
504
341
964
425
587
965
672
460
204
478
841
193
130
415
542
918
468
629
241
864
359
440
409
983
886
442
157
502
108
636
364
2
293
494
434
519
930
387
549
866
27
791
46
686
703
990
938
958
351
91
24
964
913
713
453
564
49
977
923
792
17
633
576
88
696
205
891
5
489
845
681
539
530
203
846
993
333
127
583
894
532
473
659
994
493
834
306
686
933
159
910
681
793
315
286
127
31
767
786
984
843
113
360
163
110
87
420
277
608
662
719
994
6
243
439
47
455
549
660
721
744
277
146
477
215
948
858
797
309
647
979
308
325
97
894
614
657
606
335
359
203
287
255
511
1
662
430
254
250
775
630
753
29
330
227
945
400
849
375
93
54
210
98
236
378
386
366
361
80
52
912
795
899
205
971
287
313
821
502
236
698
573
966
275
623
367
142
289
464
998
714
163
502
411
372
957
975
177
805
143
943
142
725
228
868
230
390
224
50
629
378
101
340
361
614
426
92
610
526
321
650
935
967
147
49
590
491
867
823
56
199
163
163
223
849
303
40
108
973
52
128
393
455
100
380
16
770
826
559
198
727
692
691
56
858
706
955
648
838
657
335
44
88
380
782
963
472
663
214
533
860
321
343
702
128
487
5
318
584
247
572
168
302
183
462
709
622
554
480
148
774
980
979
377
427
355
973
487
511
698
120
379
47
338
971
959
993
447
4
815
986
877
471
67
77
646
984
873
824
281
924
511
265
455
853
898
662
989
285
342
393
666
642
739
242
972
760
48
558
227
868
558
590
721
972
980
890
244
604
994
580
282
155
596
970
608
372
493
787
39
720
437
442
739
705
609
24
761
154
822
828
861
266
441
62
181
367
653
297
222
231
506
182
809
449
911
885
497
442
237
791
99
404
767
79
18
489
649
926
535
741
12
286
634
929
755
46
655
884
685
196
447
620
703
74
658
650
325
535
278
51
773
733
679
259
449
378
995
429
431
112
40
397
262
624
21
742
463
140
602
719
750
897
540
320
699
467
505
346
585
762
108
189
523
739
86
979
134
338
866
249
519
498
434
598
233
647
947
4
474
242
346
228
4
628
481
654
147
70
883
533
400
597
735
273
761
147
460
766
266
848
530
666
868
488
968
780
936
437
472
840
905
21
987
327
715
895
802
955
532
511
970
480
789
433
619
685
68
