693
601
185
739
811
308
115
852
521
150
82
482
175
815
853
246
471
120
220
109
135
534
121
109
559
661
511
372
430
829
229
683
358
178
623
992
936
29
18
649
61
936
250
636
882
575
674
900
262
818
822
973
420
783
576
273
104
220
414
715
264
810
501
480
608
885
932
749
802
376
319
972
200
445
5
192
735
538
673
280
74
719
682
969
664
156
127
651
939
944
715
709
286
300
152
301
834
549
60
143
781
520
93
663
231
728
665
402
962
188
342
694
478
484
107
803
143
569
97
337
492
556
106
904
652
390
892
950
542
47
762
778
965
283
824
432
622
414
984
958
152
368
934
995
367
564
404
919
869
778
267
414
382
565
231
62
246
598
117
343
449
991
563
426
222
92
92
930
97
691
720
47
476
460
524
994
881
84
82
555
863
396
272
766
214
174
717
492
880
295
438
397
526
792
756
491
909
270
559
337
755
474
875
467
386
355
469
560
151
63
130
121
471
369
324
541
744
92
162
213
527
429
995
771
187
78
295
120
836
295
402
34
513
976
998
76
718
913
947
719
614
202
86
927
195
598
188
432
79
850
129
751
629
948
697
437
425
374
49
342
177
506
875
776
527
864
813
959
196
90
85
781
674
896
915
871
262
663
235
666
328
909
749
172
264
848
427
992
511
132
502
665
455
435
789
663
456
302
68
631
120
786
157
293
582
222
725
773
356
857
109
648
518
256
931
569
563
165
69
478
575
251
418
756
178
758
581
260
841
511
846
362
863
661
599
612
135
152
48
679
561
398
767
420
7
808
576
562
338
183
76
861
750
672
609
125
374
935
662
857
430
983
449
962
955
615
119
68
121
624
912
15
473
236
716
780
820
417
102
411
729
994
627
641
559
862
943
750
432
106
885
189
618
273
16
212
874
108
890
507
991
373
120
746
513
157
97
451
548
846
170
391
997
274
799
4
799
546
935
436
882
155
53
633
786
914
30
516
119
328
972
141
934
81
326
844
995
894
497
726
385
723
936
131
576
355
619
124
82
103
231
635
618
29
898
931
393
29
977
613
934
847
520
108
170
464
365
865
533
188
721
0
448
629
628
619
800
569
780
397
219
322
369
46
699
639
49
869
492
183
803
285
548
885
802
782
942
576
680
620
122
898
292
237
709
864
361
355
768
944
885
601
159
822
203
819
705
650
109
54
423
635
201
222
771
655
254
478
847
26
956
474
854
371
446
33
139
295
741
342
828
245
114
398
818
480
375
636
272
515
842
591
38
126
863
429
529
367
274
785
744
788
950
31
149
101
972
33
647
774
587
466
376
754
16
407
872
227
730
517
525
342
61
286
812
604
961
846
913
914
751
609
302
674
472
39
668
858
833
815
996
859
798
297
96
420
418
624
628
36
968
284
42
807
506
734
726
408
27
92
998
972
883
124
645
927
871
686
966
840
754
194
927
335
292
864
929
855
60
702
26
855
61
548
21
98
651
515
791
878
929
196
487
722
369
726
465
200
367
575
494
218
714
107
20
185
239
866
534
456
51
396
256
911
957
16
969
11
751
66
644
715
895
498
917
990
702
777
941
640
292
335
570
235
109
744
294
738
508
781
370
97
155
710
144
856
172
565
354
967
335
278
377
635
873
666
5
717
29
723
534
772
17
850
333
953
400
204
667
345
871
355
627
991
438
784
38
615
854
791
268
288
177
259
249
257
642
648
500
28
218
151
767
727
548
940
859
759
198
35
732
879
468
417
229
895
51
831
535
88
366
865
915
995
545
933
826
641
24
199
100
605
90
353
757
566
560
144
81
417
436
722
760
523
815
819
226
123
467
294
863
614
178
872
355
860
673
41
101
224
317
884
715
46
848
542
212
468
936
827
153
419
901
340
953
87
884
116
567
273
924
114
114
518
916
561
17
88
776
978
705
826
358
299
428
217
89
25
584
494
161
569
689
801
333
757
444
199
783
274
361
915
98
973
611
427
842
405
872
385
671
500
272
874
400
768
691
116
952
278
692
624
560
878
212
94
241
761
684
336
451
87
515
127
79
597
55
898
374
555
732
829
420
748
174
109
845
78
229
209
498
570
204
309
391
654
110
688
684
141
918
821
198
0
169
695
66
325
690
406
741
142
801
118
835
653
905
222
330
523
684
38
226
648
534
473
739
804
643
194
75
764
926
267
10
160
95
977
228
146
783
644
387
545
51
162
439
499
403
906
491
329
814
542
580
868
884
505
608
133
743
56
537
834
919
278
413
165
945
504
483
598
3
831
852
953
854
163
436
330
209
132
835
917
718
460
837
34
531
49
922
861
335
574
746
796
526
761
633
225
579
519
667
487
345
684
244
114
847
335
718
47
206
729
8
210
136
54
976
791
734
900
565
472
37
760
627
4
575
281
835
305
834
452
662
873
663
454
55
31
529
464
458
165
431
244
989
758
968
431
289
910
50
999
677
657
391
667
359
697
909
833
791
809
848
554
899
54
983
162
161
558
263
460
460
208
880
162
501
739
266
770
85
947
811
765
213
773
168
657
227
836
117
14
81
236
411
701
483
708
485
363
405
873
15
934
967
5
676
647
62
486
634
693
848
738
60
938
75
40
796
575
146
851
475
795
733
800
566
600
356
198
30
406
241
917
909
985
471
726
240
46
658
595
381
763
124
856
362
820
481
718
575
617
552
897
210
804
631
303
605
49
858
928
174
463
727
709
971
915
329
778
167
515
350
789
502
656
111
608
713
252
101
27
766
619
266
714
95
215
475
94
957
707
72
263
553
865
404
567
254
375
24
186
759
515
743
193
769
56
93
814
212
305
665
466
651
826
196
10
485
133
396
57
992
330
106
390
290
456
469
613
715
376
296
28
370
666
263
188
522
215
265
255
600
860
970
160
588
368
352
142
98
901
944
139
324
2
925
625
182
249
468
428
413
756
918
59
188
771
779
375
637
480
191
246
721
92
676
601
212
506
892
209
344
185
905
33
596
879
60
773
312
800
62
752
472
366
518
899
946
371
967
657
366
953
940
759
162
195
363
81
855
652
892
800
939
445
205
519
836
453
563
941
221
888
839
325
712
426
274
848
520
941
366
189
946
109
371
94
696
469
147
268
657
915
187
373
72
438
46
369
64
400
503
693
81
566
603
670
985
676
144
607
298
733
246
798
131
736
233
208
6
143
920
245
126
73
837
606
251
31
73
915
572
412
755
601
959
453
125
128
296
320
420
203
83
617
634
753
95
767
929
944
938
301
670
345
563
780
783
654
712
229
426
288
292
965
452
318
740
218
147
423
399
658
409
896
936
386
29
282
305
84
335
514
254
554
536
316
283
542
108
618
450
44
517
861
893
607
373
567
244
136
64
239
524
750
99
699
381
951
581
332
469
156
528
643
510
522
20
649
129
469
569
461
758
279
294
598
370
702
883
544
594
948
455
276
938
528
407
279
661
281
476
140
704
291
135
550
735
650
444
174
363
611
193
59
903
811
745
535
902
638
865
293
732
145
245
905
749
996
240
720
309
367
559
207
468
493
673
599
925
126
165
341
132
958
848
832
851
131
18
60
727
620
667
139
635
684
111
419
609
710
259
723
408
211
218
798
671
222
25
490
52
9
36
779
505
488
67
617
419
387
132
448
345
906
822
389
582
408
167
526
538
162
691
658
227
721
441
32
764
995
148
820
479
887
371
596
604
119
597
656
246
40
181
536
614
469
237
504
519
490
554
438
117
796
660
363
842
238
680
128
726
422
916
424
947
206
711
243
843
598
914
708
830
662
839
536
891
689
868
422
474
6
892
446
628
704
459
786
888
653
163
889
156
852
664
442
963
119
436
486
312
568
111
686
384
0
591
467
773
43
400
229
269
807
561
203
37
882
571
721
83
931
494
8
295
265
633
575
301
265
230
575
329
419
280
244
359
483
154
199
215
493
461
696
186
881
517
489
619
407
920
166
796
164
941
297
412
842
589
946
178
573
512
883
265
834
440
353
536
154
906
974
333
916
14
36
429
729
155
572
258
705
591
236
882
971
939
151
232
249
400
327
273
426
736
685
109
409
611
425
87
178
692
213
451
949
599
531
836
155
9
872
159
973
940
408
959
789
470
664
245
660
309
450
524
722
225
163
607
211
613
777
200
239
756
560
13
218
84
563
889
314
26
400
276
632
122
900
360
909
592
598
81
725
0
736
768
177
582
495
917
238
883
924
382
155
509
74
96
281
450
624
880
123
553
265
407
700
605
750
16
407
318
662
623
930
478
868
576
540
421
526
705
925
497
406
565
285
789
449
542
900
973
724
966
737
443
7
754
494
618
434
468
305
885
364
667
309
554
322
809
790
176
820
817
372
26
555
947
655
183
15
293
553
831
445
183
577
509
182
43
483
412
938
168
836
63
499
626
900
912
559
263
500
244
636
224
751
194
440
738
421
846
297
688
626
911
670
303
126
561
481
813
349
871
36
847
902
225
352
230
441
797
349
69
530
741
4
538
482
661
400
78
764
448
650
907
845
118
724
593
685
636
861
669
498
232
891
478
219
743
231
581
570
612
122
913
587
935
62
979
297
73
759
381
456
655
224
850
573
378
730
474
841
914
558
301
428
498
276
761
999
788
180
546
914
626
906
236
419
174
335
736
16
63
482
833
460
993
581
338
565
847
131
430
191
175
888
171
313
26
937
387
388
230
803
41
676
586
823
901
519
966
91
540
267
701
707
519
613
536
590
861
139
152
438
760
834
487
103
257
75
691
240
241
793
816
23
182
422
905
599
958
515
91
389
338
918
718
769
162
686
385
567
657
26
745
476
941
767
893
494
413
280
577
829
79
136
509
126
853
643
290
205
931
778
608
994
312
397
991
605
487
475
680
444
513
574
150
707
528
753
983
570
714
931
769
378
384
525
467
857
850
751
945
870
922
905
507
382
505
781
755
437
201
570
337
488
713
762
860
270
966
685
399
55
724
359
86
389
817
45
164
759
498
277
331
693
101
467
62
21
210
712
14
60
78
252
920
640
773
916
719
682
235
127
531
201
632
42
277
881
22
60
405
131
432
203
379
454
848
805
599
691
685
795
741
934
288
736
400
512
89
287
122
801
515
698
957
275
0
911
377
890
546
941
891
760
152
956
678
381
113
162
440
779
912
522
267
895
315
7
591
356
842
39
945
673
577
994
370
715
930
58
951
757
602
844
72
235
854
76
759
519
282
31
726
914
101
266
877
772
421
936
167
175
922
992
937
118
250
237
382
395
185
174
666
157
50
190
105
424
382
607
594
463
759
487
13
164
466
861
718
400
255
580
718
678
247
118
653
306
313
564
381
976
840
681
582
686
925
615
442
595
940
449
68
417
110
327
553
741
986
848
27
472
48
946
30
965
500
613
577
979
3
413
923
957
142
942
944
893
24
34
278
535
741
846
728
193
312
603
782
865
969
712
487
966
458
756
108
704
317
201
66
164
60
372
4
216
820
929
275
509
902
884
883
73
115
834
739
532
180
606
656
723
540
479
30
768
58
318
965
43
846
70
11
17
679
692
332
195
199
918
571
314
412
64
780
61
748
953
704
197
532
548
843
352
341
210
421
217
612
709
363
953
156
800
273
871
769
410
479
227
724
169
21
664
822
171
276
831
131
847
987
856
941
98
114
964
690
846
503
142
795
749
115
535
145
107
999
161
238
177
680
915
310
158
540
412
8
320
977
635
844
776
553
90
235
908
131
378
478
757
360
234
716
889
440
881
587
339
602
155
754
462
109
1
896
793
949
560
581
612
157
852
244
88
709
774
49
533
240
776
229
493
493
497
466
357
288
139
205
492
861
618
184
348
200
767
472
14
779
595
554
946
957
479
549
532
428
184
420
625
967
384
611
984
74
743
882
102
550
825
67
866
964
456
748
56
510
450
818
785
555
670
770
719
957
736
413
470
641
404
311
645
106
895
396
300
993
161
632
288
238
646
297
298
748
179
668
118
220
894
904
286
0
239
227
518
753
307
999
939
96
175
720
549
270
521
228
100
457
225
808
814
131
95
635
382
872
871
650
624
108
983
720
273
534
241
30
812
621
347
6
87
22
212
880
292
335
609
136
987
67
742
253
757
866
904
558
923
476
30
450
613
235
432
692
750
938
208
266
525
589
422
577
439
646
263
350
71
337
829
259
679
941
225
692
704
32
45
61
22
789
174
458
391
557
527
706
162
599
161
73
308
429
726
473
669
637
229
780
433
864
743
913
307
243
656
240
68
983
281
947
441
31
818
940
594
21
990
549
487
450
711
224
757
929
551
219
558
46
480
679
495
120
548
222
131
519
686
774
252
556
929
726
209
621
351
188
891
361
449
249
618
614
494
506
917
324
671
628
215
61
135
458
364
556
367
790
314
520
807
330
301
91
745
122
203
275
48
216
6
124
910
474
880
447
810
124
80
252
960
278
602
727
227
411
853
938
358
533
70
623
384
895
714
464
205
785
369
405
385
642
38
881
703
485
531
754
168
978
521
675
424
743
29
415
250
195
990
84
611
368
202
530
588
162
152
967
913
272
65
872
974
542
680
550
41
852
768
522
459
887
941
926
216
2
194
266
127
625
689
880
867
833
850
381
791
799
475
660
920
276
901
872
316
138
983
717
808
69
60
708
39
528
783
721
719
659
831
83
254
183
61
72
138
390
986
74
85
682
390
570
543
472
355
879
61
383
360
435
360
179
921
483
665
17
908
49
128
815
438
143
739
786
516
633
435
410
166
672
331
166
661
199
722
159
69
548
856
164
430
540
988
114
380
67
756
558
551
512
406
456
965
457
595
813
34
207
892
209
218
752
556
39
517
445
709
336
681
488
518
627
582
509
322
574
474
81
276
442
173
11
630
732
990
653
889
605
716
174
23
760
410
96
716
795
266
914
243
852
746
305
325
881
843
656
220
924
6
648
941
705
705
877
508
334
335
720
33
118
542
802
697
865
90
676
864
412
111
864
577
600
427
387
520
778
466
225
14
558
115
557
452
433
96
348
660
762
395
789
552
931
123
311
5
538
102
967
730
462
232
836
523
489
882
537
683
649
526
710
894
586
55
59
940
588
325
787
833
756
437
64
225
289
608
377
65
374
378
629
369
839
658
698
701
849
978
495
867
3
476
522
574
571
348
543
385
270
589
541
48
144
627
622
360
84
392
900
735
832
418
451
94
633
809
702
515
934
430
577
346
651
359
728
988
645
48
899
472
261
11
608
157
914
416
707
442
55
704
507
436
631
426
604
599
512
368
388
624
27
796
36
143
854
740
366
274
276
966
894
891
339
948
686
684
575
608
9
313
215
867
972
236
756
446
980
719
82
52
256
441
516
879
4
99
952
351
646
12
868
705
393
849
780
636
524
896
698
735
927
35
560
142
825
867
932
155
432
258
89
832
286
290
582
475
396
140
901
931
390
56
610
727
898
603
557
838
414
583
975
921
262
812
173
76
367
940
132
243
683
636
785
409
169
71
619
756
936
973
704
845
816
600
744
563
525
567
82
430
681
931
218
297
556
870
267
898
338
572
294
571
202
74
855
658
503
939
505
878
829
490
454
408
857
97
908
305
749
848
63
818
855
113
943
501
212
839
742
11
686
503
504
856
504
655
423
400
226
252
835
637
214
391
858
360
773
871
425
244
142
938
423
563
68
396
714
240
843
778
721
588
719
201
205
12
658
40
813
367
784
228
708
477
735
673
81
978
880
870
427
194
925
201
463
447
558
298
832
478
116
468
273
560
449
125
226
612
162
943
92
322
419
359
435
826
653
227
663
162
510
713
287
310
565
154
139
162
200
333
259
691
820
352
922
708
688
961
417
773
143
618
73
493
64
651
777
968
547
770
567
867
211
581
351
484
82
952
934
527
102
922
897
91
542
274
399
556
928
135
823
265
859
804
984
453
547
658
643
539
326
416
199
978
474
510
513
944
513
855
205
955
875
597
21
626
990
926
613
547
68
660
521
118
586
626
412
606
632
602
630
23
177
939
192
946
873
360
783
534
966
420
411
601
428
897
139
301
745
609
895
789
426
779
154
862
0
311
866
531
603
629
988
56
177
486
993
96
314
246
831
738
595
258
821
470
566
740
312
454
466
661
779
135
868
658
918
551
450
911
493
584
864
799
339
546
81
406
628
231
299
462
932
680
175
357
455
149
275
952
870
234
846
896
571
773
232
395
113
955
379
86
938
242
138
390
750
433
477
406
141
612
350
874
402
740
411
954
501
203
416
98
971
157
592
534
107
394
400
379
919
888
712
649
245
869
39
636
674
138
530
58
874
587
912
95
574
330
493
35
970
676
449
765
897
675
509
434
600
987
129
966
909
648
76
762
898
468
473
966
785
127
971
934
637
591
845
424
250
231
161
862
475
643
858
439
774
537
847
648
366
611
127
495
837
353
172
608
316
860
126
24
792
581
445
255
443
396
201
43
764
197
945
415
243
132
319
538
101
929
405
452
889
223
526
171
245
390
219
348
616
896
592
830
444
881
746
592
775
191
304
906
623
481
219
504
607
612
972
635
163
640
944
754
284
354
370
911
264
587
13
564
865
341
12
971
504
133
305
957
174
795
238
314
183
567
187
519
435
663
268
302
850
539
70
391
932
489
87
124
418
435
7
747
268
198
470
988
928
878
20
538
251
62
919
351
136
411
684
479
979
824
685
727
416
180
667
334
860
831
976
473
687
156
644
445
549
352
707
901
600
129
695
412
428
817
702
292
910
362
34
725
906
19
65
905
399
625
490
548
705
289
387
777
971
873
537
119
543
358
260
762
84
752
422
366
43
882
689
479
126
230
10
563
972
989
366
769
205
380
383
699
367
978
851
727
595
390
969
868
247
789
208
55
529
209
446
644
540
445
394
562
298
284
495
959
415
834
142
963
781
723
831
521
297
407
371
352
730
207
112
760
705
137
978
583
177
614
907
155
733
637
47
866
856
801
142
365
981
197
382
483
243
624
357
490
428
587
448
152
563
416
515
159
0
212
182
687
202
989
304
782
784
287
82
178
627
239
10
111
331
43
434
204
140
409
445
280
28
603
478
170
572
556
949
286
217
517
863
707
271
536
673
441
217
926
152
840
695
220
272
187
428
311
926
868
418
128
548
657
957
923
482
796
241
169
179
16
376
750
539
535
604
461
946
664
701
455
373
374
208
474
362
164
709
38
838
653
331
907
190
136
202
222
38
200
588
714
144
153
633
587
4
838
413
407
784
744
504
173
989
473
611
7
439
623
186
355
454
324
506
708
693
137
351
433
887
987
906
611
769
702
991
898
399
301
15
249
479
292
486
413
556
357
642
469
744
78
566
731
226
852
787
425
599
41
402
119
104
112
80
577
664
201
94
628
521
664
548
289
274
416
594
706
486
597
3
802
875
239
126
201
574
499
890
333
168
955
613
724
407
85
225
558
684
233
532
543
500
891
850
74
221
17
897
977
647
727
969
440
844
990
894
362
77
411
347
516
923
979
829
93
383
604
785
375
198
407
51
759
845
546
636
47
340
938
750
86
842
733
840
733
318
885
825
426
69
233
450
417
764
773
13
214
739
722
148
16
636
697
159
591
272
72
950
238
133
55
463
44
589
564
396
572
733
378
700
796
968
864
540
362
288
86
898
938
297
739
166
173
802
250
173
852
952
394
868
234
873
996
613
175
418
816
665
992
342
312
770
764
611
174
644
794
266
473
736
574
531
787
675
546
691
374
409
809
779
884
2
975
22
966
167
764
534
964
812
639
132
739
905
911
26
45
646
77
799
331
922
749
326
333
808
332
739
937
711
299
764
778
429
593
823
552
943
479
238
301
39
380
739
8
651
553
905
954
382
239
50
230
77
852
759
726
936
477
975
64
474
629
270
423
359
588
201
230
882
395
220
303
504
307
120
874
148
261
356
9
448
812
175
48
884
447
960
418
423
178
602
302
175
212
383
569
534
68
959
797
851
92
757
238
298
240
974
237
794
600
279
278
232
912
539
860
501
800
254
765
177
384
488
144
170
228
993
834
173
789
165
959
175
999
125
894
793
391
874
438
918
341
854
284
771
823
193
39
778
558
261
266
770
297
270
256
110
311
193
983
664
427
8
98
482
216
136
322
57
643
495
400
167
616
301
977
771
61
982
187
775
763
496
31
374
482
936
124
688
684
571
859
499
18
372
594
328
122
969
184
871
218
258
407
183
479
159
31
462
166
629
446
370
323
829
622
250
24
560
399
123
541
867
996
427
854
235
970
604
634
886
497
685
207
662
599
699
43
546
866
607
990
674
748
444
587
23
244
936
581
116
14
205
350
589
716
554
139
147
141
202
723
642
476
313
422
87
397
639
875
760
704
698
233
226
919
364
599
601
196
942
559
304
652
663
244
581
968
614
749
520
2
224
698
672
4
206
875
234
827
158
416
39
979
964
531
616
389
140
282
393
372
543
704
231
869
48
779
551
411
290
400
645
50
792
858
981
660
40
882
138
656
221
665
305
96
199
624
929
609
233
784
745
726
23
990
933
445
634
846
903
771
650
384
942
603
7
632
318
337
427
783
715
653
239
128
251
299
473
541
616
208
639
807
774
143
434
163
743
625
482
322
936
498
530
546
816
216
968
960
125
159
411
879
938
616
473
489
585
472
948
100
913
620
313
552
524
403
333
877
328
179
643
906
536
349
654
936
150
461
64
45
599
826
21
868
779
284
975
449
255
115
934
898
361
507
236
849
31
525
554
655
509
122
699
179
633
920
19
655
357
791
499
579
168
725
956
619
305
653
645
323
729
135
994
91
995
481
755
950
371
346
855
508
873
535
795
384
273
263
236
371
767
49
788
351
724
765
995
440
80
784
998
524
955
281
989
476
348
376
331
794
132
118
535
266
224
112
426
414
874
181
84
81
691
607
624
493
335
622
936
567
956
464
822
984
248
389
289
367
247
302
448
10
222
509
630
196
535
400
762
352
969
127
321
491
883
317
523
816
540
468
375
325
450
553
67
274
822
750
348
666
888
358
686
377
173
403
904
638
321
755
152
51
82
777
806
55
851
568
544
380
409
243
666
740
878
999
503
23
167
226
312
127
412
188
200
972
820
27
594
116
339
414
47
194
377
95
368
455
631
27
980
502
897
278
254
369
299
775
271
858
785
955
587
819
103
261
475
775
201
659
246
793
536
212
148
394
450
837
857
265
932
435
578
642
487
114
544
561
109
76
310
111
542
870
144
139
515
276
74
717
582
5
370
483
28
73
347
550
240
542
127
295
510
914
976
139
376
795
419
350
328
18
265
51
251
862
315
250
806
357
666
786
64
686
937
941
92
553
223
355
849
319
901
175
800
502
72
14
937
989
843
741
225
78
980
818
60
585
153
603
692
557
103
515
612
281
287
403
67
393
821
525
600
596
974
507
542
546
670
486
484
11
756
899
652
267
354
239
821
185
676
604
32
959
12
692
412
307
424
17
686
532
625
7
528
241
200
425
716
211
783
744
862
786
866
850
716
685
312
55
34
43
354
575
270
95
502
288
149
393
936
35
960
486
334
565
711
945
207
555
303
611
535
135
795
710
457
400
37
584
314
966
135
611
102
578
683
497
785
19
771
213
548
605
493
372
265
916
663
754
197
439
523
296
266
552
943
43
22
367
580
513
979
438
936
957
164
952
242
322
800
826
762
923
182
563
946
808
14
552
285
782
192
176
27
62
771
54
134
77
203
333
308
675
128
46
409
244
344
172
935
517
704
225
317
521
532
825
386
361
744
44
821
25
290
242
147
223
671
222
187
791
102
893
825
666
949
504
157
381
934
956
351
894
285
635
914
529
377
483
738
208
148
389
475
897
137
760
40
57
689
100
84
326
594
642
952
483
453
296
698
548
938
987
14
745
906
581
779
320
945
262
709
411
454
846
635
312
592
536
605
455
119
979
723
478
476
210
708
496
765
299
314
357
289
413
446
643
956
218
982
522
600
452
336
293
977
268
345
395
419
837
398
45
10
847
398
843
510
312
402
408
529
933
130
316
822
134
174
799
823
31
437
946
403
378
726
882
426
586
144
606
183
403
336
880
273
365
839
617
245
23
533
924
556
425
702
444
77
465
799
369
150
151
54
662
52
44
699
358
525
549
270
613
934
630
558
587
774
577
979
523
902
853
873
546
707
955
530
842
970
524
543
726
494
607
795
288
57
735
164
318
613
376
998
532
38
554
325
442
830
446
710
342
916
253
235
837
138
392
850
298
937
98
578
969
611
842
769
973
173
781
684
933
751
144
347
302
785
307
72
498
108
168
820
438
499
411
711
321
244
428
474
368
190
255
338
350
272
757
756
409
236
59
839
392
559
960
858
928
517
853
667
742
621
156
41
774
727
891
599
882
382
898
670
567
318
255
934
289
938
75
536
63
802
414
482
825
560
109
912
486
870
420
843
554
317
78
809
468
716
369
106
309
707
799
498
372
475
310
879
471
845
289
825
916
939
752
80
814
503
579
247
699
358
396
164
898
632
273
432
106
846
177
665
285
313
302
777
347
627
128
467
899
244
411
306
653
420
422
198
842
239
669
364
413
794
681
592
811
121
354
786
29
426
686
266
638
537
596
217
896
785
825
926
553
876
524
161
59
63
725
175
810
933
279
363
798
687
151
413
272
869
348
250
489
179
574
824
869
2
484
764
903
481
46
322
358
73
384
208
829
594
127
0
369
533
278
88
939
823
818
343
781
567
676
286
473
101
332
312
637
982
571
824
715
816
673
574
989
558
708
789
325
776
786
916
499
755
550
46
784
896
270
233
502
316
205
656
594
380
69
997
994
970
740
103
649
864
343
531
106
176
436
554
49
989
713
871
260
202
418
171
896
789
639
951
280
856
308
13
809
868
387
972
465
537
572
622
373
959
844
359
257
666
403
996
659
510
655
870
545
127
863
242
280
131
258
870
758
222
941
410
735
841
75
960
164
369
462
185
403
255
372
694
23
609
750
295
511
989
162
700
244
85
592
614
60
396
601
881
781
371
315
409
219
960
705
949
177
243
567
644
590
598
212
387
479
585
608
256
939
456
764
214
68
49
777
317
176
629
401
949
543
227
650
423
487
939
209
696
380
966
267
107
75
375
550
386
437
686
894
801
97
529
403
743
234
79
536
633
48
363
454
205
378
273
575
352
849
0
847
388
647
764
285
178
822
487
87
903
582
651
139
854
318
142
858
715
60
731
14
463
87
449
709
861
177
882
254
39
339
26
672
494
624
986
793
476
563
784
540
367
453
653
484
893
510
898
477
647
13
968
394
875
643
259
584
442
969
114
642
202
905
685
214
177
986
155
116
447
790
680
751
606
142
647
468
289
525
106
263
742
825
51
30
433
438
925
925
887
724
492
399
708
545
318
486
121
42
28
66
429
858
337
477
519
837
6
408
101
982
40
206
629
669
631
806
957
36
59
182
496
152
253
818
976
621
839
796
587
347
65
582
260
268
273
595
390
375
918
979
719
783
881
669
831
980
641
855
467
507
866
993
762
1
921
407
788
547
62
469
154
545
789
357
966
112
131
275
520
935
699
906
817
706
586
80
784
754
109
556
911
869
268
168
321
825
947
489
266
180
973
899
939
928
382
706
272
978
275
827
72
97
336
337
945
883
966
867
405
251
286
666
965
927
599
841
920
678
200
405
103
703
786
940
681
572
693
778
678
334
22
374
962
562
793
323
129
360
281
154
33
948
817
485
136
645
838
374
675
907
291
190
831
503
760
602
880
842
553
360
108
367
462
383
779
244
348
452
518
931
815
705
281
64
530
336
422
555
229
21
582
117
514
97
871
831
812
459
693
469
492
321
670
402
41
276
855
853
219
417
396
609
132
516
608
635
252
959
673
356
224
400
614
815
726
945
513
940
176
769
523
650
410
760
800
971
370
455
792
601
123
198
63
238
93
711
210
162
140
879
630
198
620
669
831
941
686
315
721
114
506
770
671
771
425
922
814
221
853
14
908
986
471
182
963
214
124
198
524
447
678
668
89
611
427
271
372
955
620
570
181
348
796
576
140
750
75
338
83
558
790
988
647
606
308
437
