293
173
294
367
714
470
202
971
655
270
544
969
13
48
328
479
730
492
582
41
520
602
548
317
659
41
431
273
543
681
734
748
919
801
829
765
98
102
488
348
832
33
34
836
555
572
566
593
761
417
636
3
373
918
357
479
301
865
378
567
334
411
566
301
467
100
349
105
245
244
228
756
660
649
759
913
108
586
825
823
707
455
638
629
246
842
765
179
419
54
505
232
202
698
63
805
652
346
681
398
765
587
121
304
655
17
409
364
275
615
287
670
708
201
359
490
575
617
800
644
666
677
936
146
254
482
299
768
919
367
943
712
176
488
731
12
779
892
798
193
302
886
939
514
618
125
474
702
276
48
354
807
486
202
939
528
64
549
32
370
344
198
209
851
545
621
806
51
551
952
272
716
800
619
802
974
326
470
956
125
106
802
224
320
378
561
213
806
235
817
721
302
546
445
548
819
299
737
735
874
213
599
667
618
445
523
447
87
606
479
89
539
427
556
565
834
835
926
779
848
851
210
19
857
153
294
475
580
356
765
401
869
129
230
125
414
689
97
782
825
878
821
932
508
988
688
237
962
956
444
65
106
443
187
232
622
738
111
124
11
943
271
641
607
952
722
384
260
792
905
315
951
601
349
947
109
937
949
141
331
850
817
499
441
361
520
86
74
713
682
481
330
264
243
97
101
838
77
113
0
981
896
907
870
188
281
768
993
550
596
327
843
8
647
172
951
360
661
272
313
177
228
807
839
154
532
511
171
606
820
548
22
878
98
184
402
243
670
440
780
904
644
754
260
115
692
122
562
428
824
187
455
486
937
362
781
115
102
279
4
485
379
517
946
638
10
857
902
320
824
319
322
553
222
215
594
479
178
863
965
649
538
866
223
534
741
846
160
262
446
627
941
558
509
591
769
473
964
927
719
314
643
856
647
511
328
164
938
7
150
487
892
595
281
457
734
226
788
726
924
967
823
473
97
149
768
47
653
539
996
624
233
115
875
112
183
580
709
115
736
47
221
832
299
646
280
132
535
144
690
815
326
50
485
244
102
504
487
233
660
88
871
63
879
791
563
963
959
229
890
531
912
716
121
148
975
6
684
592
895
396
762
733
128
251
837
272
134
344
629
817
529
453
321
32
278
99
657
573
377
991
746
453
453
201
719
849
186
887
264
8
938
241
322
324
344
438
59
618
429
252
448
907
456
644
901
624
417
155
103
210
323
228
218
695
596
556
187
49
402
798
481
968
731
268
284
200
577
319
73
461
624
101
890
754
518
914
191
465
462
498
867
85
544
546
813
4
296
110
576
240
514
533
434
636
871
97
638
756
839
722
390
53
267
26
992
979
381
859
75
562
559
909
967
132
660
803
303
368
783
917
716
60
670
977
823
193
18
170
738
853
622
491
763
814
634
493
22
858
891
315
70
324
272
615
904
801
803
829
157
192
26
629
530
183
666
70
741
618
927
782
733
207
442
190
198
637
192
442
312
59
250
150
156
85
662
716
347
616
826
851
978
535
536
105
661
726
298
176
175
164
491
647
851
318
696
127
587
109
482
6
898
385
64
257
48
872
341
777
962
823
955
344
514
945
955
646
58
957
571
508
513
169
514
433
704
997
283
890
644
467
643
284
384
450
808
382
934
481
529
802
402
952
500
530
378
522
40
655
862
328
512
60
776
919
847
881
288
489
838
444
415
577
360
889
670
872
863
866
171
812
677
82
486
192
56
468
150
519
202
449
843
410
956
309
368
489
431
539
575
78
439
255
776
669
637
9
664
112
31
50
850
742
262
558
244
563
227
562
969
875
670
159
318
504
477
12
19
284
6
850
41
696
26
760
690
258
213
295
745
309
806
272
47
722
567
922
743
893
33
663
271
586
568
62
851
94
630
59
216
563
767
26
729
131
721
563
169
933
109
752
215
108
990
506
575
805
509
768
890
769
183
713
772
953
556
945
22
736
460
904
200
10
175
104
957
306
985
845
930
872
233
855
548
474
549
98
893
745
340
903
155
717
735
315
781
475
909
437
507
146
561
573
889
293
946
80
959
386
183
632
384
521
101
840
933
393
630
910
342
996
799
41
772
163
39
977
870
220
935
837
702
847
995
16
70
720
531
693
13
247
998
634
288
700
804
649
319
445
349
872
13
554
388
850
931
687
538
175
170
136
592
206
770
300
980
331
972
424
743
996
17
309
434
45
133
275
34
91
36
964
159
686
407
157
844
559
514
839
260
417
917
132
138
308
533
717
218
628
950
344
682
992
848
903
71
806
476
276
525
197
641
352
678
122
78
811
102
548
638
805
345
203
844
915
994
402
73
358
696
877
657
909
215
934
302
538
33
186
671
394
671
848
274
942
648
650
609
319
868
44
211
542
733
689
2
193
171
356
652
442
347
524
920
234
707
985
31
458
436
571
661
746
740
67
882
10
808
481
26
717
75
915
413
702
485
951
787
579
722
439
872
206
261
668
104
595
537
542
127
43
621
831
623
670
562
639
839
496
546
290
493
482
678
566
496
777
891
305
396
612
467
895
98
390
52
240
347
308
687
864
66
857
142
825
811
436
683
931
788
307
10
955
510
649
266
929
487
747
941
227
480
728
105
903
54
222
106
646
712
177
406
124
875
239
437
356
13
39
827
801
404
792
508
311
562
230
59
447
584
479
982
273
292
51
1
452
448
482
709
857
608
815
141
302
16
786
373
406
304
684
768
701
389
203
556
985
388
358
620
621
798
986
554
303
619
890
126
761
780
413
704
621
305
361
758
961
612
78
570
210
208
46
788
716
609
104
31
199
113
739
834
542
460
896
197
1
265
240
270
675
286
308
191
774
143
892
566
169
562
55
217
379
962
641
971
762
181
643
448
172
236
11
1
527
872
20
596
108
915
401
35
29
658
347
711
311
989
226
344
187
599
528
468
999
129
921
619
802
110
119
811
188
18
106
28
259
156
140
529
594
301
306
473
860
307
406
754
214
647
201
402
523
631
47
105
225
81
755
654
928
806
489
292
987
358
810
504
807
261
122
738
496
345
141
270
643
999
824
6
550
506
973
517
236
31
894
251
973
15
762
400
921
410
741
255
405
140
585
105
726
111
539
722
339
669
265
20
743
320
87
189
643
601
320
96
314
337
386
518
534
590
978
350
857
805
502
96
622
185
738
754
221
718
338
805
733
717
831
839
819
636
221
717
857
456
168
445
3
834
470
398
394
811
192
300
659
677
818
204
898
72
394
600
335
278
69
247
291
836
477
236
740
525
943
353
332
988
792
193
848
133
104
191
28
9
254
478
180
21
99
85
397
406
523
390
721
987
326
212
234
150
534
959
694
296
392
678
520
944
556
311
703
872
986
533
200
701
362
503
447
641
710
25
667
654
124
834
327
896
178
137
364
512
662
348
564
633
502
30
953
705
505
628
852
526
833
997
186
322
256
356
681
636
911
611
264
540
806
598
308
915
685
896
519
117
889
422
450
836
195
31
235
618
482
4
570
578
192
346
494
132
442
160
717
396
601
271
568
13
422
182
564
183
635
783
549
681
420
418
101
677
148
339
379
344
459
938
278
514
853
624
328
520
750
273
664
987
962
146
95
244
921
655
796
367
671
633
76
393
90
411
897
552
156
456
715
438
929
547
884
920
962
491
380
65
144
256
557
422
892
78
409
318
178
797
944
632
694
298
830
481
887
94
41
952
417
185
40
888
319
27
494
306
108
335
422
299
810
740
657
785
460
17
123
710
950
404
739
455
4
735
953
684
584
231
306
235
877
659
854
947
417
965
787
618
223
40
930
875
978
215
983
456
686
757
495
48
375
759
938
830
661
82
583
158
376
674
983
707
37
968
609
562
411
959
797
701
671
179
748
781
651
790
196
863
93
576
234
145
971
915
128
90
645
601
982
635
931
2
628
606
877
709
518
105
162
834
904
287
175
210
897
428
17
404
772
794
246
725
80
52
454
731
994
871
175
710
961
664
797
780
591
854
289
375
479
53
752
549
593
276
693
755
419
324
721
646
762
701
349
761
646
998
234
780
787
577
888
183
251
345
627
675
753
896
820
417
233
498
204
969
220
16
939
577
855
801
622
624
554
339
478
566
446
866
693
122
736
51
116
383
706
848
944
252
825
833
683
863
969
538
815
221
36
646
341
472
977
720
716
550
977
514
989
82
430
261
642
665
900
43
319
715
561
548
489
387
193
755
482
493
337
284
743
859
277
556
113
445
390
597
727
267
531
917
93
79
640
890
398
324
892
524
548
877
588
222
216
243
973
498
93
271
983
433
431
480
972
716
577
26
40
3
732
548
483
903
779
419
250
869
99
8
227
561
320
106
959
300
299
114
274
356
208
42
309
231
331
176
885
260
138
773
4
22
990
740
390
13
971
521
910
771
47
400
486
48
503
631
518
570
893
337
651
924
902
832
689
890
496
350
811
878
208
776
71
994
569
608
311
355
905
725
122
887
469
161
513
403
557
687
780
994
19
791
541
486
52
663
741
196
793
679
435
392
439
129
299
836
10
156
83
806
152
292
976
813
418
743
775
823
566
766
863
3
39
822
716
589
718
610
55
372
530
615
944
28
898
219
846
944
652
827
765
832
230
456
622
26
745
565
468
984
661
832
250
454
959
90
883
823
600
949
737
979
295
553
79
55
551
683
594
561
947
578
738
781
373
127
694
537
150
992
613
178
959
289
857
337
430
281
790
766
941
980
945
31
965
730
843
941
104
371
53
307
563
957
789
443
362
988
822
247
125
652
358
537
240
990
808
240
113
181
50
439
802
580
466
332
631
541
689
570
385
384
577
243
513
127
851
237
936
427
97
263
747
868
626
113
660
457
212
974
155
338
947
351
4
599
591
644
585
240
548
225
384
471
988
204
384
957
319
751
261
632
674
974
827
14
565
398
686
912
831
919
912
566
612
672
212
587
382
878
224
53
745
576
703
843
216
786
820
459
670
724
259
271
583
791
969
859
45
867
124
990
814
744
956
483
410
199
817
707
458
683
879
272
292
298
740
248
867
378
402
940
67
378
71
524
67
702
225
962
243
742
712
671
725
84
268
317
352
440
589
219
311
705
586
174
472
882
385
922
528
655
900
397
619
483
85
812
786
216
304
581
54
289
463
311
872
79
307
930
763
190
781
919
833
668
709
19
217
734
634
390
810
774
328
490
162
132
496
762
144
744
785
632
463
642
628
419
587
150
269
796
990
239
365
843
435
167
741
251
308
152
429
142
903
322
322
886
451
249
445
930
936
26
240
345
453
635
645
645
971
572
335
623
478
854
409
116
35
6
197
409
773
13
452
280
626
671
484
246
643
95
625
224
720
771
194
722
577
441
764
115
418
366
44
816
758
46
781
524
204
886
561
73
407
577
460
806
167
90
180
389
253
919
405
96
203
799
858
935
122
704
606
672
205
319
960
979
355
437
860
241
666
282
157
521
607
288
513
406
562
143
598
585
333
560
312
422
893
217
300
653
362
876
862
816
545
564
519
324
352
373
819
510
905
30
70
579
96
574
495
875
318
72
652
428
16
181
493
391
938
525
333
408
269
57
514
503
8
768
406
302
410
411
94
479
989
511
807
620
838
63
537
218
969
308
996
138
866
658
591
261
222
807
183
604
88
979
28
338
831
751
280
846
333
403
760
872
690
608
549
271
439
855
620
213
118
244
105
504
174
706
619
6
485
316
944
748
366
198
409
571
51
718
161
704
900
130
471
878
820
310
434
857
724
26
540
946
881
318
639
594
377
467
877
357
163
736
860
789
844
781
301
608
462
96
685
751
139
521
405
283
623
508
660
150
172
131
293
395
710
541
771
356
46
607
336
790
605
726
813
323
222
150
348
611
6
457
905
808
31
391
487
293
623
31
631
369
456
368
234
102
905
438
896
41
594
108
849
918
189
314
881
257
895
523
369
506
325
638
960
6
428
623
153
775
585
858
141
88
551
715
193
430
270
332
794
814
144
100
285
463
400
864
731
884
36
761
217
841
217
939
54
734
165
277
550
893
575
641
972
564
355
329
580
72
513
148
989
294
469
36
190
943
578
429
920
463
360
53
728
450
84
690
840
428
206
876
883
579
142
761
343
100
56
806
288
334
567
153
614
822
149
432
976
688
327
549
314
792
703
569
242
466
692
329
865
220
53
594
132
629
242
445
890
338
435
47
824
725
522
511
600
714
443
308
281
576
772
267
431
184
751
802
163
294
924
836
429
209
699
745
973
584
632
721
802
898
7
454
866
26
727
595
896
534
387
780
955
226
595
651
122
782
753
868
438
225
191
366
448
296
103
887
130
158
362
786
178
834
185
975
176
248
202
992
192
413
842
996
123
483
689
938
824
508
940
251
488
206
851
155
375
636
306
982
110
885
445
500
902
820
853
776
887
843
567
571
494
444
932
55
869
717
587
363
636
183
305
755
645
828
451
136
293
122
907
3
839
248
102
945
274
596
550
508
963
279
531
351
789
894
28
387
156
782
851
82
242
330
759
599
745
636
563
584
903
910
291
474
967
11
47
824
971
720
312
103
375
496
0
24
450
664
662
162
102
712
550
724
438
394
352
725
287
675
391
608
271
843
921
927
82
467
14
314
708
745
585
628
593
155
291
987
367
678
911
466
405
81
281
324
261
875
736
239
876
62
34
835
459
870
919
62
246
818
437
957
177
726
730
257
651
114
129
19
482
587
131
37
318
988
790
7
74
577
836
131
452
423
866
181
926
299
169
226
69
710
362
413
151
305
265
296
426
875
980
365
567
172
981
936
125
53
395
640
849
959
743
307
395
788
98
171
629
749
612
969
236
425
231
940
689
551
98
630
897
729
425
332
456
221
450
431
565
697
531
180
815
714
350
364
69
520
406
40
898
298
156
358
399
529
362
705
683
204
24
983
910
984
437
124
611
529
349
342
715
938
25
750
886
37
389
682
533
519
858
393
251
19
324
332
330
585
5
93
745
715
640
591
867
436
762
954
107
845
35
425
755
558
283
58
228
829
151
841
752
358
730
881
499
911
984
641
336
374
630
326
728
833
973
234
37
194
38
329
85
581
839
804
601
240
299
901
541
294
840
365
82
31
850
901
511
376
757
807
695
610
256
320
699
498
252
84
680
764
355
270
979
764
318
91
185
779
535
594
475
411
677
546
271
520
366
551
554
922
151
683
993
795
246
781
142
169
265
321
599
552
743
164
27
871
267
962
318
814
26
493
428
161
154
244
370
219
282
910
176
651
25
33
26
395
214
84
614
227
206
157
296
249
973
383
976
82
963
716
838
778
296
555
812
916
986
302
457
518
290
787
205
485
840
589
480
512
27
846
974
99
954
275
117
243
112
596
295
472
58
591
162
276
804
632
757
991
514
406
390
540
963
524
214
380
287
659
45
581
929
1
722
406
583
737
195
90
110
7
475
686
755
109
841
329
604
638
245
15
501
494
901
218
127
733
230
557
186
799
271
150
763
33
670
184
73
537
326
114
178
658
128
192
290
427
510
84
179
923
959
344
736
28
76
290
715
129
969
892
583
981
15
456
959
881
903
885
389
745
913
848
911
131
994
553
692
237
484
56
549
619
271
165
622
50
341
338
203
556
668
685
752
176
468
69
24
77
424
400
967
995
521
118
691
174
926
454
197
847
880
948
334
617
714
483
684
805
22
628
596
747
434
587
705
846
825
883
986
842
613
102
410
932
10
866
281
686
543
795
296
61
550
57
10
345
59
494
301
449
529
758
280
737
255
555
607
81
289
980
513
523
851
18
651
104
280
311
117
919
105
499
682
219
546
148
717
464
702
193
654
74
338
811
316
906
359
369
389
62
625
438
273
884
597
81
317
523
135
553
627
622
465
843
582
701
863
266
499
417
951
785
123
828
143
495
133
267
343
360
632
466
325
660
102
386
455
991
916
977
626
412
351
286
289
975
344
815
10
533
504
441
563
154
559
419
82
559
989
360
706
581
179
831
440
755
452
776
933
911
582
230
999
221
389
507
199
434
246
684
95
611
320
539
885
191
350
459
24
885
105
355
748
715
835
234
384
277
311
915
188
542
812
157
871
334
944
746
991
609
121
578
442
839
511
323
305
117
133
911
645
463
486
939
521
376
740
327
927
536
867
910
167
208
413
420
25
653
14
87
363
151
704
347
783
149
345
190
956
151
648
85
781
32
110
153
494
662
769
866
930
390
108
430
386
729
34
829
16
917
650
452
89
793
540
973
33
330
722
695
257
571
706
191
763
364
951
451
974
881
783
663
861
781
183
550
49
660
250
550
855
10
369
992
37
939
860
906
717
392
942
99
828
762
487
875
140
111
468
284
541
406
321
841
859
48
678
202
561
261
119
937
411
280
61
284
225
321
130
111
903
181
730
701
945
91
116
291
972
693
280
841
296
577
315
590
74
219
846
567
29
834
821
267
168
924
123
238
555
822
266
384
731
675
280
625
13
336
45
876
567
50
25
453
650
389
306
88
300
907
691
472
753
541
9
808
578
736
87
809
102
87
905
537
692
0
437
412
115
774
125
482
793
731
217
429
751
344
98
581
5
58
874
273
818
138
758
668
956
930
989
2
86
295
714
806
560
607
429
226
103
944
193
201
309
659
470
796
691
259
142
399
27
318
549
559
203
951
537
395
155
613
777
156
816
707
250
179
473
741
29
221
598
764
748
37
416
718
955
950
699
421
955
467
281
946
545
222
112
750
534
761
819
333
400
644
895
223
685
243
563
908
791
363
635
395
867
602
782
128
980
552
522
816
260
885
682
106
123
0
822
771
704
778
840
694
804
317
223
102
822
900
684
986
145
624
986
156
785
731
11
285
404
101
685
225
814
993
379
546
957
212
983
452
955
361
582
220
746
715
388
941
946
648
950
33
77
927
791
657
475
182
34
985
57
58
990
51
253
923
655
942
525
131
449
891
333
580
400
515
622
675
203
936
68
741
463
743
968
844
847
167
148
245
584
337
270
162
139
835
787
279
980
267
893
619
720
388
519
437
891
96
349
696
207
739
176
317
488
599
559
132
93
249
497
502
65
776
951
185
167
325
111
545
540
243
731
752
94
652
287
298
603
334
377
895
92
969
252
181
696
557
284
90
109
44
46
491
169
473
904
828
127
580
443
141
516
772
257
284
97
135
433
309
420
425
464
939
799
486
857
489
794
718
229
466
163
364
830
57
468
482
317
806
533
229
547
742
192
665
469
590
12
393
840
539
353
301
940
920
827
672
94
261
993
828
797
945
804
765
245
76
397
935
442
492
279
404
4
490
396
182
361
607
44
165
793
632
287
86
427
227
36
593
12
453
514
5
815
658
467
914
336
560
809
738
923
817
496
588
466
739
596
287
315
381
531
648
63
176
90
792
583
984
254
109
970
669
449
636
897
562
333
879
83
625
916
792
188
657
181
34
96
478
971
352
238
908
735
502
839
127
790
96
894
489
558
754
865
561
258
388
526
852
84
178
481
947
858
830
377
17
937
850
995
231
214
174
461
862
492
34
485
409
695
521
546
948
639
434
784
388
792
404
865
173
270
629
495
898
254
239
686
397
608
655
230
259
289
956
806
402
732
361
900
921
648
238
49
885
621
785
465
508
136
941
536
48
974
84
464
538
141
215
7
663
902
854
541
20
567
86
340
729
61
574
544
853
878
389
589
271
669
533
936
315
30
436
518
809
625
261
960
102
187
786
464
589
440
419
966
174
646
288
307
441
306
870
118
568
149
258
724
750
505
256
866
527
870
566
559
453
282
626
157
108
588
812
414
171
89
457
2
775
112
214
806
398
240
997
369
613
801
671
625
278
967
702
723
266
419
406
174
583
301
671
656
134
244
81
987
500
189
237
816
882
698
468
587
259
49
647
686
913
686
665
136
101
3
29
174
785
267
247
153
396
70
722
176
929
670
102
932
900
657
475
289
259
455
366
293
196
147
647
225
304
991
797
556
604
631
119
127
584
288
880
835
287
290
661
871
601
543
398
573
544
680
710
396
13
245
73
768
30
969
690
581
775
665
758
827
753
241
480
659
867
447
266
120
556
859
644
753
19
163
724
899
275
830
75
363
502
838
232
872
892
168
547
295
656
488
304
32
47
677
37
46
566
419
762
676
848
664
933
331
705
422
806
528
449
991
854
98
584
871
919
353
498
739
727
82
448
575
303
823
59
293
922
923
885
738
381
395
758
74
226
112
999
820
512
49
447
240
546
878
200
988
442
879
709
950
546
714
242
884
799
700
368
287
443
607
244
814
757
993
402
183
879
797
787
856
196
587
88
780
852
362
426
553
109
70
160
501
287
333
260
665
29
507
795
990
179
485
782
836
760
154
857
514
401
278
528
951
671
904
889
703
975
507
426
129
901
802
496
77
260
884
321
699
731
896
87
790
15
218
41
896
41
226
279
815
108
270
282
853
326
462
757
341
552
285
772
417
348
103
416
945
218
574
444
942
783
951
72
836
594
473
439
229
988
645
527
275
132
273
332
574
180
935
881
443
83
355
900
253
728
377
749
893
872
212
795
189
236
428
451
139
714
359
566
393
734
784
245
520
404
348
379
53
613
169
0
996
748
601
454
529
812
461
634
398
288
693
568
621
846
859
755
463
488
39
336
366
281
413
966
693
937
811
756
519
141
646
686
228
726
452
710
8
116
61
955
702
14
715
113
251
81
624
948
948
811
806
314
369
211
185
909
651
783
617
321
648
824
100
304
144
550
232
423
232
284
734
365
667
880
578
288
600
25
127
195
719
229
279
776
13
558
896
398
848
585
907
679
404
763
341
105
587
959
944
223
795
744
540
907
473
152
231
114
51
227
52
916
563
707
655
118
632
400
359
198
799
164
532
778
806
816
471
342
713
438
681
424
646
261
588
641
906
306
85
955
190
34
963
769
485
920
10
544
364
484
648
128
868
395
96
182
972
893
197
882
710
663
814
335
124
109
88
812
396
172
793
103
111
761
744
465
919
434
963
730
294
807
16
289
780
715
629
319
360
573
219
9
743
518
164
985
243
502
693
16
682
496
975
786
600
110
272
197
695
650
974
895
346
475
644
396
17
568
229
697
775
60
148
728
791
134
950
744
597
171
248
23
177
946
722
815
461
172
685
971
728
647
296
205
4
742
126
909
953
646
884
320
164
710
30
730
11
36
129
913
871
664
395
680
372
72
703
996
604
576
596
199
687
947
445
982
15
802
323
257
936
904
855
495
397
536
380
852
805
827
640
72
733
154
603
84
823
156
577
427
847
812
618
475
222
307
848
848
920
173
648
683
680
370
97
900
612
636
10
617
787
168
208
169
450
435
877
33
702
866
180
850
851
926
273
934
987
906
846
77
395
482
839
80
327
250
199
553
366
608
260
269
376
535
757
79
124
313
403
339
349
616
613
531
60
457
598
641
458
789
570
474
884
485
702
667
225
538
188
67
703
991
182
357
585
307
914
480
821
822
187
924
913
120
40
972
6
616
718
298
837
824
937
171
990
555
863
841
544
159
317
383
146
469
76
748
680
897
483
855
738
320
800
339
694
686
560
431
965
722
683
93
234
150
406
236
215
38
664
573
626
556
886
719
845
926
34
199
443
77
413
391
614
578
989
745
590
927
922
809
580
280
235
21
508
796
558
321
745
740
604
387
98
102
354
960
226
254
964
945
837
50
732
197
655
801
944
980
999
663
418
294
8
263
712
438
336
654
844
654
945
215
510
368
428
905
661
662
750
313
198
958
203
501
811
462
983
719
116
496
236
266
618
122
845
980
536
540
648
583
341
775
138
653
548
967
253
304
357
732
933
404
468
875
288
722
878
692
787
889
404
552
409
715
593
160
534
721
709
781
458
564
788
967
906
810
905
732
784
544
947
848
354
610
818
531
560
732
987
28
943
252
438
760
930
799
73
734
249
308
781
42
778
569
278
492
971
880
656
76
289
189
877
429
50
343
532
875
359
648
819
506
86
299
85
524
716
857
526
735
544
280
307
977
34
553
230
48
786
132
495
131
357
882
79
462
889
943
998
782
922
746
996
282
870
394
893
833
786
895
109
734
504
817
754
637
48
561
609
745
227
715
521
995
46
924
852
129
811
958
996
305
820
901
474
752
553
53
169
539
89
306
409
513
996
252
152
915
335
965
891
817
929
336
882
499
194
767
505
680
628
929
810
470
233
302
256
503
780
656
935
989
132
201
311
402
66
531
304
334
27
632
863
517
737
414
790
220
421
454
729
360
279
698
765
868
270
721
315
349
858
24
570
667
190
278
227
990
156
756
270
650
417
639
121
385
31
699
553
380
105
390
145
990
185
159
751
668
6
113
6
77
297
944
686
18
382
190
816
641
103
18
173
100
580
982
215
873
575
763
95
526
492
867
524
940
222
579
365
252
573
75
750
562
827
435
935
221
733
220
355
79
847
425
347
160
456
112
370
1
709
16
916
495
169
640
127
367
386
434
684
216
319
626
263
785
701
575
153
320
49
501
71
28
856
613
971
248
770
658
168
533
836
496
356
818
733
546
422
243
377
160
702
923
665
612
532
447
643
687
32
544
421
789
129
732
85
610
753
298
460
615
261
313
666
461
3
404
531
237
324
827
686
73
768
257
382
667
921
6
129
336
720
32
605
720
452
419
427
20
937
674
28
540
276
824
505
989
589
72
719
124
709
221
734
82
87
991
218
747
555
155
154
980
525
293
30
497
564
941
214
968
167
435
782
45
826
432
197
507
142
546
973
204
206
724
269
269
581
280
649
745
774
882
795
841
675
530
499
540
847
469
914
417
623
473
68
998
994
675
820
619
626
711
753
752
147
795
630
456
816
369
568
497
389
855
496
313
534
756
528
271
47
73
955
138
365
881
60
138
169
486
720
801
77
730
760
886
263
768
999
982
514
717
562
583
492
989
965
706
283
142
842
316
504
475
372
818
893
598
634
934
634
742
614
162
747
24
165
528
134
453
322
227
433
576
259
278
768
562
277
879
996
900
276
632
335
160
66
98
971
293
152
965
874
805
266
425
816
700
221
946
29
263
932
412
424
863
840
835
117
689
54
36
542
67
714
862
31
364
233
63
75
705
292
28
45
928
448
737
985
659
402
289
552
762
785
851
18
421
796
321
430
293
434
942
581
278
24
963
21
356
868
422
177
390
953
287
30
531
20
592
928
447
818
449
626
546
92
70
205
710
99
141
568
908
126
175
973
913
971
11
125
954
929
361
137
281
547
850
33
986
529
681
226
975
505
222
48
795
819
719
92
167
953
355
542
960
125
813
643
249
237
921
305
634
434
814
912
477
503
168
275
96
396
217
564
900
857
443
965
97
624
484
858
876
915
87
957
430
117
611
609
554
317
2
392
930
948
392
720
615
328
678
520
267
321
314
640
308
320
125
166
464
80
312
965
856
116
732
656
754
824
93
661
247
620
586
444
949
635
435
734
930
226
207
299
14
459
657
875
819
729
863
814
452
926
927
352
719
913
958
220
744
803
255
953
780
696
916
554
823
578
379
22
914
105
440
840
36
584
339
306
444
857
246
994
824
896
910
119
941
764
691
668
164
794
173
954
637
964
285
885
587
159
717
829
300
674
629
708
763
66
755
623
603
554
590
830
786
984
815
157
151
763
293
365
858
552
876
797
927
780
72
145
159
732
316
477
579
208
657
75
157
270
733
168
461
322
970
877
236
939
160
544
385
225
609
947
238
835
414
604
814
797
979
244
853
326
107
836
980
831
985
0
111
807
237
63
13
788
176
443
59
141
500
531
62
691
514
520
379
581
553
653
764
650
808
839
370
272
320
52
906
932
961
528
581
571
376
138
87
597
825
237
436
105
967
482
170
339
141
707
775
347
712
451
120
407
203
321
658
984
710
554
369
386
828
606
531
36
448
915
504
744
132
70
73
733
845
577
169
351
134
6
396
8
175
41
291
992
937
379
665
16
929
99
886
213
751
767
749
751
707
520
851
561
403
707
927
67
530
644
921
794
296
486
656
658
498
133
227
314
982
900
27
501
670
305
420
153
534
38
639
632
579
652
717
372
427
472
434
152
899
815
163
809
736
966
789
995
181
561
100
312
358
669
108
179
223
538
384
915
5
96
365
667
886
994
425
926
191
888
230
271
170
774
485
263
698
818
24
800
597
803
777
526
948
237
456
134
762
865
741
638
95
816
842
147
408
176
748
962
300
488
790
654
237
605
730
944
297
207
933
437
533
246
998
417
445
238
75
201
514
769
463
86
344
715
620
125
979
217
305
148
262
243
744
375
431
345
543
800
890
297
624
661
584
510
743
428
372
332
0
897
123
536
499
168
525
381
901
101
812
585
756
800
232
926
270
487
812
540
575
900
289
307
189
758
868
46
249
579
71
500
453
722
73
497
332
662
26
257
35
879
584
276
866
731
279
388
118
770
728
51
254
975
369
778
568
754
229
972
440
858
519
2
52
760
960
79
407
334
779
195
104
303
42
21
358
232
991
418
946
636
176
506
569
965
527
385
725
542
117
531
319
662
475
345
275
230
701
352
551
604
947
232
969
456
141
410
221
963
419
459
696
784
446
221
635
331
767
261
903
374
321
143
706
346
93
917
308
930
347
143
153
658
327
836
946
615
295
22
818
257
16
428
394
419
152
497
649
956
748
625
180
501
14
436
582
810
162
275
36
566
797
304
800
70
339
746
583
736
500
405
561
453
498
576
61
33
537
544
494
988
59
866
38
544
591
862
254
786
821
855
71
630
569
70
856
796
194
271
484
807
222
491
207
763
700
748
277
414
885
439
383
511
391
876
75
819
296
241
6
991
299
524
209
336
530
399
614
734
249
358
469
495
635
724
135
224
67
91
494
501
904
947
983
98
518
945
949
818
469
889
163
908
432
967
990
566
45
862
29
434
476
123
894
493
29
812
422
598
242
570
196
468
982
590
802
304
889
456
241
113
42
138
280
214
440
963
738
654
492
999
625
835
230
268
194
269
746
783
247
243
71
173
562
773
828
558
949
397
151
235
427
875
364
328
106
591
302
93
592
466
141
102
447
269
492
426
999
459
45
705
926
627
756
807
686
557
685
189
443
213
330
62
351
541
45
839
668
893
686
688
22
374
98
47
770
205
881
172
55
