515
597
737
334
33
936
826
744
275
959
753
134
618
471
542
759
34
811
549
167
713
361
311
288
775
394
571
332
680
566
834
818
223
274
72
874
117
56
294
654
575
320
253
784
405
528
173
898
175
661
251
750
786
661
17
490
304
411
535
263
374
166
711
471
350
191
622
552
77
533
271
9
767
150
393
304
638
260
265
118
498
929
146
552
210
57
304
371
632
827
485
922
259
19
611
727
302
7
887
964
350
348
655
541
337
116
194
788
969
198
541
71
479
99
55
226
805
944
754
133
228
13
753
379
28
152
897
22
378
711
768
401
715
465
98
700
135
303
891
238
1
316
183
114
907
678
60
40
326
376
169
590
318
565
208
491
452
539
822
265
502
66
724
549
369
175
950
747
183
498
704
66
507
752
897
786
8
638
559
45
793
155
10
801
164
576
877
457
240
566
110
978
430
324
55
457
540
100
629
575
699
545
350
430
362
32
544
138
307
791
876
367
516
854
57
602
824
49
44
215
156
375
357
191
782
194
421
428
262
923
148
203
825
177
600
931
730
670
639
296
233
38
549
79
872
941
1
462
8
188
786
674
75
272
279
75
258
351
299
632
462
471
63
123
867
669
122
296
321
327
932
383
340
255
952
676
700
940
807
351
751
830
457
277
249
886
367
34
214
40
620
417
190
662
218
75
183
810
16
927
185
183
929
291
514
997
872
136
65
295
351
75
488
211
903
965
859
821
210
9
590
752
588
469
946
138
864
447
695
859
743
733
110
266
19
745
965
492
962
511
54
322
181
709
185
61
96
662
69
569
812
114
494
571
848
110
608
297
447
515
289
356
42
22
629
60
486
555
155
913
728
767
605
217
613
105
501
802
142
803
890
462
409
147
618
190
715
888
985
373
537
772
896
330
485
237
841
361
117
359
974
119
872
258
642
335
538
323
847
6
191
265
974
583
324
535
534
532
465
121
571
139
194
276
104
56
725
303
95
300
710
8
852
682
869
44
850
50
217
591
357
12
647
996
31
890
338
394
118
402
982
659
506
903
128
209
460
995
893
47
74
899
811
978
952
551
12
83
680
764
246
969
330
760
872
975
406
602
448
384
94
35
519
674
81
525
685
926
298
614
121
403
911
449
769
193
869
177
768
545
121
915
637
654
890
479
264
231
706
138
359
77
410
492
519
316
229
625
238
791
253
517
917
628
538
945
148
977
553
637
581
666
881
369
594
281
824
588
922
256
276
808
214
957
790
136
330
915
561
510
287
697
601
53
478
313
230
408
783
439
775
566
527
891
499
571
696
278
634
404
170
757
211
798
631
101
415
659
261
699
194
762
940
710
402
154
687
340
871
731
927
262
291
88
595
672
707
325
316
217
3
466
29
995
88
569
856
80
15
250
762
721
379
367
833
468
700
374
868
338
226
284
736
521
976
968
340
677
478
83
258
342
351
666
54
806
178
733
762
897
971
488
144
513
145
515
425
878
475
39
58
854
523
832
718
854
932
938
166
597
432
817
630
321
642
241
665
617
971
966
964
798
8
609
928
199
744
400
609
144
466
177
139
141
101
723
245
352
338
952
870
125
948
395
123
231
328
618
730
41
527
832
185
755
184
34
96
982
234
987
285
582
640
799
206
539
965
384
488
164
630
145
918
417
271
948
990
778
845
946
158
162
915
343
676
586
656
502
98
259
510
25
24
812
278
197
20
708
454
229
532
172
596
422
180
780
612
578
779
40
597
492
392
807
698
838
146
648
917
994
869
530
878
12
688
982
313
360
59
755
469
85
685
862
328
581
556
555
24
272
302
28
844
948
804
461
225
251
951
506
153
553
770
46
198
297
663
593
525
163
5
324
813
979
79
596
742
769
648
105
494
585
827
714
838
255
47
103
668
337
39
987
850
728
207
316
283
603
594
888
550
34
121
765
795
989
934
860
362
55
990
467
867
762
93
351
288
976
4
451
46
883
989
295
450
786
455
287
329
280
365
678
0
394
528
72
482
661
829
153
672
50
657
645
650
560
609
21
884
844
351
715
524
350
678
26
207
787
38
36
835
907
291
721
871
863
560
506
439
929
809
775
564
879
86
27
280
285
11
66
271
446
308
523
929
135
334
944
852
432
977
191
150
47
977
653
935
891
372
278
245
467
550
451
338
17
744
392
624
526
111
273
853
954
112
952
545
856
161
790
692
116
283
396
93
530
492
532
773
869
672
321
553
488
600
431
518
716
75
633
15
983
64
589
803
421
326
310
482
270
58
14
997
764
680
382
613
110
149
299
971
54
721
775
687
460
626
369
924
5
171
177
449
524
59
717
315
986
58
905
957
261
855
550
338
515
516
618
761
961
451
431
374
524
442
555
314
595
849
388
137
919
13
421
793
216
293
754
306
894
593
156
521
161
98
745
222
837
900
211
926
357
904
563
203
946
695
234
422
985
537
332
879
903
787
217
331
121
999
489
357
68
758
820
183
685
896
683
911
255
195
798
751
79
482
75
812
533
477
816
312
673
110
29
963
608
20
905
500
650
240
687
558
144
61
836
134
311
612
432
128
740
405
279
889
11
667
419
87
304
574
656
596
561
180
859
506
454
481
272
16
966
626
774
330
527
266
473
424
914
540
269
293
72
255
297
975
749
191
927
6
528
744
95
213
60
198
859
54
478
24
650
954
82
450
364
774
437
34
151
417
441
442
124
298
865
636
161
790
633
604
12
310
400
455
472
992
877
225
311
524
107
972
773
703
235
924
988
932
332
168
561
86
258
243
67
466
608
456
507
345
155
284
676
284
916
389
153
152
385
121
877
457
762
361
395
34
531
4
962
666
442
240
413
658
575
291
117
803
331
615
107
805
606
532
701
579
393
464
804
186
45
802
672
191
846
572
105
936
711
382
763
474
795
454
820
242
685
246
110
904
573
158
124
686
512
216
914
918
50
883
109
977
3
567
884
436
451
103
658
972
587
301
881
354
578
535
677
842
152
767
530
453
83
128
698
423
75
732
783
843
316
75
201
2
232
493
765
34
102
265
851
643
595
358
250
605
835
38
74
773
100
11
333
142
720
489
443
500
989
875
672
924
362
74
412
528
8
952
88
255
434
187
568
144
563
421
681
542
547
152
591
471
293
630
275
63
136
750
617
314
792
379
546
671
600
198
322
840
335
788
215
741
580
699
660
200
519
365
634
587
805
455
586
757
943
988
49
692
720
298
104
469
537
710
687
775
707
811
550
293
840
733
640
282
359
452
708
54
434
916
465
367
853
985
861
843
382
416
810
881
851
497
126
992
580
481
925
767
534
379
493
84
81
606
486
776
527
978
964
999
178
964
962
901
336
553
285
796
813
687
866
739
126
495
157
744
693
879
815
781
862
164
786
864
317
980
661
653
777
57
471
543
401
218
753
43
114
556
973
989
506
101
221
332
356
385
417
448
120
893
89
588
262
361
971
830
639
219
665
796
89
478
666
281
173
922
131
404
582
613
882
113
783
510
463
225
369
130
736
805
121
968
951
816
99
879
513
770
925
871
654
200
185
292
617
537
712
847
747
188
800
880
376
829
570
310
861
374
642
846
867
634
828
970
453
501
879
808
219
415
489
251
33
31
103
224
335
284
111
879
837
751
588
81
386
220
437
944
505
375
787
258
601
44
52
255
792
279
561
122
51
513
920
29
652
292
103
164
617
606
454
588
205
585
79
196
141
643
853
801
313
665
814
928
908
38
111
509
258
338
90
640
750
853
854
887
373
883
988
526
122
554
329
35
791
622
773
998
877
381
878
29
184
14
257
895
937
445
951
198
817
345
960
759
231
415
743
598
807
231
530
738
632
660
444
631
999
442
624
779
317
991
356
96
442
387
712
776
756
228
834
879
704
858
591
986
875
658
103
229
902
182
654
834
780
209
467
46
554
729
711
557
10
805
779
270
955
797
998
361
120
880
722
284
579
56
482
165
966
291
402
706
414
867
259
196
973
149
841
170
170
279
35
370
599
66
127
842
535
702
631
948
162
253
636
440
294
183
845
988
76
45
652
95
276
610
213
843
293
835
364
424
109
328
82
869
618
986
620
625
963
172
320
352
637
486
308
393
214
92
597
548
656
61
657
9
386
631
393
707
369
936
679
420
190
656
824
226
85
82
77
23
881
641
420
246
911
767
686
897
501
545
941
584
870
630
892
492
526
430
779
225
237
463
757
17
281
123
751
886
924
22
616
303
839
675
360
460
682
669
318
13
201
331
849
68
692
253
227
739
227
267
597
256
788
557
483
741
659
645
606
731
948
809
303
39
88
28
134
333
154
260
768
433
693
134
598
484
68
461
624
587
301
378
637
564
179
750
461
530
190
770
126
344
81
479
672
225
120
362
309
125
652
607
207
184
701
158
144
389
283
843
152
16
200
935
439
385
989
684
392
373
688
566
909
910
23
485
261
90
131
311
199
497
676
947
153
352
509
271
497
778
460
482
751
126
681
982
174
556
455
78
430
233
732
718
415
859
505
535
891
286
110
97
560
684
110
243
320
891
785
790
704
680
132
471
178
425
482
932
350
264
173
206
596
548
13
804
655
570
116
824
558
896
203
955
940
450
53
819
626
334
670
893
110
145
839
854
891
700
129
923
332
178
155
856
165
256
914
957
865
103
587
373
354
350
768
344
816
31
565
441
601
124
415
217
241
283
440
570
582
445
689
504
963
492
892
809
575
642
20
662
321
878
947
105
419
738
232
390
224
856
148
830
418
251
935
191
204
225
924
127
241
454
597
767
952
652
68
261
661
118
160
209
733
316
968
385
157
689
455
336
174
256
612
273
161
157
324
249
628
544
111
754
447
907
260
452
190
989
41
943
834
760
915
891
14
556
350
944
243
406
201
290
217
715
394
651
818
895
274
220
852
603
260
151
76
586
895
620
649
444
853
835
172
251
231
145
514
363
200
859
899
447
347
39
594
182
73
347
465
725
939
925
353
302
872
665
11
605
867
825
622
739
837
870
789
116
634
189
804
755
731
677
895
126
607
989
439
956
814
35
226
26
700
718
350
813
855
365
82
65
669
976
904
456
692
876
851
359
535
397
977
66
10
651
717
608
355
743
156
65
421
103
73
531
82
197
663
652
12
886
299
570
272
582
252
447
335
160
144
96
490
843
508
780
394
249
791
977
898
585
708
105
721
508
290
165
680
180
865
800
308
529
619
716
600
789
837
498
746
503
529
706
336
957
569
387
495
642
890
284
904
663
171
961
751
190
648
849
9
761
791
804
970
425
414
802
201
819
343
455
232
564
250
459
251
405
21
549
532
362
658
935
641
885
117
300
27
448
785
518
84
263
478
637
684
955
0
458
207
666
583
657
638
164
527
357
889
249
36
693
390
638
883
804
841
647
447
710
320
470
231
903
298
857
329
70
603
290
693
430
734
368
864
173
912
626
252
220
669
812
512
87
73
602
857
528
309
681
349
76
411
709
519
711
64
333
244
267
998
891
865
811
219
943
655
181
377
291
20
990
363
521
831
0
200
9
704
231
687
495
930
73
400
873
70
347
811
686
628
248
303
257
120
612
305
733
351
983
70
147
29
94
327
878
581
219
89
408
852
644
565
173
290
369
50
765
854
367
541
343
820
753
675
97
582
71
851
764
269
790
315
220
26
207
373
686
381
124
701
2
656
332
610
7
546
184
934
982
660
718
300
30
649
739
30
214
598
470
959
570
460
383
827
205
110
430
697
357
683
768
523
667
818
123
818
713
349
667
664
215
964
126
251
854
350
33
507
293
206
