256
562
809
305
860
191
934
652
268
449
978
44
146
133
961
289
634
3
442
914
516
594
331
428
271
263
16
91
281
242
895
176
435
69
271
767
297
849
239
716
712
142
691
546
623
679
608
815
976
209
305
344
232
878
650
972
546
985
386
751
354
544
254
6
484
817
127
633
541
499
158
10
306
314
926
601
109
758
855
785
334
153
731
267
133
107
321
868
181
836
495
998
500
589
637
392
880
795
789
115
220
153
646
538
887
745
823
36
237
446
528
626
615
993
845
567
166
86
796
897
677
315
85
963
612
317
449
340
417
94
763
200
329
919
156
888
244
629
971
672
614
851
16
670
921
276
89
314
288
700
726
86
783
850
31
459
478
156
390
909
172
303
847
725
240
784
708
865
635
148
980
297
409
449
851
929
823
127
413
566
830
247
628
695
885
798
530
914
349
493
472
935
485
521
588
493
886
602
81
455
625
10
33
619
581
915
277
687
228
501
397
160
365
20
282
56
628
866
681
803
629
150
763
758
753
24
831
709
55
423
753
400
531
610
955
329
964
871
201
940
134
243
739
403
776
311
324
781
169
363
0
979
412
377
426
23
834
865
122
105
510
869
486
687
403
240
920
160
522
416
837
5
272
324
861
636
588
788
278
827
414
572
35
254
835
804
474
188
973
455
851
140
872
902
261
984
167
913
491
979
460
521
443
692
278
292
270
871
853
230
963
756
145
545
967
175
704
313
535
3
687
735
950
787
616
879
25
663
937
104
824
231
613
623
743
231
940
32
819
239
126
115
512
326
764
375
142
707
111
870
389
503
514
748
917
794
242
580
672
280
663
777
459
544
298
14
95
457
966
308
598
761
523
966
593
972
341
473
63
101
723
925
687
916
276
322
230
124
268
993
484
648
19
665
897
441
663
379
637
174
648
98
261
441
457
554
58
210
927
500
763
491
433
659
162
630
711
510
252
638
863
970
162
785
795
11
781
687
327
352
647
955
414
776
388
458
396
756
94
588
701
187
312
798
428
972
890
938
569
75
588
948
842
915
782
913
586
516
35
510
174
2
294
866
612
482
925
210
359
185
690
903
325
754
577
725
641
308
339
730
612
686
288
401
879
584
164
931
867
503
960
274
657
980
257
361
606
227
566
34
846
899
475
373
890
686
866
570
660
62
121
324
190
210
150
594
730
692
231
347
324
585
871
678
972
172
899
315
920
551
826
440
390
895
938
620
431
394
616
610
791
992
175
883
425
475
218
235
448
325
724
566
720
901
700
406
562
493
431
876
638
18
373
16
483
545
262
63
266
835
765
369
593
389
10
27
915
966
614
199
476
221
423
398
619
503
788
192
496
482
466
648
36
154
932
598
352
645
169
770
550
420
832
146
420
72
22
280
695
391
48
811
395
978
852
697
536
316
801
790
113
865
192
907
159
864
82
13
594
63
568
857
887
177
906
738
516
151
575
166
360
888
995
667
361
774
903
505
165
943
681
780
602
436
236
281
641
714
579
82
356
810
279
968
105
615
521
412
590
76
864
330
628
55
35
514
785
662
995
92
861
293
304
296
494
32
396
223
887
387
628
953
83
252
658
844
431
721
272
77
574
580
23
119
118
960
333
549
655
382
341
981
204
513
800
260
386
770
978
352
605
536
912
285
106
87
253
559
543
20
11
705
223
19
230
80
98
326
620
600
448
146
617
736
934
631
967
388
929
604
379
663
584
172
395
179
502
177
891
319
140
227
966
3
606
837
306
571
804
5
620
486
88
838
571
746
903
564
792
645
104
331
499
298
474
963
417
135
387
196
969
807
970
147
854
289
262
622
606
795
199
674
626
620
442
534
446
773
995
179
424
275
707
555
981
301
984
498
671
924
643
614
763
147
973
519
382
548
419
154
104
381
129
704
513
965
219
550
991
551
470
264
906
826
117
575
830
530
503
269
304
735
221
369
644
479
761
867
747
467
587
397
122
555
613
427
21
407
342
697
930
379
684
128
298
509
986
117
131
734
1
214
368
227
915
58
970
88
146
244
463
992
919
962
905
99
71
464
602
828
432
773
131
541
713
879
916
497
447
920
509
774
316
988
803
270
889
581
111
680
21
917
248
104
950
983
841
655
747
35
349
376
228
844
14
769
817
392
772
554
56
763
987
837
538
944
246
177
404
294
328
797
748
362
881
830
681
807
813
709
765
262
840
960
487
939
526
187
864
15
207
363
792
116
991
271
769
224
76
931
560
160
433
906
76
200
415
167
823
933
266
32
977
480
962
928
100
71
8
120
75
665
592
673
203
453
463
760
51
135
105
358
672
577
69
275
281
730
829
191
18
350
101
332
203
394
44
276
632
10
104
434
836
489
820
303
254
371
53
652
782
866
690
239
481
788
361
292
703
117
807
481
750
646
463
190
855
610
276
631
855
49
842
287
192
683
510
915
557
498
77
856
949
852
890
321
342
28
825
689
755
116
481
922
784
113
839
784
954
787
493
526
683
328
889
810
403
284
354
638
531
606
29
254
435
418
645
554
436
391
129
551
615
804
592
38
611
444
31
152
230
786
179
148
3
571
626
847
122
55
292
471
725
635
951
268
678
831
408
803
126
695
45
297
160
608
207
184
804
656
685
753
680
226
851
862
17
853
265
338
935
593
896
824
822
101
504
877
217
335
85
867
465
617
24
98
635
524
674
981
375
676
459
103
332
440
56
136
529
244
914
400
751
341
459
246
811
768
356
325
599
615
498
668
832
417
24
792
330
749
853
361
911
435
629
182
687
191
350
717
768
843
801
587
919
415
696
596
839
464
911
864
646
682
739
675
440
443
63
463
474
86
973
391
664
921
217
626
963
787
481
514
898
917
385
433
649
228
524
687
935
808
12
899
249
621
338
411
620
715
273
465
240
532
133
828
896
513
313
680
317
257
830
595
594
792
687
349
995
255
321
435
246
918
41
744
996
51
213
521
257
693
36
531
438
818
785
388
40
913
290
818
514
268
368
428
621
310
95
99
199
565
29
476
369
948
520
325
923
856
783
817
482
829
490
610
746
948
734
746
374
595
840
374
972
761
451
480
806
460
93
455
67
305
155
589
140
391
581
485
442
985
205
526
52
950
360
841
262
47
887
203
854
972
151
943
624
731
428
283
794
94
229
253
113
64
728
939
290
28
238
644
341
513
441
285
619
78
394
211
712
566
936
242
155
968
435
441
331
22
262
395
308
232
778
98
567
669
623
65
607
925
805
310
368
373
673
810
810
15
652
295
459
254
253
293
186
411
999
888
271
103
549
58
193
166
873
704
559
324
908
156
328
279
135
343
239
752
545
776
205
135
521
534
218
850
491
734
742
545
616
545
490
834
973
988
148
908
214
709
927
18
379
368
145
934
112
723
174
102
227
844
641
288
695
37
459
838
157
697
692
430
26
830
414
697
731
695
226
142
244
836
738
898
169
904
501
166
844
719
857
580
549
906
482
151
296
681
217
207
711
987
768
390
736
781
473
914
466
621
686
351
25
161
428
640
193
73
337
850
63
854
868
278
418
701
387
48
840
532
655
984
358
624
957
701
128
513
502
297
694
234
21
157
343
273
832
489
95
991
640
656
36
444
763
350
478
10
401
911
237
308
859
598
581
212
671
694
36
646
136
817
36
124
563
698
43
822
900
865
15
501
38
210
336
709
698
290
598
341
719
720
265
668
608
252
320
930
811
87
289
552
293
158
878
501
387
596
649
678
171
602
798
912
497
294
303
861
813
926
997
121
242
79
562
952
34
942
75
999
12
610
834
859
96
557
315
361
801
533
572
523
585
395
799
244
346
710
884
584
864
677
503
867
101
568
673
773
556
25
579
582
271
813
821
132
188
105
932
646
130
954
250
651
594
453
359
124
944
832
357
971
856
243
41
559
29
582
565
29
868
369
227
884
272
514
692
101
327
102
159
461
250
327
805
849
65
206
224
421
549
526
180
201
31
901
174
400
533
247
545
726
621
224
783
613
330
542
924
780
228
761
943
309
900
96
474
945
788
849
64
819
309
589
86
494
754
358
898
379
26
629
752
987
739
332
140
173
42
13
257
716
399
69
688
312
452
977
724
928
62
355
154
849
861
841
783
990
510
90
9
508
927
862
959
151
266
929
996
167
659
187
807
593
948
767
638
747
216
646
729
888
243
687
803
668
400
558
226
901
677
534
720
382
33
916
986
665
246
394
821
559
297
980
897
919
303
794
294
154
377
827
291
487
79
346
837
952
371
752
468
999
596
701
34
550
84
748
964
522
787
915
99
811
338
700
956
891
499
539
499
112
949
419
15
832
646
191
886
536
554
826
297
433
944
708
539
903
595
282
147
87
805
273
320
541
63
86
836
327
974
149
153
10
648
732
873
287
373
114
778
105
488
154
861
357
987
670
255
638
186
114
985
61
304
103
618
170
679
464
493
561
683
68
189
347
69
288
940
344
14
584
323
990
353
674
100
9
435
512
491
535
174
224
811
999
41
929
141
269
211
716
202
396
78
29
522
457
505
852
958
183
126
628
223
837
706
880
497
352
882
253
810
102
603
832
253
264
666
972
715
411
370
264
673
484
947
339
436
461
56
733
409
777
25
915
761
431
95
766
121
238
670
801
712
38
300
133
730
14
904
668
850
968
358
566
396
13
519
570
368
118
620
245
946
440
299
696
158
235
643
817
336
71
578
761
258
620
670
13
504
853
967
483
133
351
995
683
304
164
540
415
936
134
60
993
460
42
864
904
232
891
275
365
210
928
337
616
35
51
452
43
337
447
595
927
968
669
670
491
552
875
695
590
730
18
66
829
909
434
221
629
909
28
626
815
835
659
393
523
791
976
738
274
825
1
337
260
952
766
834
826
426
976
628
386
818
813
850
37
783
356
788
182
329
689
932
761
454
382
549
477
115
719
382
983
990
280
155
157
696
565
108
580
496
846
783
679
642
252
361
508
39
916
962
284
670
816
87
271
392
428
440
682
353
148
713
134
827
711
926
150
476
671
912
21
663
864
92
809
16
259
203
480
673
783
140
613
66
946
21
951
141
441
544
463
599
930
882
148
771
114
207
948
144
808
945
417
619
157
520
581
311
462
379
204
640
655
460
957
632
270
850
572
953
937
488
855
433
693
867
867
123
381
112
122
809
515
84
123
615
822
61
951
508
704
557
603
482
506
336
527
236
414
219
545
999
249
772
503
25
467
928
536
846
668
431
973
722
389
532
145
713
704
64
945
513
325
47
554
105
931
714
487
683
303
939
556
516
339
736
290
653
374
86
550
514
244
478
704
752
226
93
45
91
760
118
402
564
627
642
222
402
198
464
746
800
924
775
327
332
61
119
812
568
667
272
235
329
551
427
591
245
765
700
741
434
257
849
395
897
916
540
129
377
535
28
387
663
978
282
368
971
874
855
698
983
901
979
562
352
467
728
55
127
931
949
827
377
815
183
82
570
685
361
936
273
818
444
646
5
693
145
329
197
246
115
711
708
857
411
542
691
587
659
19
201
616
299
660
438
38
618
995
901
665
460
247
751
204
90
416
237
913
512
511
781
741
407
648
261
899
947
509
654
355
550
880
336
831
43
452
891
42
79
337
933
717
130
234
360
807
396
124
363
537
418
518
304
619
335
888
918
486
703
473
925
111
255
409
334
589
472
287
837
759
859
440
999
597
142
69
461
89
389
479
619
769
379
466
642
829
943
867
233
663
404
23
827
36
353
378
209
93
111
337
976
898
297
516
541
852
293
804
221
709
680
12
538
999
17
47
375
861
131
150
36
570
462
948
485
124
719
192
85
180
316
702
808
974
908
867
677
711
771
186
466
311
763
192
739
965
437
976
290
1
247
404
194
354
88
690
15
541
247
222
148
902
178
969
136
406
786
902
851
930
43
221
426
835
737
334
202
855
653
467
809
436
216
402
487
868
599
942
444
410
852
633
940
767
741
8
165
280
909
403
97
744
105
239
47
70
645
842
323
803
277
83
742
706
24
867
848
284
342
364
650
447
130
500
984
474
930
925
195
816
731
701
997
486
250
438
485
66
597
841
691
659
968
803
678
423
508
868
592
453
594
735
91
512
45
347
460
900
844
574
150
264
151
801
770
136
65
740
770
149
140
430
293
3
387
584
868
32
496
703
835
228
654
53
972
1
560
403
461
336
952
741
409
701
341
258
932
705
267
830
744
802
366
390
445
9
489
887
462
671
896
115
494
597
559
889
608
31
377
736
454
219
58
183
882
468
144
572
984
502
44
752
724
725
791
860
24
959
567
714
110
898
737
913
764
243
176
990
757
236
539
348
163
817
869
289
267
984
30
468
305
226
879
678
250
418
91
764
785
737
504
662
865
804
613
528
649
275
734
722
261
126
682
269
769
518
638
101
616
157
378
742
195
187
665
300
198
286
374
803
156
789
257
255
690
937
385
561
857
504
620
223
957
104
858
895
171
501
48
936
199
855
744
460
659
867
925
686
59
451
364
708
821
653
254
345
783
437
522
970
337
528
79
762
193
934
759
157
405
179
232
101
26
170
388
508
740
854
160
815
31
207
305
660
201
717
130
800
338
452
98
254
812
189
715
807
309
932
645
931
811
131
625
690
671
82
314
946
250
9
541
525
580
581
889
446
115
82
569
847
240
827
207
378
622
139
595
51
84
951
432
398
370
826
7
714
632
452
926
769
401
864
8
75
934
369
200
6
7
768
592
340
733
533
499
185
27
543
219
40
443
33
948
233
549
708
384
832
473
59
548
373
774
799
495
292
107
991
442
425
762
611
539
170
885
853
548
952
576
525
384
762
126
568
830
624
24
124
990
18
200
787
856
363
891
449
900
525
317
979
811
82
895
150
853
52
459
425
748
786
528
353
910
7
321
519
696
360
207
159
549
698
823
576
526
990
895
3
603
523
641
474
615
662
170
742
674
943
396
84
281
923
935
182
504
42
911
986
911
389
55
305
658
62
467
150
850
715
947
856
729
584
667
886
355
544
703
127
655
768
460
291
669
944
778
17
714
54
278
901
919
97
923
853
600
672
184
697
104
693
557
381
945
825
247
261
9
420
27
108
808
945
863
400
342
812
684
749
850
393
176
220
684
770
352
256
812
893
250
974
52
904
280
646
496
658
256
522
974
351
401
394
464
767
985
993
199
779
73
951
281
861
466
380
779
524
8
318
129
145
356
63
738
449
688
431
754
663
748
769
391
564
197
308
324
926
957
880
715
890
590
43
181
688
511
248
94
194
857
58
404
744
395
266
62
483
258
67
778
803
109
630
358
232
252
255
319
890
456
915
280
389
125
788
234
676
133
859
554
224
374
1
537
94
251
290
165
971
985
871
804
276
560
790
120
582
513
295
286
894
838
789
841
743
316
536
132
790
990
483
228
155
508
895
115
942
16
107
17
76
625
582
741
573
120
443
858
394
952
288
252
504
595
451
194
444
39
304
805
922
647
467
14
998
517
983
415
158
918
690
695
778
790
565
833
177
507
763
78
649
957
93
846
419
858
751
638
312
672
211
812
388
996
288
622
974
671
582
712
216
320
593
748
370
949
608
851
957
851
289
986
279
621
338
672
682
168
878
571
168
717
795
435
312
488
100
470
782
118
560
658
690
195
958
834
231
1
834
343
302
533
849
320
182
819
893
85
786
937
909
444
288
769
629
942
386
80
549
236
586
204
896
915
78
667
43
686
782
630
920
355
654
172
535
118
220
467
608
897
696
529
31
253
3
665
124
874
517
153
358
618
183
847
19
788
65
156
606
229
122
529
902
608
34
398
319
182
781
754
64
409
486
92
168
562
29
575
845
226
911
917
842
398
824
418
517
411
472
169
994
553
87
525
271
869
774
237
670
54
900
602
936
664
129
949
348
535
459
513
332
795
218
968
968
826
986
850
865
180
501
936
828
224
290
622
384
299
70
750
158
704
549
113
365
867
133
689
287
968
72
955
60
121
940
272
785
548
440
258
644
659
109
35
118
436
798
312
269
225
750
653
829
306
125
827
947
246
382
924
662
33
960
55
450
887
543
231
602
447
158
374
9
802
188
406
918
43
928
560
153
257
81
814
334
615
215
482
429
612
480
746
244
94
824
803
362
274
424
898
240
598
745
850
414
424
701
879
982
247
27
57
169
695
517
220
997
778
695
676
568
426
775
390
484
219
523
594
639
581
643
85
717
927
476
722
172
791
398
776
444
702
427
151
409
352
997
228
758
521
978
236
208
795
870
62
500
652
62
152
790
172
92
979
679
669
924
803
282
707
530
358
259
387
741
751
228
367
132
930
62
879
772
383
0
740
763
852
263
813
124
394
827
269
959
890
897
300
60
416
546
897
332
733
903
129
564
843
15
81
895
506
495
480
807
904
869
152
776
340
842
891
337
243
17
353
400
788
215
864
552
526
377
53
682
841
605
318
989
642
318
378
595
288
431
728
914
283
651
388
219
420
495
384
794
319
373
319
619
926
870
468
525
911
778
538
46
390
471
197
59
453
452
549
354
807
249
10
110
84
477
131
22
150
875
1
651
987
883
984
507
659
600
126
215
161
947
404
317
975
395
706
443
362
158
870
529
76
673
388
865
120
392
890
286
712
211
914
574
402
886
651
934
233
731
169
48
640
405
528
587
673
667
664
48
748
568
642
572
219
987
137
151
802
64
300
87
220
634
848
385
976
547
138
406
530
913
953
310
270
295
242
268
536
669
573
94
967
109
461
591
855
660
717
122
222
968
822
613
526
508
693
432
249
653
985
512
843
24
490
877
313
659
845
988
263
101
92
706
703
354
786
950
894
310
524
248
600
725
187
676
868
605
198
510
826
145
253
17
736
556
16
256
348
998
206
831
356
157
209
271
353
522
558
620
258
271
546
5
573
667
352
200
864
154
240
335
254
339
593
43
445
847
247
331
675
483
296
225
513
898
256
953
616
691
940
575
376
546
747
428
256
981
33
437
535
509
869
984
193
583
994
547
669
998
403
299
683
719
816
597
867
41
149
861
120
359
817
521
308
771
819
233
277
664
153
102
317
460
427
700
359
888
372
821
141
158
32
547
631
406
697
441
390
869
884
607
70
778
584
88
746
702
959
33
457
936
340
297
982
802
596
727
757
955
722
765
401
601
11
599
291
603
160
608
445
49
961
449
53
769
174
294
837
335
9
880
695
816
407
48
725
955
230
990
798
747
416
63
885
949
470
484
580
83
72
85
38
923
600
497
633
760
782
232
826
627
926
200
395
165
806
120
343
331
299
965
6
758
876
422
276
357
718
926
60
154
846
173
667
807
701
419
863
779
125
331
685
252
610
119
81
826
548
22
40
670
673
639
794
653
919
312
468
142
383
607
369
51
709
196
545
303
484
154
57
93
454
305
210
784
521
705
214
700
806
812
156
608
75
16
45
895
87
759
247
602
901
909
399
267
570
446
995
744
225
970
253
507
398
31
644
978
496
712
957
863
87
407
103
158
812
116
363
214
272
465
426
166
877
68
752
742
777
127
919
175
784
448
687
176
561
528
176
998
993
259
370
151
684
147
940
995
690
704
313
63
981
456
696
863
81
159
610
879
837
771
863
927
766
287
433
265
946
922
722
104
473
931
922
959
584
44
32
491
40
32
545
333
435
817
503
744
30
802
513
707
258
358
736
36
765
100
185
658
845
920
62
405
277
478
775
156
472
405
343
850
993
86
753
285
349
608
657
581
961
394
15
822
645
20
718
842
770
730
946
198
791
101
376
647
927
752
32
97
247
492
885
100
707
433
677
563
272
561
787
346
156
650
98
163
98
281
348
189
185
797
881
594
140
599
187
964
981
60
814
219
58
28
549
485
641
34
415
307
944
856
641
131
549
87
205
647
796
528
40
50
655
586
768
722
551
472
540
191
849
774
959
30
76
320
108
362
847
23
501
648
335
841
646
741
614
868
628
742
607
247
244
563
918
932
502
762
749
774
103
180
40
219
366
213
674
70
358
845
385
324
498
766
68
776
496
482
133
717
636
955
401
608
861
38
115
32
668
933
753
67
688
943
191
182
191
302
696
544
783
908
323
939
675
219
673
649
633
280
300
423
943
803
379
528
486
718
67
489
751
807
168
580
402
956
473
339
406
866
537
683
11
634
513
563
