511
696
90
934
487
462
186
712
947
749
44
594
798
200
190
764
989
813
407
54
865
942
85
463
980
154
661
740
116
994
447
381
543
735
371
355
612
80
308
782
177
321
311
867
503
984
879
858
222
793
217
238
525
946
175
22
634
680
796
216
770
432
747
405
262
754
348
288
851
487
891
152
388
339
22
380
78
245
476
910
40
900
637
744
412
636
849
179
494
182
377
431
569
773
684
469
408
660
951
192
848
750
773
889
511
589
214
962
216
556
183
458
895
504
885
127
907
249
423
794
501
790
480
780
836
118
486
327
98
131
314
735
6
233
780
623
462
509
58
903
985
512
965
827
567
115
400
544
22
748
125
703
746
462
878
692
167
631
661
504
590
203
833
746
50
253
125
812
990
470
910
721
501
566
169
573
605
359
711
821
592
618
991
542
809
97
302
825
272
539
21
539
866
822
254
747
88
646
972
933
721
355
255
12
975
466
457
44
75
490
264
452
550
774
456
266
502
730
685
873
209
823
313
94
833
393
912
33
115
351
742
30
885
66
112
186
724
350
840
75
919
495
863
905
476
237
878
968
845
159
381
559
263
470
303
211
566
40
848
317
616
925
885
474
229
718
878
65
719
921
546
575
540
841
999
726
989
739
731
148
803
467
781
704
101
716
698
623
424
47
92
525
547
531
213
39
557
659
924
644
158
445
642
468
239
550
700
633
254
923
757
746
602
282
7
375
160
95
581
30
480
130
304
620
175
734
236
583
409
125
983
960
642
710
261
414
178
585
963
261
787
889
6
646
816
456
191
104
948
464
749
180
11
477
87
510
657
673
45
111
173
287
993
351
962
353
808
832
954
997
167
606
671
978
75
107
672
416
601
63
588
966
439
996
374
677
973
239
357
785
972
219
878
423
89
247
128
426
469
224
236
688
724
961
375
546
536
134
478
72
282
969
749
602
309
675
739
356
663
828
902
329
444
782
174
768
872
868
729
804
433
624
467
493
79
409
31
92
721
955
574
315
550
520
274
931
284
829
696
119
344
416
505
870
147
37
651
14
820
984
992
372
40
60
291
664
980
594
610
564
130
678
44
965
815
219
217
195
536
894
776
491
212
928
497
915
843
436
168
565
993
657
178
453
470
202
224
85
637
865
213
71
711
578
773
314
988
195
204
214
973
289
664
98
480
390
835
805
561
655
857
361
626
434
627
19
775
245
214
583
104
688
419
769
356
212
740
814
422
702
743
313
223
84
978
625
528
664
523
168
569
970
571
54
499
655
823
148
743
752
449
628
537
38
122
565
972
344
420
253
451
743
512
112
529
169
387
949
190
529
5
455
231
248
880
936
425
741
129
193
697
88
942
359
83
156
588
536
365
218
427
243
591
418
336
598
385
589
0
40
249
182
476
214
543
846
269
387
751
231
301
921
59
984
416
172
362
423
469
565
801
830
605
789
196
764
758
711
130
379
676
760
346
498
757
90
253
176
487
668
153
401
25
701
855
758
323
527
347
476
466
401
630
247
252
405
449
304
932
320
935
505
27
767
759
241
843
799
69
882
553
637
684
984
167
372
459
884
107
604
465
423
695
768
934
42
917
784
671
42
463
653
757
65
337
155
59
799
316
240
283
224
391
3
404
462
580
344
737
535
4
351
529
90
824
468
942
955
725
658
388
574
339
65
321
192
762
423
459
217
129
882
354
589
541
666
83
881
987
485
150
291
442
509
646
299
688
84
770
374
935
151
12
641
35
672
69
274
155
118
698
289
505
280
40
46
16
182
328
173
289
664
246
980
810
840
716
701
548
250
270
806
487
36
674
334
724
320
206
458
278
950
837
718
958
334
239
79
882
916
172
236
658
244
173
765
286
285
392
292
767
938
566
56
497
771
986
969
297
298
352
542
777
250
775
377
373
754
852
476
529
478
453
708
825
542
999
827
100
320
85
901
318
137
638
41
681
153
184
743
199
277
935
192
943
925
620
944
273
773
428
176
472
689
6
16
387
162
216
642
439
885
439
291
285
251
945
178
11
99
18
514
186
810
86
741
404
877
841
118
727
86
689
848
83
290
820
589
540
67
124
390
27
225
387
298
375
419
157
146
780
35
905
560
318
360
499
72
36
717
321
831
211
22
448
552
566
467
538
238
831
181
510
835
469
702
541
822
785
557
156
371
431
615
955
677
694
409
25
431
907
673
849
592
345
780
637
892
613
970
565
287
641
246
620
812
15
601
0
612
71
94
972
946
135
609
435
732
183
33
771
676
446
724
804
700
236
122
4
663
380
369
296
508
493
327
64
950
231
183
200
551
725
818
759
355
562
959
566
920
612
757
462
644
344
348
222
119
568
660
296
471
368
982
583
818
225
462
800
645
839
314
233
331
814
788
226
602
388
59
711
992
882
616
239
67
924
716
820
405
427
671
519
6
676
291
511
595
447
79
30
973
173
247
209
93
862
65
113
339
167
499
890
893
429
623
664
4
600
96
97
811
807
487
788
945
532
198
347
470
571
309
415
393
396
83
321
632
147
556
240
633
80
89
340
853
312
270
174
725
200
188
290
220
793
959
258
339
476
545
624
852
610
197
279
207
737
24
615
40
751
386
187
849
204
347
801
347
304
192
197
688
326
700
106
668
900
427
726
146
112
698
281
571
56
922
218
153
438
268
86
209
166
678
782
279
598
803
795
923
841
521
193
202
999
524
13
160
437
832
637
952
996
172
642
438
481
977
76
835
73
737
83
952
6
397
517
958
810
343
585
82
198
990
534
718
808
968
256
954
736
146
649
914
909
130
456
449
216
878
377
627
924
213
217
320
721
827
827
52
12
794
572
307
660
539
840
394
508
532
183
41
696
244
39
468
966
994
766
89
698
900
533
579
677
379
628
501
971
346
246
179
904
360
626
746
967
619
562
752
783
205
836
358
906
803
459
194
762
39
497
968
242
463
747
409
935
78
57
492
410
89
120
736
435
900
262
212
810
483
378
909
101
133
917
983
74
466
137
991
191
869
924
108
246
300
513
894
638
308
211
639
408
410
559
975
47
52
221
603
610
150
714
549
674
521
766
711
35
614
197
688
457
696
100
609
463
750
873
57
903
896
999
796
553
17
589
187
394
363
834
525
875
545
552
812
922
365
546
178
610
642
530
977
410
915
923
962
196
954
560
397
684
157
0
271
91
435
839
426
631
637
378
158
304
143
598
581
690
541
621
804
314
379
438
598
87
308
112
347
719
228
731
501
939
873
211
219
424
772
489
30
418
166
288
488
774
773
497
629
261
606
316
386
993
532
651
258
861
830
812
792
733
223
276
830
310
663
27
539
268
951
39
212
151
522
752
689
65
758
301
32
183
426
922
751
713
162
295
690
87
325
174
37
721
216
496
404
835
739
740
862
628
937
701
279
418
421
647
148
524
103
382
162
540
342
555
824
694
944
228
795
481
997
151
783
664
402
771
130
5
225
35
733
492
85
255
565
224
907
736
462
956
948
904
174
624
455
684
863
981
347
808
862
231
170
325
233
790
209
225
334
441
813
531
902
576
951
233
104
268
664
144
266
669
544
791
314
167
327
912
130
962
302
957
762
541
680
899
320
87
803
869
810
497
731
608
748
139
45
918
965
33
888
514
788
634
855
551
952
678
284
364
892
281
846
840
33
319
315
470
38
854
473
93
955
371
823
295
507
682
400
156
680
5
935
850
536
512
734
187
77
111
768
635
378
781
903
197
889
722
959
569
1
607
226
36
549
913
237
195
352
472
975
605
620
636
937
213
2
27
369
137
476
816
945
50
791
771
276
168
588
121
249
217
100
600
671
549
723
97
449
1
614
955
211
230
775
72
842
518
615
318
659
179
243
516
657
524
327
742
250
764
366
872
339
528
92
595
807
805
995
742
615
412
641
44
259
700
339
710
126
898
650
350
752
966
732
511
334
933
662
467
340
847
93
283
370
757
348
357
468
729
903
61
779
273
78
786
825
609
133
563
114
740
280
774
677
751
916
805
546
962
849
718
950
508
659
606
210
386
360
169
778
835
292
520
705
835
71
471
385
674
536
802
136
952
396
667
374
856
711
267
979
862
162
843
886
718
213
933
79
179
988
68
38
784
437
116
565
406
330
304
216
747
474
879
245
75
570
17
118
406
288
771
236
230
360
669
765
571
591
597
750
468
941
922
731
804
56
22
843
887
35
472
889
984
285
302
357
728
678
84
106
909
124
803
56
749
812
265
705
5
309
880
905
338
942
998
550
771
87
825
207
649
540
988
889
820
462
451
765
628
68
511
77
577
976
206
485
303
124
490
30
793
626
940
445
273
763
549
611
401
671
721
190
401
531
360
396
117
33
698
263
514
745
15
988
613
125
800
38
297
683
829
471
643
763
388
711
179
608
179
853
209
180
778
538
226
907
200
133
574
882
568
113
943
688
359
538
591
82
221
174
454
749
238
937
151
540
676
409
878
234
931
41
937
737
856
376
440
401
607
681
314
292
848
149
117
894
724
692
682
194
906
771
827
831
160
768
761
169
144
1
134
716
346
722
388
276
656
276
200
295
730
75
503
20
981
432
867
605
10
350
145
656
185
192
819
484
209
375
333
766
277
897
926
490
348
900
565
599
364
659
869
635
916
887
551
830
341
919
842
859
365
66
914
329
416
417
586
104
826
90
71
422
917
655
730
969
860
724
153
335
138
639
732
945
690
819
527
374
852
277
217
275
928
871
615
169
738
418
581
15
986
382
706
294
342
93
391
204
383
830
773
23
773
798
464
379
856
712
619
775
956
709
953
402
575
831
325
115
403
591
47
510
611
406
932
194
643
705
648
479
408
349
43
613
25
618
709
391
241
29
463
263
530
517
816
11
288
70
944
613
495
84
901
760
345
223
607
550
968
693
146
62
501
574
960
739
306
681
656
64
162
851
399
96
899
199
529
762
165
481
188
329
810
181
42
737
162
629
161
37
17
543
912
182
511
988
840
654
733
525
476
243
471
537
999
654
386
873
41
947
419
292
725
692
185
990
330
134
776
315
300
356
211
922
966
402
701
12
223
698
308
676
710
994
491
360
707
119
323
302
755
11
125
570
871
401
222
19
882
105
383
462
381
87
944
929
881
334
753
946
641
306
589
984
697
683
75
751
454
902
650
409
572
853
320
640
22
446
583
280
973
609
261
713
384
690
278
698
453
103
752
385
401
436
115
783
345
842
899
872
390
486
803
704
543
853
488
785
757
925
23
465
672
615
148
232
249
49
712
320
748
976
998
893
829
946
746
4
555
721
526
439
637
148
475
830
224
383
632
514
922
675
122
594
22
217
976
681
820
231
930
663
620
213
670
91
335
513
414
810
795
166
121
185
113
955
380
735
52
336
277
54
375
404
692
608
308
610
383
325
629
313
912
754
113
434
853
998
373
613
3
847
739
460
928
666
316
185
660
855
526
899
275
818
834
331
354
261
332
670
491
243
920
475
86
927
702
204
942
739
441
753
182
702
897
439
230
957
755
424
454
729
842
533
373
449
621
990
846
374
205
409
848
132
48
881
849
305
63
318
118
966
568
410
953
226
225
284
304
342
658
37
830
283
261
304
648
24
509
471
622
623
248
208
43
927
955
518
51
924
800
772
961
882
790
748
922
833
334
278
385
58
541
964
56
720
755
74
48
58
174
595
301
853
532
150
992
662
939
544
226
436
463
547
962
988
863
875
276
350
380
545
983
749
472
993
928
900
38
334
744
148
980
118
167
114
2
80
275
253
806
49
297
685
517
85
591
127
863
275
131
629
488
402
260
554
263
255
275
627
53
657
5
177
899
915
288
931
704
592
15
73
734
38
324
35
912
168
953
904
130
439
947
290
277
331
356
854
878
956
980
65
953
925
466
102
591
448
564
701
897
564
513
485
152
602
623
162
243
184
15
754
100
380
249
217
207
339
428
180
120
858
238
122
368
104
685
655
324
959
400
498
554
23
845
238
520
995
31
894
563
567
3
977
313
622
823
910
563
219
440
657
723
765
759
442
870
326
328
735
813
364
654
840
758
686
494
56
706
971
950
627
499
515
778
595
828
977
819
573
605
504
212
440
177
819
475
349
429
401
591
850
32
301
924
793
242
652
377
382
554
679
378
269
200
752
335
938
819
137
24
298
359
623
163
94
967
318
676
768
724
583
535
5
159
972
157
339
769
357
769
140
412
690
62
929
756
920
623
234
696
641
450
465
528
844
538
966
434
419
719
909
68
171
660
804
800
31
317
840
599
389
219
296
259
410
750
129
934
441
846
928
344
846
285
870
897
729
748
149
92
358
265
289
979
186
514
666
821
976
73
598
153
265
899
907
613
681
574
306
952
526
783
767
368
436
854
253
592
972
366
438
346
251
453
104
533
886
708
132
275
587
363
32
570
955
165
507
861
772
355
592
54
771
191
316
850
583
463
794
944
200
124
230
544
421
951
583
349
781
631
741
350
510
233
889
246
842
740
916
78
503
799
528
780
205
514
658
483
242
334
121
718
345
674
417
426
842
123
752
671
579
142
314
586
235
765
975
26
599
461
729
37
862
792
60
247
615
139
526
799
746
174
399
621
452
539
866
323
564
13
0
72
938
671
142
179
591
413
69
186
680
403
191
934
412
945
177
147
165
559
84
177
699
947
54
450
636
996
845
993
264
561
308
603
872
771
62
493
206
892
902
89
616
51
89
310
374
110
716
682
811
370
375
959
297
769
531
0
133
88
199
663
73
524
662
516
576
849
85
827
604
767
792
267
619
73
444
983
608
747
615
466
62
639
76
924
416
164
74
667
963
700
300
544
821
441
387
896
166
691
784
227
572
192
102
708
654
672
163
54
678
900
888
647
609
651
22
227
771
40
144
688
867
508
807
25
966
491
840
42
775
814
658
543
980
108
292
161
100
845
731
694
60
197
793
404
472
666
873
170
735
266
271
970
504
947
965
327
241
104
831
415
142
973
424
357
806
0
390
518
353
324
32
709
373
123
376
509
720
223
427
195
448
485
716
958
854
230
481
20
985
916
366
906
919
429
525
687
918
527
528
694
257
16
445
350
870
649
95
943
588
647
893
947
66
421
100
271
898
729
520
885
836
257
104
152
823
730
214
266
418
893
774
293
769
191
430
732
891
379
988
829
584
93
886
447
600
774
481
618
607
647
461
166
516
164
840
763
681
303
671
898
76
790
28
880
212
394
736
973
984
477
865
300
993
615
71
857
471
604
825
1
625
821
477
867
574
858
364
66
905
218
875
435
402
670
454
570
654
880
687
515
176
203
340
791
657
895
719
358
779
251
558
91
260
343
635
392
814
798
566
750
339
692
575
601
277
186
272
935
692
763
502
531
376
897
480
930
758
169
191
385
288
208
166
233
997
536
300
985
952
748
804
390
644
484
598
448
396
772
902
932
240
575
345
218
868
628
216
546
443
58
758
568
890
118
467
929
783
181
819
569
335
176
289
403
590
668
780
348
618
50
356
788
737
18
462
754
288
806
106
99
933
582
406
662
780
729
99
711
598
906
917
54
352
366
545
235
360
648
422
97
954
199
390
860
400
750
926
568
400
893
601
175
15
849
675
551
707
213
977
70
575
66
966
482
199
107
895
265
747
326
952
906
1
727
496
911
203
567
135
208
535
180
137
172
53
110
498
766
579
958
88
146
212
906
608
75
392
793
849
186
501
616
989
213
531
46
950
841
957
139
781
165
706
423
509
94
811
954
703
960
312
320
494
760
92
150
618
355
991
518
386
985
257
890
858
964
531
89
924
359
290
123
43
477
269
683
235
16
678
864
173
250
221
439
654
19
88
113
102
743
751
405
734
563
619
938
146
948
223
250
727
341
614
334
270
51
204
178
790
190
985
453
320
326
952
424
148
399
974
768
353
771
749
394
49
859
248
506
658
505
705
855
865
429
222
390
42
178
762
946
538
701
912
117
733
217
59
894
779
457
928
511
582
115
693
681
119
653
259
998
230
432
582
651
999
85
557
528
849
240
621
806
539
816
136
180
856
279
187
597
537
884
789
233
353
843
243
622
548
526
760
996
120
282
682
938
254
817
248
384
922
719
399
946
581
187
764
941
308
780
27
737
65
861
94
211
959
591
370
38
556
505
811
109
383
278
288
912
176
564
441
337
15
172
93
354
668
395
368
212
350
772
281
614
455
327
689
481
732
602
783
348
35
859
113
592
509
367
821
698
242
154
198
832
404
267
522
162
268
803
600
927
409
907
271
385
199
847
713
142
707
698
630
515
853
871
877
759
126
17
381
354
233
784
762
312
622
313
932
302
905
888
257
416
682
724
578
836
757
280
386
95
169
642
379
289
6
537
723
223
551
448
204
406
391
345
962
727
617
504
13
427
31
397
278
468
220
53
494
413
989
510
409
999
601
957
978
377
794
174
648
588
796
367
758
104
586
297
545
295
656
772
490
564
482
871
435
54
908
472
902
535
499
870
577
131
168
736
22
384
533
537
887
657
448
555
454
270
644
573
515
252
375
707
959
965
271
49
772
187
981
539
111
758
955
787
886
647
489
192
316
328
715
743
740
107
231
305
578
756
355
785
420
155
963
848
103
578
904
583
974
855
564
832
925
358
449
905
37
911
169
551
960
223
57
107
179
317
143
299
844
188
106
168
921
160
264
334
703
711
986
342
484
157
860
300
20
571
649
893
832
302
452
754
142
288
809
193
697
261
153
814
640
987
948
606
788
862
313
411
835
80
217
425
851
802
122
835
392
426
991
483
981
73
629
141
921
815
88
670
657
660
83
246
716
830
783
375
244
819
259
985
47
826
450
252
989
98
810
145
980
598
960
918
32
459
688
828
590
432
930
781
407
265
913
663
266
104
374
448
482
160
249
214
487
839
607
884
856
728
527
562
550
322
406
266
931
545
954
890
801
255
420
571
136
110
206
685
639
628
540
461
316
764
928
100
710
245
957
949
279
713
557
682
152
36
606
971
740
847
671
829
622
496
24
723
431
880
455
92
143
425
535
112
341
401
267
864
274
543
841
561
479
873
473
701
198
719
708
974
246
72
466
488
417
608
763
914
864
498
815
352
654
336
74
8
825
980
527
750
821
609
325
151
930
883
343
990
358
912
325
719
270
529
39
14
597
233
698
667
887
650
187
820
87
350
369
94
109
48
903
306
955
303
983
216
102
652
362
907
466
785
403
433
870
598
99
220
367
49
431
426
329
697
855
494
80
128
576
432
260
218
784
864
850
46
169
106
815
712
382
134
855
352
539
0
244
91
634
223
467
299
584
483
905
534
766
96
363
280
18
674
186
446
326
620
692
128
368
616
303
98
217
133
217
448
442
584
284
787
543
297
909
684
95
124
163
771
