340
68
112
200
158
393
441
61
810
802
494
763
930
89
218
858
330
574
535
946
841
631
503
552
275
916
616
190
797
486
179
0
117
416
962
995
459
389
235
120
703
529
358
782
200
228
151
54
270
161
111
464
6
684
654
186
111
674
725
361
541
27
331
296
570
106
206
773
132
445
204
419
687
559
741
650
215
19
518
83
873
356
437
919
375
399
812
32
103
490
132
63
200
598
240
803
704
639
338
419
716
620
302
11
484
218
809
19
826
955
29
590
584
804
628
101
211
580
286
275
871
327
546
748
216
971
189
782
867
826
65
906
951
742
285
340
867
500
229
13
61
126
886
818
580
396
160
21
523
725
408
841
603
727
625
524
924
334
127
765
487
841
952
436
978
392
462
33
681
98
661
12
205
795
494
835
300
586
326
299
886
168
838
646
743
44
119
675
277
924
865
147
840
190
913
174
976
813
309
838
824
551
101
604
414
875
192
7
547
296
640
987
461
232
531
669
198
99
863
445
929
248
265
348
545
262
353
749
54
201
294
824
781
905
186
473
986
372
57
943
133
555
156
209
862
553
516
91
174
408
613
950
628
686
297
957
800
77
269
115
575
33
252
723
276
266
702
327
527
657
141
946
981
950
60
817
932
832
517
947
577
582
277
58
528
459
965
682
999
439
992
182
328
695
636
594
361
855
415
2
521
694
15
329
889
567
422
271
580
208
89
906
533
667
795
989
204
786
642
694
492
295
438
624
132
9
721
873
984
435
744
254
627
127
813
835
451
408
461
663
609
901
13
507
228
233
772
939
377
359
556
429
201
258
867
55
47
683
153
501
156
884
701
672
857
353
568
626
352
174
485
725
656
827
380
467
515
821
882
16
949
62
159
76
619
332
683
549
910
767
629
434
619
548
146
738
472
343
63
778
525
581
427
685
532
887
403
910
254
83
259
609
804
300
478
575
951
985
803
768
876
67
340
67
327
392
483
73
347
581
260
192
908
625
673
163
673
228
566
551
1
326
890
712
369
572
870
953
639
597
949
83
238
770
888
269
86
284
437
545
63
384
243
807
434
333
925
931
644
775
792
570
680
3
643
986
272
714
882
823
272
491
335
1
951
977
558
267
946
660
267
431
519
515
514
540
75
167
458
162
280
378
551
676
175
358
10
828
381
923
448
860
461
400
212
8
491
43
73
682
160
387
8
797
919
426
371
819
890
17
116
610
410
51
900
209
89
667
772
464
534
850
257
853
748
104
104
475
255
636
862
173
84
710
210
233
692
722
954
431
13
39
895
824
509
61
790
604
20
934
491
67
348
243
876
381
832
911
967
270
454
144
889
993
98
337
692
333
257
21
429
605
223
791
71
384
525
405
575
561
458
586
357
594
917
194
555
249
476
16
917
269
501
556
510
633
830
256
43
54
138
753
469
64
347
843
569
423
991
141
732
205
857
460
781
231
692
284
803
829
150
776
463
859
183
578
896
786
340
103
249
769
148
754
657
724
423
872
407
343
6
867
920
892
971
656
639
632
6
388
583
931
224
603
24
518
680
345
19
567
848
145
68
128
579
442
299
591
29
2
207
174
511
51
224
841
13
922
343
807
918
678
860
242
320
789
716
153
429
298
965
13
942
635
415
689
226
47
328
714
162
381
772
710
725
335
520
937
675
909
537
346
104
934
14
204
208
66
239
800
121
667
152
584
273
665
605
286
997
868
628
355
395
364
562
404
932
525
779
295
537
607
218
699
537
457
64
781
453
389
509
863
793
823
832
11
567
391
861
581
16
886
618
374
146
877
413
229
377
536
798
944
475
642
252
792
37
178
655
362
723
515
802
58
864
874
147
154
42
872
472
353
776
647
495
119
204
842
738
747
447
973
157
31
397
523
661
700
374
838
255
551
486
504
586
661
914
736
915
427
631
761
419
149
305
261
151
616
116
567
83
108
491
670
771
33
555
989
720
946
491
247
820
623
210
496
682
460
596
550
820
647
18
774
299
911
694
668
917
8
760
778
950
243
808
625
101
305
665
598
289
928
669
267
561
575
466
878
237
603
449
871
444
524
472
307
218
482
219
662
694
57
91
725
134
283
866
17
471
820
954
176
500
953
290
445
530
906
596
840
199
150
446
856
981
678
443
132
486
986
469
145
973
143
593
118
31
298
806
843
692
598
131
568
782
241
853
682
421
37
995
440
548
578
142
571
811
528
719
828
730
722
303
584
879
855
317
718
301
482
168
586
337
194
817
674
353
227
563
781
772
827
186
419
912
633
797
302
108
23
586
464
346
760
933
240
344
300
44
4
660
321
146
386
74
548
542
1
315
789
775
674
931
841
223
44
519
200
568
573
882
694
943
660
787
583
76
11
836
779
203
307
569
962
778
303
706
817
735
162
655
938
246
477
56
66
644
177
662
995
259
978
537
442
26
28
583
603
519
343
334
360
668
14
102
153
820
190
870
861
160
418
681
902
355
979
581
323
286
428
848
143
440
627
751
294
494
571
396
784
283
399
267
166
396
794
129
450
275
194
730
491
229
626
853
989
666
382
902
183
593
946
281
174
597
387
261
711
121
647
557
258
787
760
526
146
103
931
205
872
27
519
385
63
586
785
136
227
984
821
473
227
425
126
861
853
822
854
586
104
29
994
285
277
35
573
908
215
481
149
774
1
49
282
40
959
915
490
948
860
576
601
991
458
426
766
216
241
294
609
696
734
111
865
347
581
144
226
929
698
998
619
256
760
24
213
306
996
556
112
215
380
303
520
295
705
480
492
422
708
257
7
620
509
475
631
544
678
830
587
952
958
642
34
328
529
364
406
492
261
752
424
124
119
264
21
707
236
430
821
772
660
892
556
306
288
477
250
433
76
959
61
566
47
600
102
624
224
754
313
266
43
117
766
999
617
887
12
608
62
298
901
804
907
514
181
757
979
81
980
339
315
457
155
159
307
478
51
214
777
158
192
8
661
853
421
812
902
761
586
410
291
535
584
740
286
80
308
138
659
155
130
936
639
640
513
39
500
558
372
381
992
986
593
129
332
366
298
47
602
681
985
396
928
704
537
655
42
481
959
740
188
207
352
734
428
15
627
161
30
494
999
121
913
157
447
786
471
386
482
149
82
668
888
323
241
442
221
225
98
569
602
328
977
777
961
176
383
922
142
993
342
392
998
710
456
64
903
22
608
150
534
488
664
621
224
826
537
730
368
750
985
141
359
642
367
196
514
587
986
174
949
453
919
89
886
280
849
561
604
27
915
22
45
102
329
704
967
815
789
610
974
859
477
296
636
518
561
654
591
89
146
238
229
511
950
413
50
116
96
571
170
450
957
166
274
242
329
890
864
627
664
759
979
786
520
350
740
447
356
401
356
127
875
775
168
171
55
280
664
13
250
43
477
970
257
610
208
512
517
950
375
813
775
909
682
985
64
532
36
770
835
546
213
202
498
772
740
695
268
78
538
302
649
908
26
261
340
598
204
820
55
369
264
319
781
176
792
307
704
526
575
770
267
470
293
93
193
569
452
261
92
755
525
237
970
899
812
32
714
797
794
395
788
166
152
726
375
723
337
812
164
151
777
812
799
527
338
932
773
243
509
289
497
675
509
206
649
723
639
414
606
93
77
79
49
122
850
821
528
796
193
320
135
595
182
268
172
842
702
483
795
581
186
665
352
473
349
787
355
520
343
484
292
232
931
102
952
319
475
458
733
142
843
364
119
318
139
541
821
515
277
86
845
604
431
95
44
499
659
49
834
367
345
534
250
764
150
603
359
852
693
454
337
988
628
698
623
973
82
180
295
678
261
106
521
787
864
135
281
251
233
389
683
427
168
655
177
307
3
802
912
322
342
320
41
876
928
160
251
940
994
85
877
22
352
985
393
886
465
702
37
183
964
906
507
913
176
260
439
746
830
815
633
31
530
778
672
576
499
377
447
934
148
564
60
769
155
921
331
650
255
192
17
777
463
916
108
508
798
785
560
885
346
814
348
439
755
225
587
981
841
993
999
471
934
76
224
810
546
85
145
482
957
793
396
878
760
519
4
672
557
866
359
728
292
596
679
829
279
416
590
79
85
524
791
403
483
361
572
588
945
57
185
515
472
52
79
834
761
135
573
930
537
458
33
223
784
619
916
141
337
956
124
194
84
134
795
832
847
537
516
508
723
625
30
112
811
990
929
113
791
96
701
334
654
77
113
982
714
625
993
356
125
961
450
554
258
860
183
863
750
758
133
135
942
330
411
725
658
467
51
327
190
727
166
910
417
225
244
521
150
17
401
397
872
706
627
939
587
584
623
454
349
92
547
751
628
782
830
167
337
38
580
264
985
254
950
824
957
632
430
11
895
767
256
181
269
84
243
305
290
112
751
264
583
425
145
345
201
731
874
545
292
180
46
440
278
323
919
392
158
566
282
962
530
199
201
351
160
411
191
79
669
455
715
722
57
623
540
969
219
788
867
80
256
536
885
418
159
985
151
457
744
921
204
112
75
182
626
639
774
914
891
787
94
457
839
863
973
162
615
635
76
125
348
695
648
591
726
484
585
645
393
47
464
634
41
851
430
902
494
378
377
110
674
399
273
690
992
731
81
944
119
699
386
258
531
674
73
125
213
80
672
129
976
319
953
904
380
901
791
701
65
227
551
267
41
961
796
39
144
203
265
451
767
668
790
911
515
150
509
278
429
475
463
362
946
724
216
501
787
123
489
894
359
54
460
812
355
291
465
682
932
666
423
695
484
500
975
81
792
6
490
157
338
618
715
517
858
2
247
750
799
993
753
949
212
792
682
254
189
962
102
49
336
477
425
673
729
22
760
602
678
207
620
295
121
975
152
765
36
270
348
263
694
251
59
598
651
629
935
29
515
354
893
759
841
31
754
141
739
493
572
384
145
300
373
111
102
975
682
862
444
411
283
219
772
709
883
6
122
343
518
988
303
983
506
720
601
389
694
255
669
294
584
550
765
50
819
818
348
670
549
684
125
270
702
167
292
339
508
519
364
165
484
168
160
557
107
328
781
146
930
586
596
750
648
136
702
315
985
628
920
704
36
131
205
666
843
719
403
577
771
295
325
472
643
957
120
360
426
171
266
282
553
947
660
135
359
402
576
342
963
216
901
448
644
799
807
932
189
950
772
850
972
577
81
838
593
134
779
660
92
542
538
314
543
294
288
6
923
993
319
996
366
212
912
204
97
317
423
439
872
569
932
564
779
721
437
635
634
664
294
740
477
931
163
181
785
438
340
879
438
415
663
380
349
273
812
511
655
40
129
295
521
27
254
121
780
115
643
609
944
654
301
958
521
208
559
735
665
784
741
174
989
74
804
719
508
326
238
876
202
172
617
33
307
289
583
703
730
843
336
751
953
126
819
588
947
16
492
149
565
927
143
102
508
565
50
339
640
381
681
560
45
245
947
56
90
63
386
376
322
710
240
694
888
1
964
123
456
799
444
499
929
280
261
581
494
228
870
579
556
978
698
536
901
615
3
840
58
633
380
553
832
726
607
308
242
38
702
528
196
514
709
451
463
503
299
86
640
203
642
68
228
995
252
798
478
614
77
542
520
690
616
302
120
649
906
709
769
143
106
477
323
611
474
76
685
72
639
68
591
150
867
241
748
698
652
95
596
239
806
302
783
639
931
595
141
346
947
436
923
41
558
727
785
896
158
679
942
190
130
837
436
586
301
807
337
243
918
527
610
732
120
363
540
787
377
300
757
973
375
669
764
48
558
354
545
115
807
82
319
542
899
587
998
658
621
513
445
180
37
746
21
891
832
481
393
659
957
868
122
502
426
237
134
415
765
714
976
778
80
849
187
851
579
435
599
649
13
451
447
855
5
732
329
487
194
908
892
843
531
529
64
426
809
551
79
843
960
147
42
592
596
598
878
706
289
177
573
981
874
426
360
552
755
873
242
4
18
905
240
774
600
654
821
571
614
983
394
279
226
584
170
298
233
56
244
415
678
529
962
825
913
153
334
757
923
860
260
735
773
180
34
298
384
686
755
615
479
226
732
112
872
255
286
602
362
456
210
13
905
151
898
626
60
173
996
440
688
59
722
354
773
263
212
48
894
63
608
481
182
979
63
946
54
290
992
861
915
580
154
953
500
151
179
882
33
297
318
717
918
816
233
635
55
761
36
783
599
171
909
845
257
495
697
472
79
191
325
792
520
736
123
407
747
781
327
783
218
417
353
698
443
768
141
564
48
827
38
473
78
359
577
879
738
929
245
407
751
728
897
942
813
830
382
378
611
444
283
268
861
794
72
121
48
976
914
435
626
171
588
994
679
335
135
451
239
198
88
339
115
466
664
251
990
229
49
951
928
714
395
716
292
111
543
62
188
642
939
339
859
861
852
288
0
375
706
806
258
864
957
456
183
905
677
243
607
270
119
346
741
601
795
477
149
69
98
782
352
299
149
41
893
316
185
701
827
995
639
106
1
14
312
497
342
817
813
786
548
703
564
479
550
839
446
243
467
927
430
709
691
239
660
199
830
276
88
862
260
655
194
869
263
801
317
754
876
94
652
837
481
484
780
129
760
766
562
576
761
585
310
551
758
226
476
323
32
305
603
142
536
631
567
34
695
456
129
465
814
268
54
750
610
248
396
924
39
171
817
754
989
840
310
23
864
160
321
775
241
921
808
482
730
694
385
797
143
492
135
80
56
823
998
43
307
687
951
398
174
146
344
627
898
655
91
706
787
964
830
105
548
197
858
214
871
130
429
378
890
195
43
412
13
474
641
903
760
62
66
857
194
543
578
169
795
203
672
979
387
76
224
780
692
3
422
5
578
205
231
790
36
496
273
456
938
19
411
94
93
504
239
569
630
742
68
503
174
87
345
272
813
154
635
4
631
174
671
44
704
925
83
651
784
176
14
345
2
668
264
893
894
217
252
987
102
19
955
673
342
391
218
794
21
860
563
830
88
203
953
934
965
292
148
599
268
518
117
91
178
11
908
838
527
62
861
355
936
634
649
788
263
632
624
296
358
684
395
996
362
517
432
297
108
799
928
37
875
823
898
681
573
234
370
518
149
386
428
525
910
758
594
954
109
701
990
836
756
903
705
180
363
624
761
135
833
482
953
649
353
894
58
224
696
846
775
930
250
946
855
396
636
181
116
649
556
587
520
691
932
585
847
968
190
961
551
332
953
849
708
791
994
919
576
483
286
955
983
573
107
17
401
269
311
201
105
763
960
637
858
336
658
71
858
726
295
436
398
85
488
376
484
644
18
215
840
592
892
581
30
363
333
60
550
876
258
544
502
86
573
936
153
336
633
914
781
466
546
139
299
870
705
523
943
890
205
345
807
153
789
640
376
576
90
293
659
268
442
516
151
277
175
462
640
535
782
81
702
326
514
940
912
179
561
614
423
919
615
882
167
394
702
664
8
425
727
459
67
330
418
946
504
165
506
366
444
41
332
823
671
879
613
115
275
143
379
700
497
198
964
485
590
81
627
785
3
904
409
432
442
905
903
902
812
184
226
369
951
921
600
400
469
154
678
747
712
39
60
235
793
411
384
550
576
991
695
398
293
219
106
96
141
199
189
132
944
140
803
886
831
875
37
79
20
553
65
352
785
975
807
909
890
530
487
490
255
515
846
613
593
589
424
759
22
381
823
512
560
867
689
966
495
789
336
90
695
962
66
959
452
50
217
527
842
943
277
620
513
695
837
856
77
281
893
10
747
994
730
102
504
867
776
71
556
905
852
795
163
800
597
723
68
757
237
286
283
871
790
753
585
448
168
29
667
974
215
4
544
920
649
689
443
671
844
860
209
68
622
527
532
264
927
225
78
499
600
324
482
76
807
748
740
938
826
814
24
685
689
362
271
436
424
631
359
52
826
802
370
753
625
531
390
644
250
244
261
761
958
854
370
388
882
345
28
8
472
128
152
395
870
87
70
425
148
307
238
908
116
268
203
349
658
81
325
353
195
456
829
579
898
152
937
402
44
269
231
239
29
543
694
885
956
448
192
501
801
704
197
588
815
39
585
804
325
198
268
844
470
74
154
829
776
422
249
586
626
131
408
58
902
975
264
254
686
528
362
513
266
771
751
945
848
886
551
185
285
350
393
136
311
645
161
706
205
171
7
680
238
72
404
902
286
516
640
130
87
795
727
212
732
392
514
526
417
677
905
537
566
636
294
225
146
262
813
318
172
629
671
497
757
919
254
471
66
530
763
925
925
878
43
344
706
356
96
95
103
561
347
944
429
318
783
451
524
760
930
343
523
503
949
311
988
605
898
105
29
428
652
3
211
820
98
34
529
409
566
640
71
909
762
721
758
991
98
226
255
31
324
567
603
76
436
600
277
397
740
311
612
64
305
304
141
898
905
181
909
324
336
469
139
398
321
689
948
826
585
187
176
88
376
555
330
874
857
183
686
979
569
766
610
672
980
953
375
43
594
430
81
976
545
571
153
495
860
107
212
221
105
648
716
942
945
310
124
787
640
896
937
515
732
169
420
562
114
544
164
755
844
49
105
323
822
44
267
548
720
453
897
434
502
487
781
310
595
949
556
532
373
431
628
691
449
517
894
944
511
603
290
807
72
81
250
448
540
870
999
2
744
449
407
246
732
83
865
355
859
372
871
217
723
0
513
548
957
878
187
495
270
181
252
138
692
763
879
450
908
452
855
492
448
643
252
126
287
576
946
961
996
350
920
478
944
112
518
604
970
343
55
131
53
514
990
137
131
971
357
55
701
962
361
903
812
832
929
524
458
482
485
525
258
856
212
247
246
689
709
350
982
373
551
216
854
879
844
927
441
764
696
465
274
404
312
710
129
196
653
757
194
494
455
34
185
622
486
680
650
81
52
847
341
780
759
98
694
558
930
929
498
19
755
294
622
719
903
285
418
763
610
236
851
470
755
725
926
715
347
957
815
819
662
890
697
231
802
909
353
197
644
777
27
620
523
976
462
13
260
729
11
696
300
471
592
208
428
617
68
868
774
593
291
787
710
972
296
323
372
509
666
22
342
222
623
162
963
556
326
244
778
829
353
264
880
881
575
975
152
978
847
765
340
498
40
453
370
632
574
4
827
990
334
807
501
617
195
442
999
830
569
503
812
30
615
814
465
326
538
359
633
317
740
729
897
610
147
438
405
674
709
861
968
619
473
347
755
272
697
344
885
42
581
626
648
991
121
952
148
985
126
476
877
301
557
725
192
343
983
496
915
295
675
579
345
346
383
679
605
111
103
159
886
179
68
889
401
156
403
903
677
583
614
250
63
375
224
53
437
179
426
265
504
74
51
850
826
389
876
757
111
705
609
124
769
455
603
192
443
506
954
554
31
629
72
406
587
966
281
116
397
387
774
700
879
767
281
749
687
561
595
579
605
626
961
459
239
49
21
220
282
260
961
203
294
517
574
178
68
615
842
71
356
355
256
757
950
667
938
273
794
746
953
523
932
759
493
551
543
556
896
439
554
343
500
455
791
116
909
276
632
157
457
66
789
911
756
824
576
226
889
42
194
629
282
323
926
227
568
181
907
110
270
487
303
278
544
369
926
526
465
135
522
140
10
544
860
987
366
154
57
431
66
51
729
172
266
718
496
450
326
241
303
273
892
519
357
790
480
798
102
895
886
903
678
817
55
790
327
971
217
821
109
390
249
761
827
699
405
864
111
57
12
142
360
186
582
283
768
649
968
98
828
59
391
720
72
239
190
759
727
626
83
911
560
243
227
712
973
784
926
62
885
164
781
73
825
78
448
879
996
174
84
449
363
590
921
599
412
186
570
873
466
126
958
467
366
59
843
291
42
918
394
658
264
621
445
701
479
911
13
944
381
22
97
478
88
907
352
966
70
423
223
557
940
410
6
965
587
170
421
679
919
809
45
386
226
930
401
151
526
274
770
984
727
128
106
621
230
448
16
387
690
602
162
162
312
657
953
313
204
787
206
776
920
404
354
225
513
583
899
3
209
586
179
29
46
149
555
548
906
359
756
129
764
509
398
802
355
88
777
315
779
706
49
529
72
836
687
475
79
143
986
213
500
901
444
482
766
891
32
373
815
902
642
316
16
782
239
986
625
524
395
960
21
699
762
783
276
502
174
396
386
222
239
184
996
430
440
587
931
413
630
421
306
615
212
632
698
17
601
525
644
327
867
226
134
939
901
637
79
60
28
184
748
9
239
577
957
200
69
748
274
936
480
351
742
487
919
794
862
345
305
521
795
702
773
423
66
350
31
160
797
51
141
52
339
467
911
323
906
609
53
513
37
847
978
960
240
762
918
36
728
890
274
983
192
669
229
578
14
567
419
20
972
63
244
218
786
145
627
971
432
635
221
823
265
207
817
164
764
932
295
724
788
209
129
830
919
616
550
527
244
306
45
285
797
996
583
544
420
62
557
533
10
956
528
640
491
243
536
486
773
369
396
509
246
961
976
920
677
602
317
242
753
284
914
862
671
230
736
777
591
854
251
309
101
534
212
482
829
863
883
603
695
845
490
723
363
399
709
762
6
353
310
208
130
120
269
684
467
241
956
145
862
886
48
734
732
886
851
920
292
584
103
927
655
340
237
266
669
550
275
799
573
352
156
259
545
570
2
66
696
417
598
396
277
137
832
37
60
640
578
110
509
697
326
189
209
737
296
430
977
514
975
52
926
274
965
729
364
207
541
813
455
785
68
110
215
892
920
565
416
824
773
985
82
391
486
290
744
218
769
219
892
808
83
245
367
172
131
741
173
962
3
313
903
423
672
884
258
258
762
35
573
226
959
131
641
757
851
218
593
425
106
846
888
763
981
861
689
347
427
51
490
584
583
506
650
941
231
601
289
247
477
747
495
410
910
562
60
271
855
752
751
684
928
242
250
384
425
393
938
265
392
223
773
308
437
547
76
544
781
224
480
872
258
608
473
523
468
760
25
882
728
833
14
693
182
523
391
906
969
997
678
283
232
277
524
275
705
216
226
813
661
215
587
504
567
999
231
747
342
507
874
441
705
304
724
625
746
989
801
53
187
861
792
949
365
42
41
568
360
799
320
574
69
42
534
364
183
684
878
956
391
262
973
449
927
843
162
404
662
20
910
110
90
220
637
