949
132
988
760
138
574
514
605
573
295
967
240
357
102
632
291
918
892
750
886
946
488
396
82
679
951
875
455
516
583
444
600
997
887
941
744
238
549
837
699
331
123
449
203
78
966
441
902
842
429
877
904
397
651
352
346
858
712
271
967
948
850
219
951
622
468
361
434
311
472
635
818
108
750
432
949
278
905
406
926
930
202
840
527
399
748
922
486
842
979
209
121
453
945
504
126
758
199
925
419
411
468
865
558
660
757
423
899
841
841
836
161
402
872
708
559
213
879
190
920
618
619
93
799
787
720
55
265
535
204
907
278
254
364
43
459
342
555
137
184
843
259
974
817
246
289
925
3
964
346
983
52
943
803
423
55
763
482
525
724
166
679
264
152
122
838
252
765
47
411
812
904
665
730
97
651
961
323
464
279
520
671
417
848
981
177
676
709
79
163
222
418
63
324
721
348
493
595
609
152
723
747
51
888
278
707
392
99
216
305
135
448
259
58
497
527
440
208
630
532
62
257
805
809
838
424
888
166
146
90
822
432
270
639
89
819
422
122
928
21
815
727
144
785
227
457
91
725
52
605
674
136
897
286
630
795
694
805
98
283
885
213
501
40
131
961
652
94
14
531
884
693
746
505
77
495
395
166
330
69
660
338
612
78
910
863
439
494
532
321
564
703
211
153
221
390
799
39
815
524
145
545
337
519
909
788
324
125
143
757
427
461
373
845
505
849
392
871
577
108
924
95
192
396
303
953
24
4
662
155
870
473
851
104
899
343
147
202
167
639
148
427
393
583
491
721
491
438
467
475
866
554
26
700
900
440
141
586
570
631
580
403
733
306
936
966
205
16
849
369
588
210
245
12
120
304
906
761
520
184
684
127
870
476
657
98
411
319
402
600
608
676
749
746
872
98
917
285
371
32
851
964
813
1
758
140
830
12
757
36
298
444
709
822
992
254
911
406
664
132
433
407
910
365
124
532
371
14
149
754
186
1
317
455
632
505
987
398
172
303
26
947
743
956
813
229
277
700
630
533
249
323
654
554
183
535
62
54
290
57
300
480
438
201
570
334
215
109
921
935
1
85
323
203
465
911
613
8
848
674
475
282
608
849
93
693
967
390
703
18
257
488
655
844
402
722
847
22
352
497
403
371
143
146
324
441
702
878
155
186
590
460
745
41
867
89
587
14
635
102
923
14
428
445
241
970
986
577
648
209
430
242
229
605
490
434
51
87
576
631
898
304
763
765
494
118
965
735
227
647
487
570
677
180
511
647
958
173
979
762
473
581
885
267
996
770
447
505
434
659
453
590
86
502
433
3
212
773
690
960
473
316
654
560
619
394
606
807
530
210
897
625
398
437
696
985
226
189
153
274
87
704
736
94
683
263
975
264
880
602
93
488
401
667
229
979
159
27
773
859
346
669
455
954
330
821
517
783
902
483
437
347
3
938
292
955
38
624
615
394
406
914
564
481
616
294
775
14
341
740
65
7
881
105
658
849
866
961
919
689
321
568
415
942
581
806
439
650
762
925
685
107
241
400
746
930
113
937
9
710
867
607
212
334
11
563
845
130
770
973
146
588
961
672
874
105
696
398
788
918
932
81
54
152
294
448
835
716
752
842
342
48
683
410
259
788
853
654
485
768
406
6
226
20
721
670
490
454
207
504
414
763
374
49
254
517
465
974
651
965
922
275
523
390
619
255
498
774
193
560
277
913
793
278
531
515
109
663
828
162
287
551
779
918
54
753
552
30
310
966
326
833
866
104
27
157
693
588
54
767
750
699
762
991
561
931
569
479
225
998
988
457
356
383
374
2
656
260
17
359
809
900
304
330
852
943
731
217
301
68
177
243
69
267
480
888
336
880
704
68
274
352
981
551
193
340
531
684
966
831
764
996
949
741
237
782
116
458
966
22
897
315
488
927
612
37
690
70
867
1
812
725
931
257
236
728
420
58
382
407
998
45
662
697
840
51
265
369
239
325
337
944
243
566
464
647
365
541
940
678
285
226
865
550
537
868
404
856
95
981
907
64
315
916
570
961
284
876
304
358
776
925
864
522
944
263
739
677
343
351
899
508
860
416
859
84
846
55
890
946
983
298
22
66
209
77
868
562
53
491
774
17
11
862
54
394
716
860
199
471
779
94
275
476
482
269
614
570
256
203
977
492
936
772
51
289
861
559
986
702
569
444
871
511
741
340
191
538
635
480
878
281
935
735
167
218
996
903
862
932
474
111
734
904
109
166
646
898
106
740
214
746
810
188
39
292
121
602
608
24
72
271
62
334
118
365
99
706
557
745
615
695
649
293
700
84
724
455
683
744
356
73
116
115
398
461
578
418
123
229
469
142
496
565
489
34
308
966
668
519
243
519
173
391
256
321
224
626
767
672
718
407
199
217
633
99
958
973
565
207
831
609
833
857
423
134
405
10
190
899
38
79
280
661
709
782
203
881
581
919
299
854
307
348
560
10
72
199
17
663
850
383
458
153
345
406
641
70
717
465
63
747
108
477
529
824
81
874
270
903
112
935
643
326
886
51
2
309
798
731
946
190
614
92
439
42
496
279
362
538
996
452
771
96
715
324
698
698
398
863
726
479
125
150
773
418
979
95
538
737
511
251
660
137
461
781
66
415
51
937
109
853
648
798
198
151
150
553
695
801
992
264
206
335
407
456
691
376
503
404
706
880
110
250
28
777
68
275
384
741
213
87
647
251
268
827
669
763
882
825
67
111
492
241
770
945
746
369
362
323
396
718
144
743
671
318
854
331
909
28
380
928
603
807
716
112
243
216
395
41
426
942
876
562
180
687
294
161
171
61
470
839
463
706
903
905
895
34
149
732
357
276
386
723
160
468
272
744
587
640
164
45
939
525
820
662
62
205
375
21
734
743
946
600
132
300
260
795
202
161
407
566
97
54
830
44
729
857
350
103
839
912
797
690
384
338
631
741
548
864
48
575
126
285
164
147
16
559
385
153
579
985
326
79
555
22
493
700
105
868
563
834
443
75
657
38
886
984
19
748
852
299
965
91
840
713
894
955
557
815
340
14
262
292
895
514
825
497
706
650
709
559
811
355
603
117
524
378
825
389
746
16
312
602
611
391
751
9
453
819
16
992
801
240
57
95
54
459
725
458
281
48
593
200
314
288
723
643
522
5
427
812
449
164
174
266
805
140
7
543
684
121
246
263
234
856
413
758
582
831
413
949
159
771
960
737
580
612
215
976
576
833
331
0
940
740
128
726
191
993
878
344
1
232
857
232
573
949
985
157
516
208
892
343
838
94
558
487
932
587
483
465
641
114
987
655
247
996
196
443
181
384
662
656
854
564
71
638
445
713
822
952
380
516
957
628
588
190
808
606
367
522
443
513
929
950
927
307
845
584
596
100
124
654
563
787
856
58
362
349
383
56
683
667
762
294
158
686
789
23
338
538
281
3
107
276
725
127
637
698
572
556
790
821
631
111
682
605
203
900
792
634
589
720
106
922
186
74
426
251
531
876
255
727
934
756
407
567
912
817
222
158
430
285
621
323
74
246
446
42
466
560
779
552
909
531
951
952
847
700
316
959
636
226
643
176
953
592
435
941
966
714
344
772
543
517
517
673
298
136
980
877
915
825
913
387
778
237
415
763
126
288
498
373
404
781
868
811
999
171
219
587
659
908
703
208
613
874
145
636
442
272
263
532
496
267
501
200
489
828
797
901
131
946
679
113
781
440
267
35
341
801
563
988
708
211
726
142
258
663
591
735
38
708
412
858
886
362
858
66
493
722
510
700
314
319
783
192
677
496
719
499
828
102
831
501
244
869
410
522
107
600
226
86
922
925
271
162
17
386
990
438
442
859
374
378
247
354
213
269
335
273
473
961
83
822
739
945
399
820
470
439
252
442
990
62
251
194
307
585
316
616
4
783
252
436
560
188
213
543
479
61
151
62
456
751
836
702
796
276
434
300
647
307
561
519
239
963
796
885
932
300
612
951
568
217
88
225
528
902
569
626
904
611
906
164
117
986
21
489
340
995
791
530
208
808
822
245
593
335
105
571
15
5
269
194
213
601
257
206
851
692
383
527
476
419
491
911
119
390
183
410
288
913
701
314
70
284
926
759
944
432
15
847
576
9
283
111
865
219
603
654
29
762
659
698
655
490
942
34
680
855
945
799
237
842
237
856
413
833
126
249
167
186
544
822
618
252
442
785
511
737
587
190
9
260
616
400
77
475
431
202
572
617
614
468
45
939
861
247
447
132
314
527
757
152
555
500
850
913
725
757
83
698
323
410
180
461
963
91
938
499
395
67
152
872
601
531
653
839
839
172
555
450
389
53
691
382
153
309
539
614
489
757
441
631
961
517
177
11
40
297
34
317
141
128
959
191
519
449
914
523
202
931
459
261
413
791
638
729
144
228
202
198
762
983
381
414
961
852
517
601
731
989
705
509
185
646
894
604
204
51
710
434
335
679
771
994
660
698
394
684
818
285
834
460
620
557
803
26
469
234
523
298
952
203
803
768
604
184
313
658
660
772
855
737
4
285
576
260
647
985
243
155
382
966
920
758
507
885
551
176
491
316
8
611
482
712
325
457
985
500
699
852
506
696
47
67
420
864
790
753
2
887
21
795
477
209
335
614
858
490
301
219
206
470
135
17
686
278
881
973
396
4
369
703
347
643
428
308
379
117
800
500
472
690
636
208
589
675
28
210
910
504
881
184
491
964
573
702
504
675
316
967
321
924
174
880
659
465
249
89
454
48
531
376
374
422
996
340
9
727
650
108
403
940
47
906
125
505
53
591
220
226
162
483
301
393
110
321
286
391
321
245
488
541
954
515
473
229
506
238
509
314
854
977
989
496
115
101
552
778
404
472
149
278
56
254
75
639
575
263
639
223
290
893
669
263
506
247
298
652
856
511
46
344
244
141
367
322
681
70
792
402
46
461
272
334
232
555
319
994
762
174
748
591
847
820
89
539
654
18
16
872
571
749
223
956
751
124
70
549
326
872
90
830
958
329
154
99
687
223
758
597
774
482
287
458
491
950
937
972
187
534
261
740
888
995
860
755
555
194
310
133
460
488
472
314
760
242
732
778
306
525
995
845
452
750
125
572
108
424
528
615
780
464
583
196
513
182
490
881
837
266
435
470
160
561
641
866
561
635
349
656
411
657
242
13
507
760
17
825
381
173
210
832
342
332
208
524
852
913
475
633
961
978
561
372
847
903
766
937
381
39
583
135
47
576
655
570
381
147
929
718
970
209
924
242
156
590
652
880
795
497
77
400
954
877
979
652
539
807
437
387
175
995
623
965
811
326
511
536
574
426
927
269
231
722
817
178
171
130
473
717
275
569
844
729
717
966
518
528
17
4
49
934
548
724
857
213
577
885
861
66
11
339
872
92
343
289
277
220
958
508
393
477
345
429
874
298
765
370
790
462
614
435
582
68
415
772
753
243
671
811
509
678
263
520
624
798
392
132
316
76
114
535
337
894
408
802
485
541
279
462
743
417
388
71
49
626
893
832
387
332
631
268
523
213
711
902
395
679
389
142
779
357
275
9
429
795
275
419
856
718
646
996
988
885
457
84
156
11
601
12
74
634
831
35
772
990
263
441
972
779
362
468
733
459
276
916
601
216
152
381
24
586
295
417
546
286
295
831
110
180
784
612
467
739
226
852
235
387
770
757
920
70
275
937
150
356
929
486
816
433
553
931
615
725
613
929
717
257
492
587
160
281
253
76
362
34
715
908
805
968
428
974
635
780
532
217
475
474
943
601
608
891
268
713
819
251
693
568
201
240
234
229
592
533
37
800
306
307
344
198
100
291
562
712
801
882
497
521
719
617
162
818
171
344
844
796
504
183
978
449
514
209
543
832
441
693
259
987
865
642
884
438
774
814
408
167
701
859
838
156
94
791
189
693
534
14
4
471
216
478
385
130
651
223
477
160
959
997
780
139
809
123
538
441
590
110
745
270
100
971
520
511
284
302
389
62
820
248
354
175
985
379
213
566
881
638
906
18
870
576
604
698
951
18
920
451
177
510
234
419
458
110
689
885
494
362
973
393
698
26
65
183
406
900
995
408
952
450
841
10
947
763
750
982
31
124
385
943
666
995
894
872
827
24
974
810
783
601
706
514
517
608
853
724
12
26
375
550
724
175
573
234
801
626
302
561
188
52
161
273
653
705
882
947
83
838
675
163
995
676
159
693
327
854
66
272
501
652
332
722
160
330
308
264
997
984
569
336
660
750
260
957
990
155
169
414
725
10
364
172
159
386
769
277
4
633
284
266
791
820
790
793
98
981
369
296
249
898
11
7
1
246
462
280
65
966
928
46
238
930
734
863
477
573
851
928
682
659
31
179
221
567
994
783
484
422
496
933
427
395
575
586
536
104
915
406
283
518
890
311
738
73
147
946
260
602
474
40
259
74
422
193
340
208
660
280
227
392
52
147
343
137
81
957
572
512
751
353
608
838
340
325
997
851
88
945
325
677
529
835
4
153
263
576
143
980
615
744
162
127
691
871
399
685
678
476
307
435
134
72
658
235
618
900
923
972
666
767
646
385
13
635
937
644
501
75
186
479
272
451
615
127
984
172
625
238
754
322
791
283
620
596
351
216
607
848
671
896
475
472
633
851
210
981
765
55
836
310
209
45
994
565
388
525
679
486
320
422
496
893
829
118
189
491
202
987
495
325
198
804
297
417
845
630
83
229
86
103
449
62
633
705
130
258
54
227
52
770
624
866
629
184
161
71
349
377
823
342
351
190
740
954
262
413
387
992
812
111
542
758
822
502
805
303
867
773
601
127
235
836
870
118
556
326
942
370
560
384
139
845
675
761
676
856
912
153
41
643
706
7
10
386
688
730
289
949
882
556
504
676
808
902
389
925
34
468
34
516
730
167
384
941
638
760
916
289
609
943
138
955
89
881
982
790
659
903
89
885
514
953
400
62
255
798
49
572
899
286
695
351
623
71
829
106
76
777
830
969
551
230
506
877
324
0
917
926
147
369
618
92
736
873
813
217
924
24
174
758
729
713
50
473
155
406
979
992
114
974
951
828
892
256
710
989
168
490
261
414
564
578
303
253
703
200
907
186
371
407
913
56
403
535
646
997
843
560
864
386
876
140
163
695
358
865
465
359
144
777
312
362
995
529
237
509
156
91
646
803
449
567
805
150
43
213
377
366
729
816
743
797
141
455
469
68
264
797
351
78
360
947
523
511
370
327
870
872
123
916
145
442
424
493
447
596
213
918
973
59
986
954
188
276
258
243
443
1
485
529
348
6
646
858
297
816
62
306
288
425
455
679
914
178
493
404
297
589
102
144
735
973
475
138
115
276
350
388
655
889
787
553
613
197
475
411
808
56
164
597
582
837
204
490
691
910
788
545
289
917
594
182
483
649
790
774
17
857
670
494
846
904
93
87
133
173
166
578
18
293
54
253
565
416
71
208
528
613
313
95
930
202
92
763
573
892
864
