736
382
524
758
251
607
996
973
155
76
979
320
322
127
489
847
94
67
241
563
897
46
502
375
438
777
474
431
207
494
450
892
348
381
677
793
325
330
667
414
705
495
618
662
847
546
628
71
545
658
60
685
137
27
503
827
708
948
680
671
619
393
476
329
0
738
84
256
509
623
224
233
736
654
80
597
467
227
814
613
135
59
984
629
41
748
873
682
229
548
95
897
215
717
439
894
816
50
668
573
853
913
31
305
316
325
600
559
680
103
835
566
603
384
846
381
235
877
351
8
117
95
634
377
382
845
471
399
505
809
106
734
266
917
172
154
25
680
343
305
755
464
735
949
514
85
892
42
292
784
380
2
689
310
789
466
989
245
160
673
134
258
153
53
24
245
219
17
732
282
249
623
471
196
839
662
887
151
558
40
456
170
366
547
820
688
654
834
17
186
95
647
723
202
158
359
875
142
192
362
456
144
633
741
914
118
509
118
262
690
703
491
762
656
695
512
66
967
30
35
387
230
222
461
181
717
413
992
742
933
512
352
385
669
787
775
150
802
510
728
835
810
948
247
544
901
61
476
143
936
923
466
882
471
202
856
391
406
337
924
671
133
29
119
684
182
700
225
368
556
158
145
970
66
104
720
508
692
787
771
56
798
817
388
192
544
984
820
181
506
206
471
904
218
516
499
100
527
296
566
68
345
778
524
600
783
712
282
147
196
101
194
400
862
516
603
59
325
314
820
36
349
305
52
77
632
713
353
421
955
90
484
245
707
892
597
704
956
911
385
888
70
358
620
667
36
478
396
549
762
997
404
150
562
326
377
140
227
761
517
27
143
14
901
985
320
18
489
343
958
530
424
465
87
324
110
966
812
830
715
826
443
214
920
769
926
544
321
271
352
262
169
883
87
657
655
634
963
598
564
159
65
748
45
376
156
458
99
36
945
46
836
952
245
991
829
681
429
244
751
347
721
901
652
144
183
967
612
909
368
542
368
622
728
738
170
978
431
684
839
145
567
834
754
169
362
390
799
936
570
565
176
996
532
339
47
38
426
539
137
766
883
196
555
567
785
528
548
795
710
38
223
873
868
119
763
98
832
189
672
268
922
192
97
958
524
546
344
418
964
146
650
904
312
518
81
167
293
81
248
678
36
740
910
777
922
88
514
135
434
402
463
544
417
984
532
164
765
888
883
935
603
903
827
744
868
550
957
217
427
65
144
545
701
146
433
644
77
234
154
164
916
712
157
273
762
986
550
644
91
935
675
185
713
551
248
571
761
282
171
257
581
373
65
622
814
124
195
870
563
161
304
348
826
906
16
385
642
969
971
792
83
621
364
828
562
93
445
666
741
757
456
883
479
793
743
18
793
254
432
948
406
792
457
717
553
830
572
366
412
874
719
60
823
236
595
381
420
310
878
860
27
730
39
556
375
672
901
928
844
212
733
145
635
772
975
65
971
143
116
828
806
376
461
70
309
714
483
927
409
445
534
707
895
823
316
527
15
87
561
110
817
626
925
521
973
600
999
525
654
80
244
317
777
592
27
728
344
49
496
798
917
191
235
85
845
863
436
912
116
409
126
510
886
60
637
80
689
680
765
748
685
79
704
575
364
725
332
888
324
823
735
695
758
16
375
476
642
430
691
307
713
210
799
645
550
822
224
443
474
978
125
347
36
455
725
21
921
36
971
951
805
287
915
197
806
435
80
964
768
239
763
829
147
440
266
951
326
253
851
285
422
711
667
599
199
892
703
988
133
569
566
668
831
420
809
180
353
572
512
627
701
488
603
993
150
116
809
768
8
243
104
962
199
830
370
514
730
338
537
54
699
791
343
874
231
796
36
328
517
960
988
811
116
460
684
444
341
357
49
707
210
365
470
775
505
520
584
768
698
708
567
201
89
234
251
772
559
818
664
438
595
795
376
689
561
727
900
800
997
564
711
949
934
751
758
470
490
924
184
295
153
408
990
825
136
975
718
519
293
658
810
873
954
264
480
641
544
93
950
3
522
8
357
866
666
934
679
165
443
628
925
193
933
137
449
976
487
426
996
399
796
680
990
573
332
740
696
151
846
778
303
144
135
803
216
446
145
508
898
968
587
28
516
195
1
627
700
764
992
950
97
728
592
799
286
46
86
394
484
590
413
570
602
132
969
633
324
764
119
94
245
721
876
177
938
449
529
74
44
160
656
680
961
925
413
333
456
561
916
270
56
515
907
881
940
433
27
399
884
482
673
953
403
454
211
422
721
910
241
794
885
840
722
339
920
667
552
653
608
953
465
838
991
258
235
51
504
189
611
616
174
274
529
783
689
779
372
496
182
56
422
55
409
137
531
548
394
334
339
995
57
651
818
643
15
511
849
796
514
108
250
913
365
289
989
814
194
514
578
619
373
793
426
710
46
38
703
910
882
298
524
3
519
721
938
212
50
430
569
496
127
544
55
686
260
298
784
144
491
265
850
458
282
454
99
945
392
227
977
286
134
914
590
313
831
601
455
114
494
914
167
387
611
903
508
794
881
59
326
731
351
699
863
585
936
931
564
21
154
229
718
15
72
708
157
873
836
382
698
972
245
112
591
946
912
220
606
250
902
182
115
849
490
300
438
438
573
539
753
54
680
366
794
750
381
682
677
63
323
133
442
700
476
100
190
711
852
716
577
169
592
456
131
624
569
121
339
642
764
788
310
152
151
588
824
54
17
49
27
383
423
481
761
390
511
82
871
767
115
993
824
715
955
381
962
795
271
893
242
443
440
112
47
768
298
867
565
612
673
436
521
166
244
526
428
255
570
229
782
662
567
745
440
438
611
800
101
197
640
660
718
621
935
164
313
568
198
997
253
92
999
753
589
926
191
424
246
330
793
931
703
521
511
808
716
707
292
750
567
188
737
658
556
139
27
883
206
781
829
384
843
137
768
770
570
612
347
892
284
764
776
974
422
706
828
776
225
665
834
404
164
131
254
900
759
474
841
955
524
635
822
167
396
791
511
884
820
140
605
324
34
401
34
898
119
974
604
455
363
505
25
635
712
717
618
45
868
965
157
454
142
791
499
95
468
219
506
947
239
658
912
7
412
948
277
285
383
938
643
552
350
810
133
874
151
112
481
697
439
961
331
585
424
771
928
979
942
153
756
346
103
267
152
470
869
258
955
449
697
496
212
111
397
438
569
684
733
223
511
637
899
226
815
848
423
21
809
543
927
932
928
383
968
817
554
703
401
670
34
836
281
990
819
177
333
297
771
628
735
854
809
940
29
194
285
350
157
607
771
23
331
329
36
892
695
1
377
341
782
228
276
464
35
838
845
489
393
848
101
167
496
577
35
738
129
440
241
256
632
439
506
992
853
147
842
406
375
280
130
228
926
666
102
721
371
622
277
779
822
958
549
777
739
892
864
699
499
38
934
971
930
183
201
580
66
887
15
560
732
560
416
257
430
145
612
805
797
760
415
548
232
608
277
213
222
643
932
204
902
496
938
456
401
701
332
394
854
904
119
152
834
791
311
814
761
887
994
22
38
42
88
215
882
242
266
353
901
890
444
56
766
179
799
406
624
179
343
171
644
747
238
624
925
823
316
218
44
144
876
929
312
342
908
936
961
319
328
7
594
629
691
315
241
939
651
728
356
839
871
621
537
99
200
965
217
134
186
158
315
408
526
682
857
138
21
19
489
219
339
428
298
856
237
186
225
59
648
641
367
228
80
763
96
325
321
35
43
870
398
80
481
969
348
277
788
25
89
709
925
587
311
843
458
759
183
968
74
944
435
38
263
437
133
553
871
140
157
949
838
941
843
515
771
122
113
245
261
214
700
992
994
379
975
218
941
622
628
657
114
765
200
915
22
80
666
204
688
533
184
249
725
246
989
163
461
245
603
407
736
799
417
947
916
758
561
803
103
969
865
425
819
670
459
547
802
552
211
838
623
755
21
9
823
948
793
708
738
590
924
207
482
695
972
159
503
49
376
563
428
884
881
285
273
785
264
92
886
41
214
845
337
211
178
258
197
725
18
307
87
10
650
569
717
778
330
818
422
367
879
334
440
699
480
40
242
879
363
208
950
247
700
861
954
473
321
872
124
276
549
643
568
621
815
632
575
388
598
695
805
421
731
967
359
562
475
662
104
430
320
716
295
957
843
857
790
248
144
478
608
996
221
657
856
818
496
10
883
801
517
146
546
694
809
100
454
598
438
124
759
50
178
499
867
41
174
213
680
660
697
193
70
915
351
895
940
821
305
625
61
716
738
600
878
799
603
959
64
313
819
188
620
7
15
795
608
830
746
21
508
834
249
661
409
308
614
539
463
683
702
962
953
531
89
708
544
691
590
93
856
712
392
900
531
767
457
910
400
32
186
245
336
366
148
574
309
891
382
48
895
64
931
416
12
161
519
450
50
39
390
194
996
712
705
16
704
521
94
793
233
979
106
522
78
763
742
960
86
28
820
427
174
119
420
889
528
354
431
734
809
119
375
193
64
907
449
146
526
831
720
328
910
459
463
127
323
294
179
430
424
106
619
759
944
917
157
127
811
610
54
709
969
438
237
992
182
590
196
664
682
621
956
479
436
476
693
569
570
802
151
309
600
411
663
584
562
909
881
887
944
477
791
922
581
536
947
217
731
174
863
318
200
648
462
161
541
298
782
698
792
524
925
777
704
386
165
266
336
932
846
269
475
272
718
489
298
938
327
320
788
101
965
494
347
780
114
203
239
137
600
112
769
279
211
22
542
635
137
258
6
557
150
868
760
709
952
463
516
968
411
651
796
337
122
70
328
228
780
905
516
710
103
110
856
552
67
984
637
962
685
579
583
141
294
626
587
609
808
799
454
141
613
157
151
876
595
33
362
108
224
519
354
131
966
129
362
466
299
290
209
443
703
209
600
647
899
25
680
736
355
285
813
125
495
473
889
780
476
803
566
857
442
680
996
749
745
620
467
186
189
785
206
115
859
568
604
984
639
342
444
78
236
69
532
685
638
644
118
508
504
329
512
15
69
226
22
496
293
275
47
804
126
657
824
4
796
557
824
763
223
893
978
783
943
796
664
841
359
465
963
31
835
470
404
753
743
735
845
344
813
586
393
818
458
454
508
651
990
627
728
221
7
977
110
480
361
933
517
548
684
574
250
643
657
214
877
604
122
628
299
522
934
398
837
51
701
347
197
676
350
710
288
322
651
991
940
659
813
412
151
467
370
101
713
611
831
181
248
267
811
340
606
184
251
498
217
441
867
637
870
371
935
587
363
389
990
363
88
277
920
278
385
137
524
75
635
938
433
16
608
691
943
645
777
495
648
258
351
632
552
208
413
452
14
869
270
18
782
9
62
235
773
422
272
835
440
740
492
86
489
546
258
175
472
937
448
516
330
146
547
93
736
464
293
668
942
848
524
886
494
485
555
71
568
440
135
412
753
916
968
626
454
703
986
84
323
245
455
553
500
511
939
76
806
273
915
493
619
128
826
189
361
378
914
79
982
280
963
481
330
38
852
914
513
804
443
949
540
445
722
860
882
420
136
408
128
446
857
164
346
826
220
850
917
565
911
93
395
899
368
862
249
424
546
345
160
828
906
535
454
788
822
903
945
717
201
422
592
468
125
94
214
329
677
730
316
114
670
351
577
116
306
21
160
972
928
149
431
931
187
166
455
936
973
280
21
359
264
473
124
759
466
789
588
257
970
528
123
773
427
911
638
831
252
853
733
502
465
833
400
85
577
437
658
875
13
553
665
445
538
190
646
651
995
47
303
111
727
929
430
385
746
963
486
736
362
16
426
716
273
521
410
359
409
8
346
826
25
680
841
179
739
312
819
731
895
998
491
822
255
624
265
132
976
989
380
684
810
970
820
488
788
225
950
84
775
836
261
920
365
711
9
693
190
316
831
604
167
431
757
698
367
562
264
880
751
3
932
662
918
464
799
848
894
725
170
200
919
557
949
203
869
844
910
688
400
221
70
186
64
967
992
567
859
794
167
642
205
920
323
963
123
950
935
285
628
33
338
840
308
534
616
477
341
634
660
935
669
592
332
489
927
857
529
426
694
957
170
325
53
15
20
13
788
735
320
398
24
801
33
791
802
707
440
123
522
556
614
246
296
664
669
813
742
640
299
414
253
462
620
831
147
510
67
162
734
544
598
750
432
217
947
961
559
753
746
281
615
848
712
362
510
74
236
313
603
18
795
407
172
858
459
906
555
304
821
309
29
52
908
880
743
422
5
794
845
284
178
242
848
873
999
654
362
897
207
34
457
41
147
698
302
252
649
643
810
544
70
195
436
816
864
945
185
874
498
615
72
767
188
452
225
235
454
342
49
106
905
964
348
467
138
826
320
313
60
846
330
628
729
943
184
839
196
869
50
794
894
163
501
895
420
937
70
10
353
230
719
633
781
499
433
611
433
851
286
925
686
462
609
991
682
149
445
349
734
55
983
2
494
650
864
151
517
718
131
17
813
603
184
497
488
98
354
997
759
481
667
419
564
0
682
797
13
41
558
328
104
501
74
662
333
825
845
404
477
927
588
438
229
344
231
486
735
127
805
932
645
233
668
223
194
529
601
882
399
720
304
314
415
169
353
963
768
34
943
121
662
87
438
428
126
161
729
366
420
404
517
286
649
262
205
679
892
26
954
130
468
821
991
839
551
176
431
683
362
467
603
427
718
755
316
359
491
147
33
874
780
126
846
542
318
764
649
508
838
138
274
457
262
964
702
436
612
310
600
363
808
40
93
726
255
487
938
411
760
272
4
552
995
312
12
408
569
751
813
276
628
628
251
523
676
329
10
860
562
990
88
472
333
995
632
221
438
943
500
268
514
334
806
172
269
512
707
944
701
396
460
907
170
883
251
812
983
257
791
300
317
101
3
340
421
266
161
948
472
135
46
222
949
241
314
881
501
32
655
650
991
46
948
908
507
68
293
440
533
271
672
744
744
559
606
285
853
545
539
0
95
698
813
493
411
171
773
604
897
597
709
778
217
922
391
828
269
27
725
571
522
703
770
443
457
864
43
29
592
706
372
429
856
533
227
253
882
250
411
152
923
547
840
844
658
370
129
526
226
187
551
505
48
166
0
721
571
924
936
242
274
411
925
414
54
484
478
51
702
554
24
114
689
741
668
420
772
860
903
103
775
865
631
6
446
31
847
583
329
622
368
966
376
535
549
391
983
963
161
457
186
645
799
525
485
8
773
718
707
123
621
754
401
330
169
670
277
110
947
73
384
604
375
999
926
242
478
277
190
910
184
356
66
617
460
430
581
368
655
622
739
148
895
396
834
687
146
238
275
935
536
786
717
208
194
679
766
649
789
244
871
176
175
104
835
473
77
633
347
321
238
696
641
322
280
401
607
703
797
520
60
111
601
615
562
566
243
276
199
143
741
871
565
526
202
441
192
385
4
873
284
727
503
640
281
905
877
396
356
901
94
881
907
985
195
163
92
796
96
377
226
984
564
923
701
188
702
164
638
814
605
250
212
413
660
426
37
173
113
345
461
20
513
725
724
561
377
395
583
516
659
817
125
336
739
907
204
485
365
603
352
91
830
129
935
193
331
994
620
891
465
989
141
817
914
313
651
788
449
378
615
947
642
546
27
636
273
668
764
559
237
459
442
332
137
825
849
477
95
109
639
341
9
692
834
976
893
527
701
212
756
301
423
93
752
743
881
447
216
1
602
572
361
849
369
349
226
592
541
261
692
125
828
394
92
577
375
364
7
549
430
184
905
655
509
206
9
284
906
893
117
655
354
65
157
111
792
483
7
623
225
935
358
439
535
587
7
312
815
883
467
605
1
65
946
341
396
225
554
276
539
339
787
409
560
978
534
259
427
657
474
12
808
157
810
680
634
326
910
478
455
231
413
389
874
237
452
162
239
612
621
365
927
236
879
484
296
986
966
111
551
595
127
835
909
100
603
874
188
22
317
583
340
509
193
439
350
223
682
723
828
801
440
978
802
572
597
675
334
103
651
257
160
150
763
15
701
168
548
586
622
527
87
718
376
921
979
713
160
491
337
659
5
588
166
935
313
191
216
283
501
475
935
403
849
197
466
845
917
317
859
397
382
518
408
160
680
590
799
357
196
549
589
199
319
307
443
296
176
714
109
248
587
619
640
907
982
108
664
168
751
671
587
277
624
981
422
960
784
609
34
857
527
194
809
539
446
576
243
273
137
216
320
485
74
554
417
283
115
624
864
517
48
385
552
200
726
435
803
427
308
550
142
15
29
757
987
786
542
328
570
30
874
325
476
246
664
446
127
9
709
299
511
23
196
640
159
528
743
409
339
708
72
321
209
381
936
378
964
649
963
983
613
603
975
670
86
49
511
665
124
544
152
467
225
931
615
640
162
627
420
909
988
504
152
78
662
326
494
238
835
227
433
841
350
948
522
742
154
255
420
824
989
755
959
716
345
124
700
852
751
211
163
898
512
178
727
776
697
861
523
556
154
28
300
810
667
869
122
817
899
358
403
247
503
400
102
824
676
255
785
850
857
790
48
996
139
167
283
132
158
760
842
568
661
481
111
757
807
74
648
587
262
970
672
930
77
466
50
981
829
56
793
572
964
903
110
615
323
619
838
982
898
354
263
383
714
38
280
663
446
591
722
793
919
622
575
644
899
573
990
398
121
193
543
63
740
281
761
896
106
737
702
290
591
103
679
219
331
126
249
636
52
241
36
734
857
759
500
770
589
772
822
263
308
385
585
574
37
570
478
434
836
653
325
852
147
195
421
770
252
918
920
911
102
706
809
614
745
352
667
976
751
925
871
981
634
386
617
439
900
613
840
570
359
116
552
167
569
281
830
296
907
313
463
646
918
199
805
230
227
542
815
218
966
363
772
859
14
537
148
308
292
301
915
2
973
186
915
80
949
287
629
431
146
908
395
875
922
892
309
672
586
180
742
459
285
778
138
437
885
201
854
514
888
752
812
728
98
858
674
107
323
888
566
957
429
586
208
619
781
238
292
194
283
119
954
840
151
102
636
40
482
502
411
149
478
817
575
247
595
456
201
180
768
896
806
757
650
224
274
801
675
647
910
680
690
810
289
213
122
19
846
303
194
381
975
561
593
444
486
740
732
82
700
670
782
539
696
740
771
426
645
19
480
172
952
220
330
522
13
998
897
653
997
350
641
650
246
977
286
21
127
626
273
585
494
238
787
589
529
949
332
243
605
883
456
82
134
172
688
827
763
647
209
944
309
297
10
424
828
378
839
864
542
333
157
956
781
496
554
626
620
804
122
591
766
934
392
843
66
388
743
984
911
611
260
960
216
573
755
852
413
664
274
689
46
97
245
340
4
424
583
614
605
365
897
171
379
408
971
469
187
94
908
949
765
87
952
489
132
45
21
513
316
775
137
820
147
27
60
848
102
970
286
446
185
372
381
83
378
461
692
930
114
896
451
703
905
671
727
511
45
373
39
820
599
826
202
901
626
550
896
209
920
569
355
20
83
774
849
946
93
952
441
920
157
773
432
778
295
159
559
303
286
169
755
552
72
183
464
880
910
70
322
278
895
850
882
773
272
918
866
660
2
926
605
217
655
201
494
289
530
891
779
235
675
678
669
762
596
80
87
497
204
655
249
457
661
553
424
149
3
289
139
23
387
707
661
755
229
921
394
225
216
70
119
744
129
727
275
390
615
426
132
44
79
342
847
894
719
578
816
520
936
258
122
36
141
99
83
289
938
472
31
349
587
37
712
938
51
385
279
839
630
672
817
685
59
766
25
498
185
8
582
995
412
325
953
617
132
442
245
6
571
490
810
730
985
868
648
486
838
886
253
969
907
696
740
752
725
411
898
656
599
617
334
136
298
726
572
514
652
179
581
968
195
307
615
515
204
759
853
438
573
380
547
993
538
212
216
378
696
186
199
245
412
231
228
108
815
529
288
154
841
411
745
962
966
256
650
221
233
961
754
687
964
238
491
731
569
145
577
29
952
614
292
229
238
638
652
788
270
451
329
710
431
942
916
839
425
908
542
859
108
743
619
710
640
73
57
938
635
827
891
270
626
3
293
955
368
708
83
538
252
807
514
89
281
792
27
85
175
739
240
394
26
493
508
773
740
487
811
234
324
853
42
369
74
989
557
692
925
43
116
531
27
890
137
960
365
852
568
159
925
730
187
629
404
311
665
658
940
478
475
104
175
421
883
299
827
889
401
99
418
857
851
508
514
718
719
183
61
711
665
553
446
908
460
665
969
985
287
431
405
754
165
88
34
429
632
6
177
538
412
460
924
615
732
727
98
681
355
625
495
325
600
551
190
421
831
953
724
862
896
330
3
981
223
213
223
898
871
303
640
997
363
684
541
724
219
882
921
86
199
146
773
914
739
237
994
441
735
866
945
643
114
453
745
381
538
804
19
855
371
267
238
572
698
471
258
571
212
736
771
714
24
615
436
426
957
503
621
357
929
400
475
236
904
862
363
653
485
640
354
2
760
252
820
933
212
600
495
903
828
372
843
520
689
739
696
560
762
65
748
148
937
966
688
773
270
783
533
658
338
734
520
29
82
424
864
555
30
276
816
333
813
988
949
748
671
172
477
897
743
775
194
50
650
448
578
337
208
278
52
374
62
161
401
69
302
489
549
242
516
463
505
57
909
770
702
546
158
947
119
825
942
237
595
700
905
755
398
909
626
14
604
559
477
214
593
910
294
821
768
575
553
403
421
815
959
732
89
415
201
678
66
36
749
423
804
157
378
283
129
965
761
498
184
89
842
552
924
580
616
319
604
853
114
839
314
306
23
37
435
902
381
897
866
765
286
1
657
281
640
931
853
405
672
312
764
294
178
324
398
346
335
898
149
304
715
573
763
959
369
521
934
851
286
447
27
954
911
791
4
468
832
32
607
321
714
667
909
396
536
398
834
845
583
540
256
325
175
865
339
986
930
355
153
250
151
861
848
797
99
453
59
499
478
13
75
796
613
151
686
814
586
505
454
457
412
551
344
167
603
288
583
255
340
721
518
984
317
766
391
867
607
951
818
689
229
791
884
307
749
743
883
281
273
977
284
386
130
505
314
178
811
646
900
153
445
750
537
944
380
351
10
31
853
786
332
506
218
249
32
154
340
593
409
591
804
435
626
467
534
221
273
546
898
174
732
750
160
942
774
343
383
915
326
887
691
168
117
603
337
688
738
565
15
192
755
286
509
139
930
386
970
775
146
20
549
396
548
816
81
557
26
215
187
239
407
285
155
854
706
734
829
7
781
871
347
664
646
898
273
940
145
25
764
778
911
595
919
93
992
684
804
663
777
54
988
630
89
134
915
624
446
321
811
323
383
542
347
157
749
957
499
362
179
356
247
756
783
939
942
613
420
669
598
624
333
463
13
789
328
589
150
715
333
488
286
911
338
60
467
755
460
165
632
282
12
153
615
200
84
968
220
663
844
737
881
484
413
647
555
647
944
112
144
305
332
37
20
472
923
53
615
30
272
597
332
568
688
954
96
426
642
215
453
856
147
506
243
255
402
920
50
841
197
673
718
256
710
614
271
298
294
695
971
466
453
89
683
543
307
453
535
518
589
347
46
491
175
485
559
285
850
408
677
343
827
181
890
194
232
391
315
592
655
644
468
987
141
182
872
244
840
172
230
552
42
833
483
277
682
366
945
586
857
115
121
724
925
296
994
908
477
162
717
990
570
490
532
541
502
999
255
202
5
227
715
20
172
755
408
513
570
416
925
946
689
771
385
44
89
166
113
739
18
693
273
697
43
803
273
492
252
0
374
430
900
440
969
534
344
719
600
932
625
473
79
1
489
414
235
612
529
610
691
217
370
579
339
469
854
915
798
829
946
6
871
523
115
397
164
82
937
608
824
817
436
675
443
683
602
495
985
312
43
761
228
820
801
472
494
101
143
848
567
362
924
331
902
22
836
239
184
508
404
435
571
189
984
619
966
333
66
963
399
267
65
615
496
263
676
953
111
822
769
956
824
152
383
141
969
779
428
266
282
840
84
451
806
451
583
788
139
593
13
524
34
962
584
96
379
93
838
577
313
3
754
436
173
331
862
264
362
989
535
618
28
306
533
532
181
864
622
164
742
860
110
344
238
512
716
400
866
756
180
868
913
496
604
252
475
336
622
222
94
696
425
906
108
143
444
530
788
16
352
645
579
218
153
699
119
522
505
130
976
431
881
486
779
163
725
864
588
649
618
549
848
89
862
87
645
33
76
418
86
398
899
60
862
928
467
695
984
203
555
715
305
697
793
636
491
21
599
323
86
603
830
680
357
916
794
341
75
397
746
118
720
702
194
45
531
160
975
730
710
136
886
743
729
736
313
1
596
725
223
338
868
931
727
300
153
268
993
968
962
959
601
949
101
573
536
860
743
471
617
303
676
532
509
42
684
239
156
625
914
932
497
241
338
483
840
84
687
613
270
164
486
164
677
448
938
655
563
500
477
522
86
794
295
196
398
439
478
266
919
969
867
193
921
924
837
409
590
964
940
252
295
404
43
222
539
61
235
519
133
322
313
107
425
136
923
819
947
747
884
165
669
908
425
670
307
383
39
975
531
552
579
669
630
949
982
306
678
615
179
946
908
962
383
752
79
684
419
662
762
482
648
619
194
854
217
839
386
581
150
19
190
141
74
67
545
531
354
133
315
538
503
491
914
304
251
539
563
858
925
289
413
216
696
634
99
523
422
977
84
571
524
983
257
509
355
987
706
234
899
521
69
339
675
703
564
95
97
802
937
519
450
631
873
665
543
533
403
584
61
616
92
229
679
233
856
199
322
512
926
21
877
164
456
468
434
217
662
373
886
176
142
406
817
36
386
592
49
192
791
544
370
383
109
303
322
11
399
108
900
319
145
162
668
664
721
44
641
910
156
884
948
848
302
427
36
125
845
266
91
695
194
351
440
274
333
372
698
563
692
450
805
147
831
483
852
731
843
892
60
337
346
745
849
248
667
658
759
686
307
27
271
222
560
218
372
662
606
769
673
716
32
972
345
521
956
340
834
695
123
738
790
711
315
375
608
331
348
432
640
378
195
55
147
361
238
636
338
807
469
578
196
217
569
998
227
244
220
363
593
242
404
81
596
979
877
556
797
364
730
544
105
773
48
249
842
893
615
913
845
144
38
259
16
128
890
333
272
849
850
258
740
294
58
973
458
738
907
466
220
849
819
254
287
965
774
663
528
404
136
365
226
446
909
336
192
428
32
35
907
652
356
286
169
225
74
602
555
487
264
30
298
101
842
294
125
691
112
691
945
435
980
621
677
812
598
948
688
329
910
303
682
984
853
963
372
574
200
901
884
887
273
763
89
564
844
77
864
853
828
465
489
398
360
932
449
815
469
708
756
690
520
274
318
569
696
77
815
736
782
537
657
598
787
927
967
377
716
614
540
135
988
823
580
561
886
542
19
26
437
532
936
901
675
946
918
668
874
64
807
461
74
355
517
119
344
660
983
730
679
877
692
12
693
487
767
736
445
472
815
274
404
312
17
565
42
362
460
885
984
271
841
312
880
13
413
510
85
887
589
578
160
871
125
577
819
519
645
216
486
356
568
42
277
787
794
486
482
558
509
39
92
175
592
349
723
77
117
168
294
556
645
277
755
607
3
634
43
753
753
707
56
352
987
783
75
443
254
332
926
434
164
830
483
372
48
367
895
894
512
537
455
999
723
47
885
329
473
186
287
209
217
574
956
984
291
668
811
786
155
539
611
27
566
144
401
393
125
4
137
981
179
764
828
811
572
700
361
697
388
917
747
605
249
726
352
278
662
70
858
285
372
727
963
116
943
438
433
428
635
159
196
493
282
590
56
318
707
88
876
516
959
528
45
15
227
917
383
32
125
664
442
927
294
228
565
882
859
910
969
327
687
580
556
258
624
106
73
202
108
927
289
829
48
470
304
52
164
185
286
10
431
431
688
566
931
718
338
839
173
372
812
167
27
711
214
136
898
117
145
19
970
933
428
448
88
668
544
840
801
100
752
678
878
111
264
868
1
313
113
177
681
675
813
688
117
108
918
52
395
778
630
287
284
38
858
906
414
566
872
855
509
212
330
234
375
259
94
182
682
713
651
75
765
264
370
397
960
359
638
649
968
302
50
984
979
919
342
950
44
935
878
916
404
955
7
697
806
632
917
951
628
515
462
74
347
327
581
796
312
36
29
803
861
884
994
747
148
898
37
592
631
68
820
636
802
47
707
463
270
833
619
677
482
921
317
721
880
314
812
671
833
391
404
742
326
937
226
828
780
276
730
460
691
896
79
723
827
938
155
465
988
754
51
442
112
624
421
84
695
768
193
403
727
140
249
391
54
193
783
575
430
809
289
463
299
215
643
501
940
626
298
786
539
856
272
451
651
324
65
615
605
859
9
155
623
528
119
81
674
391
114
904
598
486
735
588
708
7
260
118
39
58
156
110
80
551
48
188
781
234
694
695
998
183
264
965
51
997
491
952
133
151
274
530
336
509
463
127
73
617
334
81
842
133
638
233
639
186
237
65
60
516
807
991
421
385
2
123
1
32
232
145
612
302
610
674
968
595
926
333
175
411
317
723
704
233
260
96
515
358
316
677
611
191
272
979
943
269
811
698
828
309
963
255
507
392
222
564
746
757
575
849
938
265
421
864
789
409
1
358
297
190
33
213
318
904
422
223
888
334
150
702
184
312
223
62
813
840
857
779
211
341
375
519
70
359
602
180
557
217
9
199
21
463
192
933
745
745
908
40
827
376
497
618
418
910
752
635
176
90
161
453
838
856
464
83
742
759
271
122
836
268
680
720
259
949
813
913
32
423
47
809
229
288
495
187
524
561
3
352
165
403
192
476
686
347
633
138
375
880
746
711
103
16
403
508
462
947
996
341
391
119
922
558
897
626
275
126
980
262
395
899
859
535
988
989
801
960
755
335
180
740
549
63
329
200
382
751
698
789
993
244
171
107
977
124
365
193
786
861
124
234
229
288
420
113
55
43
795
69
341
958
514
31
213
902
758
992
140
981
125
728
224
307
463
889
905
302
131
522
345
924
18
639
636
89
36
958
966
140
886
524
40
572
157
230
639
936
602
452
441
659
257
607
20
470
95
676
245
744
503
832
82
585
313
163
173
756
217
689
461
642
943
467
266
451
880
101
949
792
425
512
186
276
331
399
963
81
943
383
410
198
46
184
26
374
486
96
466
148
789
335
664
418
403
381
310
497
704
7
740
707
855
848
794
116
814
340
887
959
499
688
939
325
756
461
837
152
435
100
618
797
908
467
387
248
597
885
145
818
737
968
752
421
816
464
845
776
951
689
669
477
703
234
12
376
661
844
247
235
854
769
710
972
364
746
81
216
833
129
966
496
758
765
412
234
737
164
504
43
106
755
17
608
272
904
954
43
852
464
731
538
201
173
260
996
703
47
176
277
603
84
602
385
684
842
806
805
149
440
678
537
546
821
463
521
49
544
288
763
830
902
183
547
98
843
296
849
193
887
226
292
359
569
128
80
311
610
385
579
448
656
76
414
676
339
363
159
853
557
491
299
279
162
646
944
196
494
261
136
368
134
637
401
714
998
756
218
923
498
472
600
694
128
813
959
4
507
561
756
706
379
646
839
266
543
923
310
187
852
903
980
286
367
955
696
854
678
115
658
603
749
737
544
683
669
397
927
909
622
357
45
380
645
981
91
820
289
844
761
108
440
635
825
847
822
978
405
145
5
912
636
3
24
694
255
595
617
209
146
500
723
971
950
197
993
181
820
520
725
987
668
537
533
524
795
417
392
484
315
830
863
879
156
801
398
532
976
379
985
524
629
564
347
535
419
458
330
113
437
875
335
533
436
168
137
926
271
790
449
486
359
625
800
157
351
270
52
320
608
598
905
739
994
315
285
580
640
0
204
686
994
65
570
110
821
140
359
526
952
642
780
348
29
710
116
422
320
777
469
772
659
72
614
913
703
931
451
71
744
786
347
471
624
821
194
578
83
744
219
423
378
394
405
178
417
425
783
821
459
324
326
925
405
685
850
275
544
24
393
381
8
692
851
217
913
157
821
997
850
435
449
38
529
426
634
35
438
495
389
286
100
204
890
551
154
873
259
212
983
183
876
472
428
210
984
902
563
802
276
531
701
310
132
6
402
358
220
709
161
123
874
837
48
341
350
421
773
336
739
0
834
28
143
141
495
48
878
445
906
739
461
816
281
206
338
540
144
569
417
475
782
208
274
559
778
154
62
837
267
543
983
428
909
475
967
928
999
58
265
167
649
674
36
168
314
616
126
835
576
544
549
200
465
676
961
88
774
120
485
594
264
992
4
563
674
679
80
749
670
301
677
939
611
428
300
534
500
447
716
831
620
158
108
898
606
499
963
491
641
371
815
159
608
457
860
601
159
301
813
592
969
140
102
538
503
860
906
992
75
430
624
781
178
921
968
619
72
255
596
940
590
174
121
586
158
77
141
323
783
280
346
357
252
419
48
42
150
703
762
0
138
963
662
632
37
731
256
448
684
501
232
959
817
454
231
853
695
96
49
981
790
526
517
760
74
486
64
30
902
881
654
299
814
538
442
532
746
536
902
781
686
730
323
761
790
598
604
21
327
102
134
273
737
984
63
548
400
129
16
331
834
605
293
933
955
717
265
430
172
341
798
166
34
969
98
326
482
547
829
278
170
132
735
278
747
925
902
263
370
824
885
12
294
680
545
915
85
650
693
498
263
334
237
263
619
790
735
993
272
633
581
852
11
756
255
461
824
431
486
67
732
136
555
318
679
102
94
239
759
419
979
75
959
902
998
828
606
253
511
726
924
644
617
243
896
500
972
428
820
275
130
477
594
19
823
20
712
570
761
317
534
638
63
549
489
771
726
817
407
906
495
722
107
471
44
7
563
479
609
735
868
4
431
754
375
911
699
138
365
721
182
227
462
582
421
220
927
430
897
402
66
17
897
688
519
911
347
932
641
313
746
560
875
887
112
244
137
791
341
189
2
199
96
260
307
159
306
637
792
638
130
218
635
919
754
284
271
935
857
822
45
486
402
102
317
352
146
744
106
735
975
912
740
335
699
52
825
885
960
860
133
205
853
415
365
991
23
363
916
60
387
672
893
403
399
282
503
59
8
402
230
796
934
600
622
966
604
718
763
469
692
364
836
560
88
451
725
884
2
128
340
2
84
512
803
410
188
130
540
523
911
342
635
424
447
128
309
264
567
752
982
569
923
353
304
194
340
179
695
852
361
856
946
205
265
632
532
705
869
826
664
132
819
831
43
225
644
180
987
352
415
684
942
871
975
527
645
992
87
84
591
75
62
774
802
176
174
670
236
907
382
948
679
604
439
931
163
81
275
121
742
939
801
511
367
218
13
611
360
38
253
744
945
219
431
39
984
47
254
652
62
36
827
215
406
533
647
517
391
190
407
522
497
676
856
941
812
358
610
465
115
895
217
276
896
409
414
205
577
424
165
319
136
120
144
764
832
35
944
784
659
3
171
876
361
241
153
586
114
271
104
124
85
592
528
884
65
538
337
759
576
917
144
227
108
595
849
177
793
244
230
705
66
372
389
666
8
195
143
34
557
586
5
776
255
557
957
979
288
577
315
63
393
675
163
180
399
58
722
338
782
426
76
93
418
14
359
384
60
225
791
329
105
689
124
258
119
553
685
231
352
418
343
665
673
485
305
870
173
271
87
490
802
17
262
558
965
467
815
91
737
981
333
219
2
578
160
781
872
89
348
827
79
641
699
505
595
280
255
12
185
584
452
733
945
631
458
897
871
489
280
974
321
932
171
700
195
640
615
997
750
713
509
850
399
642
474
700
547
568
928
452
16
320
501
416
15
30
161
74
238
11
182
566
850
250
128
551
425
991
443
183
877
428
124
42
949
394
720
173
342
96
808
945
694
971
334
558
929
210
497
405
732
813
484
142
607
754
950
58
488
987
858
646
138
55
822
373
197
915
320
105
390
725
373
150
831
437
411
875
50
617
566
214
951
651
904
778
844
361
769
719
756
640
407
239
320
654
190
24
618
675
176
931
129
11
976
936
559
771
449
596
710
869
699
632
216
337
869
55
254
658
510
148
984
803
253
517
932
948
641
864
450
757
819
328
51
237
776
20
89
671
610
708
722
754
517
465
814
796
303
304
776
322
905
955
618
478
386
356
48
166
339
919
207
605
933
411
278
496
110
804
850
487
115
168
664
142
0
307
420
254
42
562
46
381
221
529
732
679
617
921
610
416
535
482
726
479
474
904
216
528
273
245
710
670
680
19
702
562
894
972
557
469
186
656
293
23
655
42
939
761
438
440
917
533
602
77
490
487
118
412
276
424
91
987
537
568
78
994
512
365
606
278
606
84
83
463
464
123
82
866
2
416
37
683
630
690
191
355
481
498
69
898
327
205
136
114
623
305
935
616
456
721
362
982
483
23
953
537
451
797
418
349
935
793
874
848
96
786
91
858
141
755
715
735
36
739
917
102
315
661
545
673
932
427
806
593
871
371
328
157
602
675
397
703
212
862
641
195
647
418
193
589
627
133
364
254
175
533
821
274
402
265
318
770
72
391
335
209
832
874
948
308
626
895
300
715
542
269
966
31
927
742
174
215
639
102
644
459
116
40
213
348
352
79
196
374
390
24
985
843
904
345
713
925
190
238
358
167
272
424
37
568
781
746
285
198
604
562
927
707
344
127
225
590
416
741
757
649
76
859
47
339
644
37
851
417
98
219
852
309
408
197
250
659
468
881
787
316
264
259
177
785
509
839
644
422
184
822
991
840
405
827
253
604
360
801
382
454
978
963
189
867
744
31
553
459
256
288
915
590
957
270
63
666
393
604
963
926
642
550
948
791
389
229
448
684
407
689
447
447
139
506
971
339
21
10
222
677
877
490
546
600
312
944
787
601
576
618
649
99
339
682
466
904
17
973
292
14
615
577
152
113
288
59
498
530
955
819
93
692
360
741
859
142
580
892
354
650
957
916
98
770
871
588
883
353
668
599
340
109
98
934
246
615
70
115
111
732
174
124
354
316
780
314
827
988
319
518
440
146
820
199
868
85
353
626
309
670
530
998
509
383
260
258
293
726
871
806
653
373
33
675
665
314
445
624
462
686
531
594
290
940
265
358
600
249
111
830
51
882
727
623
802
446
891
75
970
697
281
511
9
729
450
763
670
673
480
873
999
56
453
300
978
997
240
39
165
657
571
486
776
849
800
149
352
895
978
836
935
780
335
75
15
508
147
344
6
990
360
178
322
726
393
328
813
600
718
787
836
579
618
77
898
272
64
109
202
118
436
673
457
996
358
990
130
682
976
342
235
492
793
342
380
419
563
915
880
18
582
777
580
50
391
520
148
418
155
907
349
455
206
582
205
788
480
931
374
190
359
793
930
231
440
578
9
285
966
696
477
190
773
747
319
201
64
905
154
412
454
522
44
918
795
935
325
449
275
335
561
118
738
230
551
972
143
346
412
326
743
674
762
760
269
942
417
918
543
101
320
185
804
767
540
503
249
184
159
614
547
678
364
460
454
903
543
78
596
545
330
707
402
71
577
373
796
973
263
403
209
345
114
269
1
286
209
398
434
190
237
527
754
259
173
478
447
250
636
674
867
308
566
33
155
339
80
240
718
733
780
598
746
40
491
565
337
883
342
390
67
796
509
897
78
171
832
750
561
602
596
635
598
847
868
738
717
296
665
453
837
938
861
393
77
718
841
468
857
169
975
693
336
270
201
647
578
345
456
945
383
915
185
501
835
69
154
811
582
491
42
569
207
256
782
401
216
631
415
975
260
372
209
317
501
696
967
318
643
155
962
755
447
25
689
685
925
732
25
624
568
681
678
399
191
474
74
930
213
375
225
145
742
170
384
572
982
694
962
713
124
315
145
952
795
752
766
486
880
117
120
740
903
773
136
556
313
12
549
640
265
387
723
135
964
789
567
588
646
516
853
548
873
341
882
980
80
885
398
109
873
847
377
541
769
115
158
19
346
252
612
631
383
117
705
643
249
321
82
434
770
287
766
996
150
790
233
299
209
419
571
189
947
676
208
414
536
319
979
105
605
76
371
803
461
435
648
636
785
308
758
370
198
322
912
228
655
922
960
264
987
158
299
914
698
312
650
170
954
245
562
697
838
176
317
535
901
408
506
11
184
696
271
352
229
832
991
153
209
333
422
481
955
202
433
9
691
168
634
31
489
874
905
343
545
462
471
105
404
312
468
366
507
609
744
72
709
63
742
206
111
474
885
265
51
867
272
477
729
0
557
183
321
168
715
800
611
392
612
419
910
616
242
353
589
141
262
22
376
163
971
335
262
86
609
875
703
549
46
523
160
668
839
391
272
757
348
903
775
658
273
435
583
890
168
959
186
654
172
38
995
838
497
633
848
348
135
156
629
893
998
510
92
487
835
756
8
380
584
536
290
146
761
243
530
755
867
260
71
112
