918
687
886
712
563
829
637
252
585
135
482
413
733
315
869
572
716
720
545
801
923
656
495
628
833
162
717
768
582
933
666
892
475
710
944
35
637
986
823
363
847
375
754
330
283
708
617
965
364
530
202
658
995
754
556
125
357
685
145
816
877
203
407
948
683
179
788
924
176
553
444
312
637
917
465
647
31
176
797
901
865
418
150
988
383
751
758
335
906
448
166
122
708
925
751
381
322
840
805
487
401
148
473
815
174
605
913
862
607
970
198
441
903
837
809
482
610
667
586
933
285
950
31
928
768
711
590
916
788
609
375
625
763
698
129
501
384
770
983
717
700
462
567
484
962
734
439
752
288
298
44
540
890
36
984
24
932
870
311
373
212
540
895
876
666
156
481
614
750
354
584
638
708
760
565
515
421
931
877
26
213
464
591
904
13
613
62
236
805
29
311
75
56
747
927
477
123
440
109
781
867
607
383
614
458
573
44
609
94
222
789
259
622
442
465
763
682
559
803
434
38
584
634
154
810
515
717
633
225
337
360
543
332
670
944
498
219
384
975
491
615
180
853
785
159
443
907
148
581
308
925
588
531
764
451
408
471
64
716
402
73
787
784
55
437
619
399
860
850
469
947
517
334
457
432
727
635
224
972
997
97
281
902
824
649
460
391
30
124
438
767
45
646
387
94
258
498
793
225
338
531
688
68
337
109
600
602
9
758
220
342
514
564
458
348
216
203
212
58
203
179
168
828
447
836
555
561
459
584
597
16
879
227
246
734
142
145
375
679
371
988
923
317
664
864
267
874
2
382
536
975
440
841
892
879
586
184
394
739
383
688
172
202
478
302
98
268
646
494
240
907
625
898
249
471
467
291
199
285
592
517
181
443
500
930
908
666
332
70
793
272
801
553
999
161
469
942
217
850
942
944
280
890
383
956
978
574
662
767
460
847
240
908
838
633
808
410
580
699
503
552
534
582
462
926
333
523
999
442
501
430
97
523
346
185
209
981
131
734
469
321
916
117
85
896
135
302
339
501
682
476
793
668
284
727
545
115
144
92
655
803
956
90
275
90
4
931
355
745
343
565
550
869
676
268
627
876
973
926
655
382
40
563
845
894
455
863
287
747
950
78
987
743
753
474
353
83
984
52
569
469
603
853
986
951
743
431
637
213
251
213
568
75
964
787
6
433
443
708
724
60
513
262
630
257
265
724
887
273
91
552
376
164
393
562
599
835
450
250
905
854
941
38
803
726
728
800
706
841
613
464
83
744
125
33
700
46
39
42
760
807
321
859
594
298
607
450
689
813
170
689
954
140
87
462
676
725
192
63
108
587
296
943
280
732
656
482
424
209
335
384
465
618
782
26
572
828
49
895
867
569
969
344
764
17
614
704
78
50
314
426
79
314
425
502
192
372
580
140
928
39
549
116
541
871
773
439
714
197
873
997
394
442
715
476
651
988
61
665
181
970
64
903
681
970
658
633
679
60
782
13
791
731
478
616
57
664
19
816
201
650
509
409
530
414
86
248
851
270
16
53
38
626
79
977
149
936
721
500
848
208
578
657
337
545
77
504
841
890
764
520
579
622
808
207
333
871
764
759
968
997
940
944
773
844
955
44
567
143
121
594
311
556
380
906
234
54
934
634
455
233
964
867
901
870
198
963
18
323
618
455
478
517
627
61
389
900
496
972
387
124
487
40
385
988
767
654
414
909
405
176
690
729
46
941
692
957
196
152
211
668
68
491
393
945
955
841
987
216
89
509
821
938
822
258
930
228
89
511
769
811
423
350
324
878
768
210
906
719
29
763
124
527
950
496
221
549
488
159
298
995
147
275
784
678
434
571
133
95
396
875
871
51
191
25
817
35
636
895
852
273
269
592
170
888
403
456
902
958
956
788
871
393
322
251
234
499
599
344
583
699
444
693
892
497
961
717
518
990
23
782
343
222
873
978
481
883
552
1
744
439
85
924
981
981
730
496
830
989
970
892
747
18
975
873
124
322
826
278
903
113
308
965
325
946
283
102
804
460
137
101
407
300
455
850
81
205
302
125
344
9
238
332
870
298
519
579
348
537
701
815
39
122
305
151
340
794
241
847
23
719
10
874
519
362
172
155
494
963
204
704
861
810
487
964
36
365
617
336
278
851
382
189
506
987
360
248
807
650
359
338
407
551
230
395
820
957
306
899
777
540
670
301
311
444
801
664
407
56
897
835
679
627
625
372
470
105
446
748
25
164
991
931
648
242
11
428
643
407
884
981
141
125
913
662
155
284
913
91
118
87
227
159
611
461
763
567
796
505
575
512
120
551
935
342
517
74
219
650
678
351
118
702
839
208
744
761
45
590
50
738
499
566
490
938
175
862
751
787
866
309
606
590
398
148
826
934
611
85
955
191
914
926
437
282
499
338
969
528
225
892
176
496
258
489
956
79
501
841
473
947
948
114
864
788
601
609
493
920
173
341
982
441
675
698
276
868
292
287
550
241
83
613
896
826
536
156
691
395
890
371
406
68
205
987
18
981
804
42
827
183
248
719
122
51
478
926
607
857
238
386
436
95
679
658
229
276
721
458
332
384
139
47
184
346
162
254
709
173
323
769
16
776
151
631
665
257
173
847
58
349
342
225
271
910
74
849
51
714
144
977
602
963
770
562
662
977
911
550
640
888
681
221
776
279
199
177
344
999
134
784
418
619
976
751
298
82
982
622
983
559
73
707
482
777
108
86
737
500
126
902
270
427
60
375
351
423
235
81
563
57
555
270
842
320
983
607
915
424
880
259
659
727
345
302
129
917
494
874
975
895
422
492
266
400
511
469
218
693
712
459
701
99
858
164
687
400
31
303
468
546
901
463
565
224
52
236
737
43
746
655
235
256
209
434
409
5
174
483
204
837
34
19
571
578
205
262
451
806
150
481
538
78
599
35
305
148
645
82
270
687
126
611
497
801
843
542
407
461
93
939
258
355
44
501
482
297
474
961
236
207
693
914
224
535
36
853
377
944
209
876
726
254
836
194
757
527
97
754
223
484
272
564
447
138
778
732
491
124
691
168
125
735
907
247
324
801
78
177
987
823
259
774
147
538
730
815
300
197
743
11
687
94
611
711
439
606
769
630
237
727
110
752
619
561
857
978
400
192
147
314
170
726
544
804
458
905
795
94
97
560
872
629
593
471
506
826
862
477
205
629
411
806
973
108
752
90
78
216
745
425
461
388
898
49
427
74
415
853
954
564
48
20
624
172
34
484
441
337
424
81
881
598
272
589
46
448
506
629
116
597
643
182
802
923
688
427
273
852
598
892
245
284
886
420
764
236
941
799
300
855
874
134
585
829
185
641
356
969
661
88
847
268
465
741
588
365
167
713
822
566
762
634
711
379
862
45
200
25
952
262
95
704
999
130
810
215
226
229
235
979
883
684
460
227
129
561
529
467
811
175
748
83
768
177
620
964
212
379
351
430
501
612
342
752
356
343
784
206
534
132
222
312
618
504
326
237
973
822
363
571
865
240
978
985
852
142
991
403
757
969
334
609
1
413
445
573
979
465
350
254
91
292
731
766
557
358
66
989
2
672
696
264
724
353
234
42
546
286
318
661
867
572
656
116
304
789
672
608
642
150
761
389
755
137
165
593
208
27
332
496
660
731
275
55
984
22
880
635
998
987
724
925
924
936
602
541
134
441
492
615
277
471
612
862
915
637
392
940
344
330
7
483
206
716
488
787
585
498
761
208
643
155
429
87
788
216
591
934
622
395
203
109
110
67
452
693
46
861
840
187
656
465
311
360
925
374
586
288
100
186
921
181
630
353
5
680
517
793
948
796
997
689
578
959
395
724
68
989
642
846
777
282
940
465
913
684
45
948
551
427
172
865
435
254
483
754
768
780
941
847
404
563
783
798
390
240
71
815
857
996
993
371
327
383
321
161
761
659
138
788
442
624
989
37
660
647
685
144
186
309
639
557
772
887
152
94
465
221
966
72
279
324
344
184
669
619
578
267
922
529
712
481
503
121
75
743
351
140
98
745
663
74
72
952
943
532
787
477
112
960
525
794
281
730
307
353
810
692
51
140
329
554
210
712
178
548
115
222
200
217
68
39
283
76
307
28
762
654
846
31
128
520
423
978
811
554
534
770
807
589
592
783
345
930
798
715
103
405
520
844
133
137
880
640
930
569
820
628
169
696
891
969
227
486
120
651
2
352
4
799
705
315
854
289
591
588
85
512
898
671
663
182
535
170
450
519
536
205
967
133
863
672
758
134
359
929
5
835
849
360
626
61
924
209
32
646
310
998
758
497
935
510
682
552
381
102
117
400
185
338
48
611
352
817
157
257
734
850
192
172
750
446
508
247
516
220
74
329
91
138
788
460
314
95
959
845
96
563
855
743
993
71
636
481
873
518
251
16
390
71
607
74
234
22
374
17
13
470
808
207
145
774
602
844
55
597
977
82
623
27
106
185
476
805
86
292
62
972
811
190
985
483
846
482
27
20
355
983
899
430
535
932
645
68
733
197
498
285
277
306
868
523
395
752
598
66
539
7
242
760
578
272
261
43
23
8
541
123
449
829
786
726
834
291
490
625
121
220
439
322
670
202
643
727
510
298
940
834
174
463
186
612
315
992
436
474
112
120
579
249
474
759
287
746
246
49
501
225
306
587
546
968
784
942
761
515
622
818
192
616
123
168
249
989
428
372
676
189
852
821
2
40
107
434
164
166
997
154
618
856
515
80
919
188
575
922
609
739
112
116
903
376
878
86
684
87
847
206
88
271
264
539
189
373
711
584
70
95
69
969
412
218
993
894
450
713
816
969
16
867
144
820
478
863
819
116
862
934
849
780
548
140
975
824
113
765
948
415
914
681
417
875
311
283
632
385
104
108
493
87
226
958
538
391
607
552
775
743
900
933
254
793
243
57
797
174
561
730
644
146
106
22
902
764
728
623
436
869
699
176
653
26
642
690
746
127
607
159
293
898
209
722
610
386
915
825
934
330
618
569
52
877
556
156
598
31
363
257
937
854
728
409
441
140
37
121
179
818
243
953
282
826
434
120
704
81
591
633
918
175
703
582
520
189
74
327
463
169
651
751
146
457
268
388
727
266
934
401
882
91
861
633
672
275
146
874
62
844
131
332
586
26
53
117
563
932
937
458
621
262
333
179
164
416
513
332
554
943
697
380
203
758
499
308
917
985
574
22
414
445
379
966
597
71
575
809
59
408
158
673
58
617
36
571
619
297
284
774
758
760
204
111
978
159
407
205
565
95
906
982
917
74
547
684
12
785
146
136
298
155
260
17
948
471
460
641
411
287
930
861
904
121
512
142
898
34
663
665
258
369
401
327
878
494
375
601
338
557
410
621
405
651
822
109
134
124
931
58
935
662
661
485
546
765
124
213
41
436
918
218
874
173
599
173
990
429
170
290
283
103
946
355
263
83
770
226
613
275
306
58
372
482
291
691
819
545
529
880
97
776
807
63
672
261
337
244
370
459
570
682
755
922
774
471
158
47
778
739
572
665
856
589
398
784
934
74
636
601
166
411
191
729
744
393
640
846
339
376
803
773
883
189
198
787
340
518
684
900
76
500
143
617
839
751
905
242
988
239
171
256
492
794
862
685
11
711
855
547
784
285
48
262
855
184
713
902
717
250
854
916
179
474
770
777
755
764
905
558
255
357
115
443
530
368
692
231
6
226
328
433
804
311
796
825
267
919
991
222
655
680
344
813
202
609
457
395
545
640
737
551
405
432
632
126
874
387
979
764
316
128
279
412
493
889
930
780
355
820
429
448
358
668
765
834
111
179
705
811
564
678
462
865
169
21
974
28
464
973
64
742
705
116
136
967
244
465
103
10
3
749
773
880
765
698
843
215
837
150
845
654
753
908
204
144
686
599
730
658
945
124
111
755
529
91
16
47
320
793
767
688
527
38
245
297
857
974
260
312
616
654
602
64
636
516
383
928
778
147
327
564
609
458
883
173
871
0
226
720
330
615
301
272
819
970
417
112
749
163
61
529
860
62
218
933
808
467
194
854
120
676
930
717
339
364
873
746
297
952
307
221
241
365
359
896
28
453
99
617
942
815
74
799
5
250
699
392
17
54
979
220
292
159
237
370
843
134
422
597
266
542
93
755
814
440
359
506
412
892
937
783
583
605
238
492
710
622
561
741
620
799
948
32
433
327
918
207
238
844
411
275
742
518
206
54
760
612
794
916
624
730
470
47
533
128
902
70
461
920
862
386
221
779
578
997
421
408
112
911
456
42
327
982
297
645
321
449
969
349
444
201
221
67
142
293
275
653
22
344
797
785
528
969
319
350
232
535
299
679
456
31
116
604
701
915
407
734
275
465
213
935
584
189
245
428
134
524
150
881
90
406
370
823
522
351
215
756
44
970
991
655
769
202
871
566
976
599
244
526
134
753
473
382
163
285
581
417
489
329
674
662
262
413
40
357
848
247
328
32
968
915
157
860
487
430
508
123
301
861
68
144
808
775
296
310
490
803
362
116
771
847
178
377
749
271
556
440
351
302
71
384
265
132
329
827
238
724
936
849
792
753
59
992
677
541
215
858
198
349
566
323
257
68
538
158
580
594
456
451
506
528
543
263
227
171
951
615
571
987
462
482
76
631
749
43
55
327
194
920
70
758
271
690
5
625
279
585
623
552
25
707
493
528
485
32
257
491
291
621
713
61
123
236
662
659
599
692
388
746
708
402
956
26
311
532
933
693
61
581
458
407
763
250
725
979
828
224
384
880
313
312
412
679
194
377
827
882
115
120
807
970
338
462
798
861
244
309
189
18
543
912
33
66
794
655
652
357
137
620
773
718
69
493
880
229
400
566
437
182
822
922
349
187
879
118
734
571
497
66
159
941
874
453
815
893
610
172
568
274
71
438
185
65
587
439
170
706
64
343
888
533
364
486
552
96
247
247
320
760
985
246
857
265
425
599
617
29
400
669
149
893
555
539
875
766
855
378
229
490
551
792
626
58
329
697
942
934
144
789
602
529
330
62
342
275
41
452
675
660
598
918
693
418
857
847
533
504
133
435
813
419
705
61
885
513
338
382
539
296
635
740
398
73
663
645
43
143
69
838
48
976
841
948
590
663
836
486
77
42
66
565
79
567
873
690
910
454
497
386
729
843
727
176
337
140
907
751
427
665
834
410
926
492
678
115
587
926
992
212
677
66
120
957
550
979
875
50
449
654
291
440
102
987
549
837
455
182
132
193
258
668
19
932
599
172
735
997
49
123
386
485
737
148
884
182
950
570
668
411
369
555
133
605
821
220
316
798
484
419
485
174
628
637
957
400
48
276
705
425
147
4
710
76
767
906
522
644
764
809
656
983
556
851
233
859
258
129
61
465
579
599
202
59
981
543
715
834
437
0
321
912
853
482
175
79
433
521
959
948
714
388
474
316
276
113
141
25
930
759
151
648
514
207
846
339
378
119
498
310
217
84
961
528
219
660
18
224
628
622
517
153
214
318
239
428
422
9
115
256
96
81
52
153
307
237
623
34
822
817
493
184
314
733
791
284
346
788
594
476
68
764
122
840
900
149
322
996
686
95
1
447
384
740
504
854
898
607
160
349
646
728
977
219
394
630
581
249
932
663
20
584
437
863
120
44
206
586
240
576
551
911
345
199
655
500
792
44
389
888
885
351
717
617
386
429
630
323
825
74
448
169
883
86
475
51
260
961
610
76
196
988
814
414
257
134
888
556
296
215
614
564
818
557
591
784
67
928
897
168
606
412
303
525
556
803
665
484
699
396
851
669
963
812
919
879
564
991
791
609
371
347
106
728
83
298
728
984
112
634
409
177
391
986
295
40
226
667
404
278
807
384
5
425
768
268
398
509
173
7
8
855
101
692
333
590
116
698
116
774
222
325
488
778
122
201
979
342
234
34
584
158
142
282
117
646
648
912
495
38
218
385
472
682
915
174
267
676
833
210
368
22
1
366
131
128
810
163
623
338
535
396
544
63
195
253
102
278
678
843
949
437
46
450
522
469
537
469
992
349
30
629
407
787
876
681
6
446
250
135
784
841
598
572
90
468
545
630
28
157
151
491
190
47
516
429
874
428
914
756
879
908
264
264
222
666
452
90
533
791
728
446
528
734
186
544
40
595
870
391
20
185
799
314
347
334
738
382
428
621
499
857
565
968
553
286
839
207
892
197
571
513
759
550
638
46
40
226
327
696
93
687
73
628
312
734
963
424
291
762
205
362
727
927
438
154
510
236
792
253
385
582
965
600
955
835
379
453
276
424
682
933
113
231
607
546
337
105
753
735
411
596
712
623
611
649
869
95
51
892
157
25
582
473
159
590
224
808
573
615
737
836
983
919
88
469
578
921
924
552
600
265
606
936
625
658
842
692
72
732
180
877
192
167
472
89
669
744
314
569
103
719
419
483
312
619
989
949
271
378
574
735
837
161
936
651
477
725
401
140
697
91
542
800
151
954
338
876
570
827
820
243
421
266
143
649
850
852
604
882
705
444
218
306
932
700
909
945
487
988
747
653
949
618
323
500
333
231
577
868
307
34
4
529
627
171
649
427
425
94
984
272
372
217
788
581
169
204
153
629
51
220
277
603
848
204
408
466
14
858
176
839
236
1
605
199
414
239
996
130
537
357
927
396
292
630
249
28
87
14
464
603
837
265
67
994
301
366
122
120
327
478
996
279
769
900
227
434
881
66
629
189
749
957
788
33
934
359
637
731
915
399
110
255
130
775
415
838
793
234
851
521
195
208
193
753
254
263
834
213
49
959
391
215
850
994
795
52
973
567
731
965
353
754
919
958
133
945
552
427
8
285
985
922
150
179
426
849
526
542
127
309
464
755
727
180
84
89
752
151
158
291
32
456
757
731
31
188
114
116
616
172
830
644
838
870
573
876
579
795
422
454
68
461
748
666
608
423
743
237
367
609
251
542
719
390
435
910
674
500
270
596
156
767
391
250
8
634
626
919
433
379
906
762
830
970
880
656
407
486
647
738
492
420
954
110
157
4
118
327
252
258
428
476
719
134
974
587
729
641
435
120
200
477
158
326
721
471
369
496
255
107
167
428
875
316
382
612
733
207
603
843
569
738
416
81
493
239
25
995
351
999
620
562
899
589
278
166
865
16
626
70
829
235
140
927
232
957
340
367
820
841
142
252
605
929
622
110
987
684
473
302
644
753
591
250
598
926
245
326
234
98
575
992
732
443
138
415
479
700
983
265
974
343
723
56
429
947
571
953
629
634
709
801
822
90
26
907
959
510
200
642
545
680
596
112
9
925
516
961
524
765
91
479
590
909
157
210
419
371
338
915
590
5
400
318
616
991
816
682
935
39
683
295
856
358
222
770
848
686
472
855
740
402
84
164
96
535
170
238
868
213
927
755
531
89
349
267
781
307
958
19
621
86
786
631
36
697
408
812
356
362
928
247
473
114
71
581
81
512
884
920
893
86
359
123
567
506
521
211
539
802
679
898
170
288
912
832
930
933
966
392
345
44
729
852
648
86
918
694
125
78
903
157
424
297
845
888
271
124
856
818
437
809
503
706
941
855
914
69
628
796
868
274
188
818
367
850
517
868
600
467
863
588
609
647
218
218
269
93
134
954
366
740
38
899
330
255
583
568
780
170
911
525
655
904
809
167
13
494
925
559
798
119
699
253
340
988
480
918
91
904
657
186
854
709
388
636
380
487
999
367
234
299
32
577
178
796
563
742
33
674
594
348
606
78
510
815
334
751
20
248
628
482
771
486
85
786
2
473
394
780
727
903
352
901
777
486
281
298
959
189
149
316
873
159
371
6
996
604
656
276
868
789
51
378
313
572
407
302
396
726
287
843
363
342
793
435
64
824
633
895
912
142
502
430
447
290
985
753
800
417
657
687
114
768
988
562
407
918
584
956
270
974
232
855
120
583
642
840
863
649
437
767
379
934
303
718
558
635
381
860
615
370
892
732
28
670
28
735
728
441
140
834
340
557
968
597
242
973
511
90
476
320
241
726
987
418
974
167
500
718
409
354
884
747
212
88
772
874
117
156
328
97
502
348
586
904
763
777
676
446
252
172
506
182
737
687
45
196
637
846
75
421
340
424
380
704
318
190
24
984
333
406
212
915
251
396
276
826
789
102
658
548
396
866
812
633
250
463
140
625
505
709
753
135
623
282
250
261
374
233
139
893
80
897
544
112
927
327
222
15
850
33
681
85
36
137
296
653
215
162
821
868
454
882
960
341
928
139
235
982
424
703
992
588
416
960
127
615
758
706
812
84
583
446
893
875
488
723
417
756
348
243
923
131
192
247
774
573
370
784
538
870
759
307
893
65
875
280
814
635
907
120
106
988
895
624
881
603
452
758
250
189
510
15
867
889
378
458
637
403
377
917
980
731
216
146
221
321
476
901
368
536
276
909
636
292
399
756
426
137
548
525
761
657
960
785
656
298
577
310
827
610
865
845
861
855
167
398
732
743
160
42
537
361
171
821
806
391
153
814
395
401
755
244
241
478
790
862
255
305
921
367
947
630
399
421
344
528
512
133
773
304
66
972
711
460
253
348
181
409
923
585
904
199
822
239
686
856
268
746
852
475
846
234
632
884
310
209
849
40
606
577
94
839
710
447
19
363
629
46
947
943
449
738
679
406
225
650
748
866
711
689
258
37
891
905
120
327
803
724
781
396
471
680
98
553
176
318
716
355
113
664
565
645
357
445
266
764
616
66
438
96
746
926
845
993
926
658
22
995
16
611
504
416
413
21
341
665
501
486
715
112
923
477
423
301
965
573
157
979
542
401
946
359
569
38
730
124
137
647
782
253
779
705
893
528
229
365
827
451
720
427
415
919
312
561
438
461
252
903
469
729
529
349
499
42
945
684
213
738
392
766
228
200
560
812
657
608
986
266
896
796
461
936
434
306
283
88
772
737
838
910
117
80
427
777
397
957
492
61
985
255
721
379
803
137
865
886
527
916
978
857
912
951
792
466
984
85
770
614
742
652
672
408
202
461
904
345
148
885
257
85
763
727
806
256
601
723
84
763
755
671
199
911
839
329
726
493
110
118
719
759
377
154
773
566
407
589
542
666
12
133
545
943
350
246
605
338
425
195
588
408
835
135
646
559
81
517
626
588
848
864
991
920
383
280
449
503
737
162
487
846
705
810
770
433
535
695
384
510
895
36
165
409
392
271
955
645
986
735
160
948
369
799
350
91
14
945
105
429
620
297
721
114
808
39
614
12
697
744
179
326
991
762
308
882
497
210
745
197
78
740
325
848
285
614
24
486
928
58
223
773
459
837
398
179
331
777
612
887
617
307
212
280
989
642
52
30
671
765
14
419
657
239
492
94
289
43
712
724
771
181
297
627
555
108
282
668
103
867
989
748
698
478
885
15
837
935
97
354
193
925
172
452
128
869
49
391
657
352
459
889
281
985
579
994
951
433
667
361
88
809
983
527
561
163
99
504
459
830
351
625
505
508
488
354
173
385
952
834
384
226
973
89
880
888
479
719
523
856
83
742
394
64
661
774
178
839
274
397
611
137
939
864
227
751
285
267
589
303
870
489
539
909
810
305
675
142
91
789
940
924
39
456
866
955
619
499
191
126
558
395
74
335
40
619
860
402
433
738
852
460
294
209
189
845
710
259
405
463
706
633
102
674
67
25
490
278
486
522
727
956
690
863
930
122
546
302
895
393
534
411
823
484
484
198
362
62
92
229
108
448
105
15
916
679
627
71
319
750
353
249
676
29
939
684
184
918
86
180
937
79
521
754
280
17
549
683
416
924
649
762
955
485
843
274
147
293
730
197
94
159
256
218
290
157
861
14
520
527
735
834
398
946
654
852
852
265
187
221
488
163
265
742
221
96
956
648
302
673
181
783
969
3
991
385
974
952
428
753
455
146
873
747
721
285
809
11
240
936
629
639
777
983
216
661
488
896
128
98
130
583
960
689
117
305
35
364
12
49
812
433
815
891
657
180
791
803
173
197
702
801
172
206
373
795
49
700
207
966
107
527
787
675
391
807
263
434
223
205
31
862
112
531
21
205
1
473
851
873
935
37
452
768
150
550
552
269
505
845
854
336
642
137
275
321
214
637
849
708
464
792
644
33
573
617
454
492
407
277
553
44
787
951
644
162
918
266
999
231
300
822
801
346
368
829
81
693
216
656
849
931
856
371
990
424
503
161
452
796
591
277
351
374
13
391
868
162
264
943
589
902
710
930
476
863
458
102
719
970
882
763
385
121
917
735
754
93
922
814
812
186
787
669
534
924
632
17
62
508
664
801
575
263
779
821
835
875
443
985
425
982
304
818
167
365
194
563
323
701
673
828
971
482
849
112
861
754
298
282
104
253
955
396
457
580
806
483
418
690
463
882
524
619
54
497
974
24
876
697
774
428
618
183
275
615
324
403
229
980
893
245
116
944
388
715
958
482
812
440
589
921
266
628
820
207
967
756
249
432
269
334
814
254
711
788
2
405
608
194
541
918
718
501
800
802
47
674
506
893
153
937
488
852
688
524
20
124
592
151
566
817
963
350
32
239
556
221
994
729
914
136
958
340
544
640
783
454
985
135
355
640
593
280
871
870
902
982
1
87
309
63
376
829
226
932
215
203
271
424
569
454
365
146
647
945
905
865
229
353
381
260
202
209
823
43
774
411
423
501
582
36
834
999
394
611
900
525
568
718
354
928
634
712
317
668
26
763
139
149
45
526
831
917
573
347
257
957
601
968
184
390
199
383
731
170
810
972
135
36
406
963
859
513
960
460
639
297
91
708
547
734
829
9
828
960
472
817
913
370
92
184
307
925
146
868
435
726
995
654
310
343
398
8
155
167
545
389
678
462
255
778
373
42
760
671
142
247
366
9
763
694
363
383
190
125
648
959
287
439
929
757
853
999
524
431
369
638
304
296
190
55
898
991
708
867
290
715
516
903
44
685
341
118
178
946
861
987
872
