556
479
404
100
941
814
819
751
708
193
870
571
929
71
556
191
836
658
956
132
18
478
360
562
327
311
289
886
738
270
795
917
790
879
561
151
388
491
940
386
62
269
996
898
439
762
817
747
54
274
947
811
209
718
478
526
821
965
106
454
52
703
254
431
184
149
620
493
963
234
888
331
601
362
666
753
565
222
603
833
688
865
28
542
665
851
409
617
414
311
589
673
360
18
215
878
877
827
562
883
958
49
395
53
305
430
59
956
649
262
180
958
273
563
537
2
304
953
734
807
253
489
710
434
44
28
995
422
209
78
175
659
9
188
122
949
401
955
925
880
814
551
322
157
890
548
647
284
760
261
271
894
623
38
0
749
891
32
572
378
9
945
127
387
696
118
959
175
461
118
994
319
423
731
113
275
258
744
801
118
591
994
714
576
864
316
193
966
464
291
864
743
641
162
190
757
391
339
337
30
458
443
62
447
706
601
787
796
827
91
69
222
927
36
411
905
442
542
211
977
145
424
362
833
196
700
679
487
459
168
641
31
452
990
519
91
482
586
222
220
241
288
477
191
270
736
180
727
460
767
915
75
593
491
447
619
503
818
935
364
814
704
533
422
758
859
943
911
299
652
397
454
521
725
558
925
87
281
395
484
248
68
957
446
476
169
994
994
53
138
482
809
725
839
952
134
861
998
379
143
728
379
29
879
79
100
355
957
453
956
795
724
570
730
868
784
325
605
895
138
507
926
819
528
676
98
550
244
876
27
991
943
719
466
600
242
630
346
330
9
654
380
160
621
751
691
558
364
602
611
762
998
820
579
544
223
119
204
651
116
576
253
967
356
403
709
788
820
234
260
981
351
597
629
367
481
107
876
965
702
646
592
416
43
653
558
451
904
995
34
268
929
964
170
511
712
72
697
525
761
880
708
57
674
782
172
59
36
9
265
494
626
837
752
740
309
233
569
321
505
730
167
124
528
765
324
858
177
442
681
45
157
140
791
962
398
308
853
592
203
662
774
420
868
771
502
970
663
669
505
37
397
473
584
144
781
295
729
845
962
253
521
986
963
833
465
44
871
861
282
707
194
693
7
893
889
332
982
222
998
308
330
37
960
693
144
890
907
877
163
556
39
101
750
871
688
652
638
250
641
956
338
358
637
106
687
515
756
796
188
525
414
547
423
331
7
656
267
824
783
11
679
114
116
142
819
536
407
496
25
497
904
349
710
392
343
923
740
803
664
943
29
202
570
742
302
324
604
744
990
917
100
254
577
557
630
548
301
298
493
474
960
869
801
356
452
666
141
713
160
689
51
665
5
225
903
752
186
556
701
175
36
270
208
849
877
847
831
131
679
704
542
557
534
826
887
797
743
210
706
715
649
152
864
302
391
639
8
165
662
367
613
627
857
254
804
609
799
973
597
607
262
790
789
254
582
779
622
796
596
754
812
466
49
886
76
403
991
231
371
930
256
64
144
614
282
841
375
418
907
243
35
493
53
865
895
584
597
198
458
149
726
537
757
341
589
733
425
98
41
405
74
723
442
252
682
118
891
867
715
111
204
660
701
879
912
739
104
480
56
373
167
900
362
960
33
526
762
586
389
200
330
709
857
243
217
607
631
453
350
185
197
93
544
333
895
546
732
602
827
729
337
605
361
597
35
749
173
193
834
392
971
321
230
28
989
559
873
461
299
665
17
45
888
679
577
131
526
306
380
522
957
344
45
809
141
589
141
907
421
307
282
101
551
65
480
797
466
10
214
2
995
997
16
614
409
770
837
71
628
684
236
461
842
641
344
543
749
758
133
166
236
727
93
955
669
133
588
164
748
105
980
577
226
532
414
821
476
249
654
800
511
770
865
409
157
519
510
449
303
301
350
835
440
362
585
247
977
199
95
414
470
511
63
335
180
380
935
408
645
529
393
904
866
769
911
777
571
510
203
12
526
942
317
541
722
152
441
773
663
173
636
573
677
505
747
656
997
912
824
138
503
949
746
965
248
830
664
858
416
843
970
252
262
837
325
80
745
396
672
168
340
761
279
752
340
754
516
456
505
196
836
663
839
378
877
801
712
395
43
607
559
754
921
612
179
567
594
992
767
139
860
174
458
8
661
304
272
23
589
522
932
595
792
804
72
483
278
40
635
901
865
892
413
926
403
442
122
814
665
466
457
968
679
73
599
719
393
323
621
747
844
891
715
211
495
236
15
333
881
296
342
697
24
85
14
476
387
424
950
247
661
153
882
743
343
598
878
624
864
603
998
939
347
791
705
319
917
187
784
131
178
659
990
713
604
215
829
711
438
435
802
623
547
665
327
926
622
233
172
849
773
807
952
203
279
330
881
171
807
597
390
226
245
46
702
491
999
828
879
787
921
574
836
32
846
39
348
590
617
757
219
228
653
872
127
542
173
808
225
147
856
583
302
310
181
325
34
362
232
827
400
846
790
215
807
656
354
766
652
46
980
303
192
351
419
36
303
280
127
660
221
747
237
12
516
482
48
588
462
857
608
765
59
337
90
648
592
25
668
314
108
671
363
356
792
381
963
750
475
494
810
787
95
47
753
144
299
802
512
94
478
646
693
904
717
131
161
142
961
553
111
751
448
232
434
797
806
377
482
314
223
4
674
217
468
403
65
272
208
283
810
529
894
859
403
63
201
510
311
77
255
682
960
394
579
946
468
73
494
273
731
301
65
597
603
282
257
803
119
774
959
737
954
759
643
542
924
238
404
358
960
969
463
194
938
246
650
684
103
522
252
824
130
578
203
53
480
57
873
931
954
937
979
879
957
429
7
602
63
490
210
424
431
317
620
427
193
831
425
672
366
406
580
329
388
813
690
682
247
796
976
711
627
474
929
642
357
590
352
123
701
645
799
231
626
302
154
419
306
226
59
274
516
583
387
682
973
891
153
837
114
29
394
787
784
655
29
981
598
111
353
772
692
518
910
664
691
528
533
661
776
537
189
935
222
881
355
14
511
918
397
252
623
369
667
668
981
763
114
5
230
53
190
443
216
934
300
495
872
503
281
957
376
531
363
539
785
290
538
953
928
668
938
459
264
867
927
452
637
930
205
485
656
130
820
171
564
395
212
103
3
518
707
254
261
105
248
641
399
20
123
551
380
569
227
558
131
481
699
336
532
960
746
746
80
778
221
344
748
80
524
564
889
26
646
150
724
753
17
821
229
396
554
932
942
167
573
783
2
93
978
292
503
450
468
47
281
843
727
134
477
537
69
99
326
896
325
88
112
93
970
332
55
374
755
612
970
572
227
293
290
700
343
173
865
619
352
713
177
455
605
217
10
74
182
832
358
737
542
880
445
276
278
850
137
830
538
891
621
475
339
410
423
281
296
397
94
496
82
683
506
707
499
885
87
776
817
558
69
892
492
258
440
639
378
354
895
71
764
861
874
449
607
258
901
762
513
657
643
683
301
514
657
163
717
222
161
630
3
882
479
243
788
57
524
580
17
409
268
638
556
190
126
769
859
618
328
489
844
262
84
146
550
874
674
939
711
80
739
521
599
247
400
692
312
251
837
102
304
386
894
215
693
466
524
87
685
589
819
803
478
142
723
504
296
302
585
198
69
879
162
91
546
858
212
865
726
315
0
921
931
978
735
70
765
133
40
239
630
464
388
940
844
151
382
994
576
874
82
217
164
95
673
122
832
326
358
670
48
629
105
610
822
948
813
719
719
819
583
885
813
127
997
504
377
19
177
771
154
371
817
640
663
572
613
721
892
560
132
849
836
437
810
700
124
285
626
581
544
608
676
470
628
365
60
386
625
960
799
991
290
701
530
527
993
282
625
677
859
195
104
660
901
967
145
179
514
944
563
525
866
520
996
125
152
935
731
551
920
984
820
994
603
123
481
185
80
206
393
793
577
44
439
276
567
519
594
668
547
474
116
35
683
767
474
487
717
256
815
915
498
49
661
41
618
82
377
444
216
194
506
513
593
902
854
309
175
418
168
25
437
46
434
507
134
626
258
991
174
84
469
554
316
382
469
318
458
893
480
2
667
531
975
641
272
78
695
635
359
226
951
472
705
425
622
704
94
435
129
361
968
297
991
784
72
930
185
856
984
392
384
336
423
605
644
702
586
464
191
817
637
828
220
29
622
175
335
624
482
807
883
761
206
408
642
736
396
995
644
184
784
625
446
329
854
685
774
635
378
383
2
660
116
420
962
986
270
507
624
181
539
723
874
435
357
968
785
455
659
628
274
484
974
545
535
291
390
213
529
188
605
391
643
528
512
422
46
997
454
889
557
291
838
425
660
12
57
106
2
377
825
216
592
607
893
287
661
864
698
691
399
53
287
149
216
385
941
951
843
81
665
14
809
552
504
558
373
407
262
541
288
850
762
541
121
693
737
157
701
733
710
593
463
827
419
189
60
491
311
801
261
715
700
102
426
366
611
511
432
985
143
266
518
221
51
14
578
315
440
15
587
590
790
116
882
881
854
458
658
393
195
105
825
429
747
396
906
139
997
478
233
668
865
408
650
319
606
279
422
564
540
442
51
822
519
17
358
819
364
113
416
112
3
444
274
789
417
349
647
337
761
961
637
902
287
57
238
852
633
516
673
908
194
761
264
466
323
810
287
214
376
85
792
508
293
276
989
751
675
220
411
548
659
570
23
970
886
321
936
312
503
345
152
103
693
25
720
359
544
533
103
445
839
490
311
9
668
534
397
117
397
326
83
186
600
455
555
573
618
13
66
927
372
970
574
522
602
502
670
662
473
621
229
172
645
574
818
818
404
183
670
845
362
926
3
293
730
554
606
890
518
193
473
524
908
147
368
72
869
307
565
598
178
365
770
263
701
194
955
133
545
641
885
202
712
873
271
706
631
769
683
125
191
408
745
612
107
688
217
53
441
412
578
602
583
715
604
187
452
333
415
484
312
714
765
313
112
970
227
205
338
551
687
18
977
974
174
443
797
917
101
254
619
38
898
277
941
57
975
619
