19
858
614
688
288
5
172
290
471
820
297
312
653
831
382
705
259
11
947
131
988
14
561
438
128
265
150
751
134
370
59
895
72
61
570
536
920
351
745
892
625
351
732
593
712
570
567
229
537
921
424
722
246
944
219
590
954
365
479
409
964
11
158
444
111
627
146
395
238
214
498
574
429
633
420
2
690
150
388
990
507
275
371
893
425
833
731
240
33
570
190
381
796
896
975
64
188
127
112
988
159
606
82
445
208
991
987
269
456
776
394
610
500
357
214
145
536
316
204
553
921
429
671
6
312
60
34
424
571
228
913
703
229
466
398
230
302
771
991
449
957
427
844
156
241
563
518
673
55
30
915
837
622
456
246
648
854
452
572
520
687
600
801
601
422
639
217
611
802
571
203
935
605
308
87
871
998
106
199
793
531
475
332
864
147
849
560
480
698
787
512
332
829
638
405
645
365
424
8
529
858
841
786
53
724
447
958
96
294
212
790
838
823
590
746
438
725
507
407
313
422
342
987
991
145
123
791
320
231
290
702
987
368
131
298
303
239
439
270
259
639
647
981
68
687
828
673
835
552
66
784
600
488
817
601
823
799
937
188
157
695
401
312
535
65
540
406
95
185
938
618
357
219
726
458
870
399
713
566
715
728
818
663
16
899
79
293
655
11
309
441
552
217
137
657
536
168
865
194
228
687
169
631
208
447
709
839
920
724
472
125
625
905
63
169
917
316
150
20
594
912
228
952
718
857
5
14
297
315
12
241
135
179
723
184
609
231
633
489
814
217
342
737
739
62
406
720
84
717
7
17
781
691
81
407
331
172
786
154
400
692
51
529
926
339
602
114
739
502
812
381
237
930
239
462
587
940
649
41
688
516
881
712
957
200
8
640
737
125
715
378
119
280
528
469
749
650
491
136
44
306
900
765
433
636
734
442
383
599
414
193
142
53
822
519
300
851
181
753
734
952
309
106
756
835
721
465
510
341
49
23
847
253
203
847
621
674
360
958
873
43
112
650
873
706
298
735
87
216
909
20
846
874
356
517
225
904
617
545
640
718
65
635
439
188
615
374
69
152
624
817
782
971
643
706
685
337
131
926
618
82
498
455
172
109
827
471
571
477
716
929
324
579
583
447
778
218
635
933
941
474
692
372
10
837
859
843
639
45
963
704
73
398
2
53
628
560
847
109
910
900
214
317
16
255
294
399
722
661
932
2
378
629
973
990
81
787
933
859
922
147
687
745
712
376
887
41
275
916
412
267
462
250
116
945
600
903
203
480
996
887
828
159
944
340
314
688
983
449
251
68
187
229
34
803
635
299
311
225
980
255
149
220
31
858
969
993
527
318
554
38
749
493
920
354
82
443
437
977
792
477
219
148
525
185
121
965
69
565
430
920
411
59
200
652
36
994
880
945
969
936
30
124
831
539
253
334
276
367
523
523
631
169
176
877
373
747
936
1
108
592
534
97
69
207
950
841
515
812
863
837
347
417
164
455
511
477
638
127
402
891
808
602
530
339
38
165
589
109
354
795
602
969
132
546
54
956
654
820
335
237
105
329
0
174
184
34
369
614
295
688
26
603
255
499
908
884
241
455
412
229
340
288
877
412
189
166
520
144
970
123
899
929
459
610
404
370
605
706
32
435
804
895
349
99
957
570
256
499
813
286
859
630
913
596
471
12
252
873
762
622
966
442
828
236
783
714
180
513
856
946
930
824
801
167
465
416
957
722
451
323
991
536
680
588
471
426
589
543
868
231
437
10
232
508
903
9
931
382
939
632
516
175
994
313
99
564
441
613
44
799
721
135
481
400
271
348
408
838
523
103
171
44
375
49
850
902
798
629
289
90
926
634
71
604
675
233
957
34
818
534
430
30
23
908
809
466
835
897
856
949
413
585
989
436
580
798
840
484
382
484
783
507
496
843
739
662
267
541
314
725
647
480
990
83
591
726
250
770
0
311
372
219
887
312
308
74
286
605
351
104
859
602
264
771
446
943
468
248
124
194
528
393
828
294
634
945
494
880
16
51
195
643
216
443
373
610
86
404
451
106
779
129
601
498
472
959
418
227
839
679
307
249
474
690
398
716
803
597
63
280
511
587
71
151
920
330
530
489
109
205
639
698
528
937
108
714
924
668
923
250
352
831
421
361
805
324
705
502
944
802
216
976
652
629
41
137
575
371
892
618
391
514
357
800
161
404
191
436
886
780
963
608
923
67
812
268
811
323
351
161
339
621
820
469
905
309
43
469
410
355
494
761
79
925
481
184
731
903
528
589
820
653
798
713
947
975
381
104
258
763
510
808
489
465
838
19
636
855
412
949
85
173
195
497
489
555
960
743
850
870
602
472
201
889
560
338
333
112
339
758
708
192
466
471
397
635
172
733
224
87
38
255
331
270
160
416
361
88
902
264
753
356
904
219
273
126
534
102
212
906
692
229
175
574
878
442
988
342
440
129
841
297
637
487
665
329
970
120
532
424
813
927
237
502
639
632
776
110
868
841
398
344
499
96
910
634
758
502
250
271
832
593
3
577
189
695
330
11
427
342
532
767
243
120
697
471
812
476
658
143
428
272
332
399
675
90
685
310
687
62
98
625
878
138
371
236
307
141
483
575
760
181
311
666
148
88
43
179
41
811
243
756
500
366
493
122
930
560
937
23
92
718
969
713
479
463
83
548
723
412
736
146
37
27
64
195
362
474
652
431
3
648
664
160
32
839
59
181
714
318
916
641
250
19
483
667
799
326
697
246
575
864
700
384
694
954
3
983
228
10
915
87
190
656
580
473
203
0
667
310
129
160
60
665
107
808
131
290
818
905
488
510
710
798
5
220
630
175
884
139
483
917
866
694
814
720
107
282
9
595
912
654
193
457
548
57
350
673
742
562
108
309
227
176
361
137
548
818
995
62
768
313
613
206
646
265
806
65
257
358
815
894
583
988
607
846
248
942
949
619
320
752
912
318
513
857
22
493
768
951
312
179
777
22
870
881
410
348
836
730
306
587
272
245
460
818
343
339
740
765
476
840
900
296
452
543
971
387
472
902
307
487
0
761
613
455
985
154
411
593
251
350
250
980
209
218
323
300
21
700
76
736
903
542
247
229
770
902
374
611
268
425
458
53
704
557
359
422
154
94
885
791
798
288
78
205
717
51
343
815
765
373
972
565
867
633
157
92
272
853
167
366
230
825
672
814
437
539
523
969
286
104
756
168
978
797
720
962
136
499
684
694
435
433
737
582
660
275
193
736
152
881
121
94
624
170
474
661
161
311
949
714
648
780
795
328
356
49
990
55
479
399
24
742
450
445
982
577
629
674
904
141
56
53
480
200
872
697
388
575
265
516
146
743
428
190
303
700
670
663
731
536
637
993
333
891
752
341
71
432
178
489
597
657
330
695
808
201
594
169
745
863
937
888
836
746
623
291
187
24
149
404
419
209
847
263
343
16
423
797
240
937
7
821
654
429
211
193
157
851
8
870
846
642
133
517
393
953
501
710
620
535
621
317
811
598
120
317
164
353
213
336
565
935
713
600
565
376
71
48
291
484
201
612
959
363
929
599
915
311
616
428
446
413
826
436
93
347
453
597
686
891
884
43
658
701
868
552
878
580
906
168
695
854
30
432
599
639
745
404
360
455
998
359
52
111
584
941
903
436
184
285
626
378
353
130
748
609
867
25
94
285
871
164
820
15
93
781
299
593
968
470
75
639
179
893
459
889
163
182
620
645
192
976
819
177
488
225
190
718
258
869
761
616
356
82
525
882
906
223
783
622
84
275
753
34
562
385
463
806
686
673
695
666
878
610
614
741
269
276
715
712
134
122
411
592
228
124
704
290
560
811
206
33
31
885
364
404
7
848
643
939
967
659
447
519
0
160
534
873
556
654
169
354
354
451
863
226
490
631
505
101
67
483
45
799
366
616
866
800
383
5
892
979
856
664
749
376
50
29
617
610
809
284
812
234
778
573
906
802
468
239
738
214
288
445
344
316
470
498
309
628
517
484
230
947
431
11
326
874
951
565
905
595
472
82
278
195
499
434
399
699
172
695
776
616
618
693
906
443
737
325
947
379
118
729
772
582
454
746
999
591
131
525
434
369
604
900
460
945
208
552
755
345
367
508
688
529
725
389
720
960
636
470
743
681
445
401
411
961
450
759
338
372
851
0
154
503
235
837
467
648
326
42
82
713
577
898
29
468
454
395
806
785
987
41
358
482
358
550
111
31
927
79
709
645
610
114
794
354
199
227
430
804
968
877
632
591
862
933
595
277
664
883
591
655
346
794
58
546
654
415
507
429
153
310
291
863
460
959
89
549
166
56
689
57
970
596
872
102
2
321
942
376
592
807
584
992
837
340
48
861
480
501
180
750
324
879
857
68
342
60
361
205
90
584
952
939
49
355
494
651
617
385
330
809
609
469
404
872
623
405
261
639
505
350
286
679
396
143
865
882
676
836
447
878
744
993
703
190
369
262
288
817
63
938
267
675
224
280
464
706
126
895
844
412
292
661
932
404
661
651
848
131
144
131
359
779
492
517
290
830
652
458
184
213
80
96
182
308
56
212
120
563
636
94
241
720
893
670
603
184
170
148
539
492
160
93
148
544
138
786
686
231
944
834
691
810
271
103
46
239
405
622
304
430
919
840
208
303
945
838
102
671
369
977
29
666
632
231
459
914
206
770
446
813
969
498
332
821
874
763
831
40
924
881
443
712
321
927
53
773
739
616
251
270
868
924
154
967
411
652
871
501
460
289
46
36
82
471
176
233
819
511
565
828
344
793
750
540
167
464
941
255
872
104
803
9
136
339
742
273
45
944
341
580
799
709
954
497
879
179
779
531
919
96
460
341
662
283
908
447
846
143
770
743
851
82
69
747
218
0
717
507
563
184
81
379
933
608
374
950
693
188
216
790
570
618
752
0
320
345
667
613
48
344
122
786
464
355
859
193
124
431
900
776
800
231
943
168
648
943
302
272
799
134
12
423
409
161
262
985
557
33
588
473
354
46
184
588
996
750
322
606
19
254
253
686
225
969
426
708
806
758
679
291
754
427
83
58
782
264
312
772
39
295
766
199
799
503
688
730
130
967
869
15
443
47
110
960
897
907
599
757
57
217
315
20
553
113
760
434
397
100
668
173
666
365
763
948
901
381
478
254
479
787
634
415
960
367
562
409
572
831
345
223
510
483
808
645
160
771
128
67
860
377
885
464
426
793
208
276
775
893
439
245
910
476
18
187
438
626
589
975
295
51
469
886
65
89
41
739
508
350
903
578
606
299
31
906
596
70
392
210
488
394
109
844
443
96
484
790
880
716
707
181
893
355
183
500
694
631
266
115
680
341
216
155
559
718
63
589
108
713
816
954
566
210
902
213
651
819
962
973
284
608
704
831
795
369
394
688
337
121
312
783
104
108
240
17
538
229
679
494
909
780
260
713
299
335
357
710
626
848
377
371
300
588
897
177
860
995
379
148
446
851
701
197
633
335
827
257
613
109
725
410
787
253
391
755
525
902
110
425
450
834
572
917
206
514
361
510
236
532
310
900
905
320
807
15
927
35
228
214
810
842
827
819
538
440
734
579
726
98
29
508
833
952
512
823
620
14
500
340
360
585
463
613
22
85
304
211
429
842
128
692
758
656
879
7
543
703
101
678
11
273
286
745
3
627
185
596
955
118
477
286
259
900
225
658
176
502
734
107
407
539
922
9
333
538
404
664
206
112
272
823
488
549
782
166
467
417
371
872
415
108
747
96
482
451
600
848
725
503
772
293
361
727
848
934
603
149
823
124
282
758
730
115
793
147
504
181
869
245
225
224
684
709
735
14
328
746
50
491
207
915
422
284
664
852
596
362
524
29
842
797
719
462
759
909
258
935
351
60
526
187
615
840
870
365
222
748
521
563
177
646
219
519
233
947
272
149
410
215
4
462
155
945
258
570
189
98
766
909
137
870
353
568
35
531
9
736
989
974
314
796
809
590
533
479
175
736
148
990
447
545
719
652
964
778
318
960
550
621
123
88
753
750
66
543
207
261
601
234
95
776
198
360
872
774
586
87
622
974
576
572
503
469
817
778
59
118
759
540
534
627
588
45
108
378
886
812
271
596
817
534
136
47
642
691
352
162
212
771
393
601
833
993
342
118
149
125
67
919
634
432
163
680
92
312
340
741
513
4
369
129
95
833
76
525
433
482
5
840
47
654
196
140
746
571
223
65
209
513
256
115
698
130
6
447
160
901
455
51
790
241
151
139
989
911
407
911
752
944
621
105
529
197
195
845
503
654
511
946
535
562
279
565
972
325
310
140
213
112
119
744
105
497
933
451
473
107
885
449
794
425
498
252
613
332
26
935
813
965
817
388
181
315
698
673
467
245
277
196
37
804
698
544
478
200
481
944
493
643
355
455
123
274
600
362
983
919
422
14
663
44
354
883
237
698
759
874
148
895
664
243
717
958
987
206
330
200
189
963
510
665
332
94
40
38
332
202
682
569
41
118
26
87
470
924
940
217
697
30
465
870
315
420
249
290
999
456
993
591
733
619
576
882
324
560
156
393
114
422
996
976
729
347
401
954
561
139
318
613
587
984
185
598
113
875
261
676
576
697
493
824
935
106
111
458
543
866
747
111
398
562
695
198
49
185
528
98
702
323
415
753
796
492
21
508
695
782
69
407
283
525
141
792
85
788
335
476
313
921
370
813
835
963
776
440
413
348
476
954
954
377
579
659
141
910
980
450
1
6
188
608
309
72
82
338
619
22
804
93
334
375
436
294
126
932
323
689
490
912
545
495
792
120
102
997
427
898
743
815
698
10
720
411
641
430
850
658
830
787
434
257
163
954
518
158
667
66
916
479
90
433
601
707
621
197
739
540
803
884
876
244
503
915
707
12
75
276
49
20
514
304
500
636
914
900
907
857
749
769
351
212
451
587
826
476
597
915
584
148
960
952
22
102
203
232
667
599
919
628
25
908
899
273
848
538
57
259
904
148
929
740
368
629
231
266
408
797
587
823
351
64
165
786
858
26
99
506
922
751
457
627
113
7
972
521
760
206
19
737
952
194
170
903
931
821
780
322
366
339
148
868
782
37
712
926
507
92
443
688
37
529
238
925
834
904
330
149
410
814
828
236
967
439
157
656
572
626
781
583
552
281
228
703
807
807
269
600
246
254
479
364
185
273
232
558
162
932
481
432
728
900
144
902
458
296
454
496
342
750
390
870
371
19
646
107
479
306
702
756
430
110
890
354
608
979
117
82
741
966
20
998
967
492
932
77
132
672
521
445
607
854
460
113
618
333
951
21
18
338
272
726
7
687
73
535
599
666
776
22
326
233
448
341
219
508
858
652
354
131
57
83
73
254
137
53
802
12
939
993
452
322
424
274
902
797
775
70
585
339
221
916
617
972
376
782
920
126
576
910
975
542
147
669
794
114
203
815
878
218
957
530
9
352
169
556
390
69
489
468
900
218
736
49
714
680
25
192
482
911
265
249
887
355
842
0
108
189
893
169
114
38
634
812
877
182
311
833
828
242
99
45
67
395
902
482
191
747
591
148
797
203
225
968
431
376
603
583
964
837
403
328
427
873
278
828
68
424
390
315
3
848
984
268
545
354
265
633
505
800
774
745
164
438
28
887
282
753
954
311
774
684
121
129
732
433
700
406
465
916
154
7
615
155
86
454
460
546
767
596
742
596
417
9
557
611
959
849
493
976
810
284
998
270
411
334
529
345
417
21
810
916
584
866
973
32
958
750
246
256
811
517
857
225
660
496
842
968
68
348
659
883
488
0
264
185
253
389
559
693
217
94
921
205
386
342
856
890
607
416
357
168
513
194
431
509
557
267
457
663
985
219
352
773
48
594
567
335
252
936
522
850
919
228
212
363
750
912
853
789
251
985
995
334
229
901
283
707
142
621
572
820
761
570
809
235
949
428
953
309
147
381
629
395
984
828
789
114
623
637
383
734
871
533
725
254
851
732
649
824
28
571
472
269
640
893
809
735
932
442
89
927
118
438
924
36
424
361
793
93
249
335
898
16
222
775
479
779
808
705
574
527
98
481
481
92
458
184
589
807
449
753
98
417
689
801
787
857
858
240
380
978
768
220
363
751
909
572
717
946
871
610
694
252
725
978
635
494
371
359
0
111
600
221
401
894
792
905
983
271
523
812
530
443
945
734
261
223
464
960
523
687
443
98
459
35
33
90
554
607
808
86
518
89
932
753
627
228
727
217
172
241
534
322
911
21
438
539
477
309
906
237
740
709
602
860
587
473
849
414
282
963
803
97
276
803
969
633
898
573
563
815
853
27
584
405
863
659
261
69
278
876
56
234
678
554
487
582
2
353
186
690
103
781
506
972
405
704
253
531
715
925
503
942
422
386
357
242
789
11
185
834
244
336
454
33
276
632
335
43
115
231
760
521
973
883
712
811
406
236
346
640
562
882
398
393
308
641
729
260
671
479
982
677
300
454
567
822
193
628
156
758
378
215
206
448
559
455
89
322
418
28
172
806
51
358
694
406
274
676
927
312
984
700
800
793
618
432
592
502
826
586
116
997
988
750
817
402
859
574
857
38
981
667
800
369
386
686
811
496
156
631
532
162
627
317
187
308
752
316
964
469
132
117
553
587
156
607
437
500
587
579
213
761
180
605
18
396
530
502
791
915
303
871
435
869
837
64
660
641
948
838
817
566
377
835
649
380
295
118
765
177
668
668
375
144
91
759
358
940
937
770
911
59
670
175
586
357
586
263
989
452
434
593
905
341
758
366
847
508
896
136
174
830
754
171
213
975
316
884
503
437
162
246
200
140
46
331
802
119
263
455
908
136
293
536
776
991
647
778
160
831
787
416
748
558
770
869
194
115
309
184
850
257
784
373
509
810
338
304
562
455
710
740
828
547
161
514
412
496
240
349
174
289
549
434
666
190
597
229
914
438
186
215
803
279
472
28
850
697
158
968
372
848
676
130
273
376
907
288
750
555
836
794
166
686
969
275
165
986
866
977
305
725
438
262
573
249
407
935
283
949
303
257
301
231
436
788
736
595
134
776
693
605
449
324
341
434
292
709
897
749
636
107
419
205
789
712
957
299
183
393
124
578
121
519
40
383
364
871
75
968
78
909
339
281
58
688
230
729
97
590
217
675
887
712
245
800
372
793
22
834
389
512
353
980
646
452
754
813
79
847
864
379
512
163
349
540
250
34
93
687
804
730
818
833
911
660
689
572
678
125
774
506
13
510
583
439
220
798
775
884
952
584
569
712
448
831
951
185
791
829
846
560
738
851
584
931
207
675
597
619
368
873
374
102
747
640
985
863
111
361
602
665
677
453
220
715
552
324
956
37
475
943
805
264
406
439
254
460
116
88
804
883
149
768
349
634
10
250
483
208
674
559
456
783
944
204
76
248
663
502
777
635
251
666
663
987
117
377
497
960
419
288
594
590
977
438
341
987
408
983
737
78
689
654
965
891
655
607
21
443
358
866
505
48
219
27
870
702
34
766
604
604
22
967
68
770
161
680
499
173
480
476
911
662
249
921
628
544
364
763
260
912
171
178
697
567
375
677
960
923
329
768
836
716
970
641
500
242
248
721
178
331
13
374
825
250
989
556
842
691
612
291
547
147
841
308
109
933
163
14
216
151
495
877
981
795
723
210
560
489
466
965
456
338
357
654
188
391
42
644
219
576
11
421
616
504
813
92
785
78
603
240
338
135
215
25
787
294
461
197
682
309
188
265
718
381
810
171
562
330
347
868
410
898
749
315
78
380
2
116
616
933
987
408
162
997
158
998
385
672
588
567
192
929
354
487
123
273
441
959
825
613
796
792
764
277
446
58
689
377
269
826
86
110
391
882
613
430
215
466
404
486
220
516
821
961
679
853
609
729
390
944
244
453
554
436
821
902
185
710
573
204
121
713
489
886
810
313
765
383
255
896
959
643
689
472
198
824
247
735
949
794
5
768
751
311
392
885
248
665
956
834
678
25
346
254
491
521
818
675
440
882
544
84
95
468
198
142
213
708
462
351
354
935
762
891
302
653
554
654
138
369
561
44
25
189
341
339
305
234
137
170
961
709
577
579
400
620
569
67
415
240
273
635
5
173
905
887
150
517
637
979
855
947
422
606
184
650
141
678
558
350
332
75
36
74
43
528
717
712
596
91
689
400
996
806
842
936
94
110
130
777
701
865
962
338
125
589
369
478
503
3
343
856
472
754
565
279
900
847
36
612
500
522
846
904
690
949
332
299
252
869
101
631
45
347
984
379
460
900
639
219
150
412
688
597
423
138
864
22
64
981
174
259
581
972
562
68
855
114
856
250
129
136
701
81
217
629
429
353
973
569
366
718
310
695
668
304
790
848
58
565
378
924
706
521
428
124
169
680
735
555
250
42
111
475
301
525
333
731
884
905
701
622
170
964
68
743
888
726
593
128
350
78
198
787
746
507
923
591
607
336
407
4
77
511
52
329
873
326
982
602
362
206
496
504
927
791
116
281
952
706
868
310
407
143
25
779
667
269
47
289
417
912
67
727
470
188
346
696
878
743
792
149
730
245
226
147
970
509
208
871
415
673
914
558
275
435
102
930
456
554
995
310
537
148
398
170
177
437
670
410
886
190
526
384
506
777
798
171
230
25
374
887
562
230
41
619
861
725
530
578
350
415
277
17
317
424
492
184
289
975
732
508
287
374
900
784
491
63
314
147
223
246
234
165
13
62
659
731
26
203
528
946
225
863
888
768
864
0
202
85
531
6
512
793
780
602
927
168
204
658
729
232
569
98
959
211
971
516
710
120
468
568
324
243
444
510
111
429
902
800
339
654
523
909
38
718
249
72
570
740
831
823
942
918
704
992
457
215
841
93
900
198
865
688
787
987
524
778
936
60
436
844
771
958
548
841
834
120
426
571
337
704
993
226
471
617
184
323
85
788
75
261
514
987
987
87
976
373
717
788
317
747
564
393
847
585
467
421
312
785
523
223
537
929
445
782
118
380
478
425
990
270
20
287
853
185
240
48
255
93
890
371
947
292
939
89
122
68
260
502
187
413
121
280
357
946
161
975
936
28
700
485
392
474
665
175
367
757
123
385
269
920
32
393
463
309
190
593
825
642
122
207
729
946
318
674
778
999
902
75
609
470
80
683
920
523
198
843
301
811
57
637
662
433
459
370
267
632
800
733
863
199
714
165
252
970
736
617
435
725
923
475
645
851
829
886
105
893
222
340
155
767
428
640
476
996
646
947
740
721
157
554
569
999
272
12
466
810
538
73
484
231
338
533
640
722
39
268
584
253
270
560
172
396
633
950
62
157
358
647
470
686
561
250
42
503
799
975
637
862
544
982
714
513
808
581
942
373
226
424
992
37
377
395
598
95
301
563
373
73
46
203
460
697
825
339
582
498
772
842
962
961
126
188
249
159
176
542
499
194
419
822
974
644
13
728
788
212
619
379
655
467
364
859
956
31
71
783
906
756
458
602
533
241
841
583
907
94
543
861
643
683
20
50
237
243
67
772
73
535
663
610
520
207
778
194
465
92
409
820
673
873
566
930
26
128
731
955
158
833
353
437
465
108
683
800
425
215
738
458
555
908
717
341
642
530
764
516
878
116
522
852
575
46
692
776
933
667
538
588
22
740
321
283
835
307
251
76
631
317
876
247
700
118
889
214
564
471
695
942
441
506
5
357
257
734
856
717
218
206
169
86
566
315
564
130
891
418
360
122
962
353
694
454
337
82
72
202
103
834
247
44
684
907
513
841
683
205
245
311
813
236
724
133
58
299
326
111
942
582
166
462
974
933
67
756
638
556
604
221
641
647
376
905
396
499
287
110
279
616
176
746
481
307
727
886
359
527
610
334
192
459
673
436
104
855
897
285
495
888
579
939
438
227
941
730
445
30
972
118
108
970
428
113
284
141
375
651
264
363
6
881
758
821
190
240
740
690
937
476
352
833
792
545
801
193
547
98
915
424
701
895
579
783
94
65
408
15
694
33
794
700
411
471
570
95
88
127
276
810
410
805
317
541
39
537
718
37
661
13
522
884
397
348
554
996
394
789
194
916
442
348
192
69
72
66
328
206
42
683
943
628
190
109
730
582
116
184
42
52
968
361
454
407
936
488
45
811
468
242
231
794
838
225
998
266
343
910
822
254
114
105
310
859
594
664
123
280
700
115
952
401
648
800
899
549
242
193
406
82
23
771
49
827
686
474
297
496
468
816
759
139
828
901
335
763
113
441
819
497
745
52
452
848
281
70
69
10
703
82
212
213
312
757
725
420
166
781
684
729
964
812
79
137
330
52
918
888
320
660
336
355
417
561
259
797
230
680
191
249
931
287
128
366
722
403
247
993
234
268
116
291
379
861
385
251
441
488
805
775
315
446
476
132
15
412
720
821
172
465
887
791
675
228
128
787
234
82
322
733
822
165
420
378
181
480
603
982
358
678
315
531
637
259
764
678
599
426
16
555
270
718
103
208
185
981
648
479
196
589
420
837
703
586
280
840
669
424
639
574
724
939
337
776
483
430
981
653
317
584
206
491
753
298
604
32
739
117
834
887
75
545
136
78
24
65
109
35
256
386
50
455
415
145
221
627
865
532
737
815
21
145
503
617
529
850
203
699
852
378
229
805
364
410
497
209
173
548
926
526
882
649
696
84
43
822
291
471
651
904
453
942
884
560
277
826
737
226
246
532
464
351
754
479
923
995
653
877
186
441
960
134
38
402
581
178
764
92
774
600
732
199
965
823
301
987
519
113
878
141
610
536
4
208
735
521
659
240
622
893
131
226
534
909
41
880
981
398
622
25
538
986
424
196
644
934
963
532
150
83
44
39
131
803
178
689
704
237
873
783
826
12
684
21
972
513
798
592
812
353
734
935
179
98
645
636
448
823
348
161
561
354
79
710
949
377
296
438
920
321
769
841
635
495
330
765
215
926
179
429
582
434
6
100
511
971
725
914
180
245
723
333
49
684
266
883
699
749
608
644
699
888
574
252
406
458
48
934
730
854
338
620
343
411
404
778
511
785
4
203
219
893
93
652
316
228
577
460
507
853
240
621
917
638
405
356
463
952
145
3
322
183
71
569
170
641
507
927
921
657
248
675
579
635
196
489
333
703
634
549
767
275
435
462
788
368
458
548
746
599
3
26
882
652
999
718
533
160
447
182
0
917
299
669
422
587
334
730
609
672
815
537
309
451
94
979
417
249
872
225
891
537
74
310
206
338
774
122
2
780
493
50
281
963
617
741
265
160
765
138
371
859
308
333
119
195
811
192
794
701
756
686
605
635
792
267
587
179
600
975
559
969
879
137
487
959
943
64
825
240
879
29
664
292
87
228
507
957
544
282
218
553
122
304
718
720
802
493
764
621
944
802
366
730
715
406
390
92
81
522
64
813
231
551
195
120
930
747
587
23
735
139
918
680
965
778
0
14
685
648
526
284
563
422
308
676
188
829
243
869
795
286
483
12
466
876
744
961
729
541
684
970
886
808
873
470
386
361
649
527
588
48
612
282
252
399
997
395
14
482
442
617
192
144
846
792
826
280
548
286
433
551
226
941
344
750
656
807
36
928
611
480
179
705
987
877
376
442
725
306
613
24
709
713
277
70
20
727
236
783
426
912
566
341
553
467
425
583
589
136
297
612
683
869
502
895
805
288
419
763
760
927
933
573
978
91
510
425
387
323
453
509
423
653
612
698
109
935
166
304
223
268
259
337
510
866
985
302
937
207
256
149
418
156
578
308
381
362
958
823
822
681
80
422
766
208
454
338
897
142
881
630
879
975
622
450
182
258
224
562
304
351
212
757
534
974
193
121
177
962
626
564
192
509
121
670
227
829
921
130
83
420
288
923
4
397
327
723
856
370
400
567
529
467
75
502
474
329
669
704
666
224
909
428
135
418
580
177
803
17
961
758
149
501
670
733
47
923
986
449
23
486
284
281
997
103
656
469
720
264
74
437
277
111
340
345
933
158
765
267
441
927
809
849
93
308
87
430
798
308
403
848
337
234
824
556
810
0
905
269
710
649
180
84
117
939
107
834
439
603
881
296
442
499
438
263
341
374
615
404
604
324
837
571
849
49
560
108
99
888
855
291
654
734
823
569
687
593
750
601
745
982
210
725
17
849
643
293
2
759
458
537
686
648
709
815
747
377
192
366
53
325
657
971
901
427
159
560
590
763
504
98
431
323
814
28
946
14
470
335
321
779
333
171
935
331
102
47
154
708
700
196
3
819
617
952
583
990
513
558
646
591
654
586
437
485
408
330
562
253
976
584
92
773
186
181
916
753
357
768
243
711
785
971
882
876
915
902
856
442
951
717
764
849
827
804
751
193
588
835
180
186
880
21
120
963
599
834
648
919
110
53
243
141
153
623
205
390
861
178
964
802
271
362
155
339
172
325
665
283
870
612
157
418
592
729
520
823
999
880
887
823
69
19
108
900
482
165
480
252
401
720
823
579
300
585
776
859
13
217
255
79
443
415
984
823
541
545
698
198
910
762
598
167
941
477
203
518
463
959
328
419
771
91
205
201
962
999
702
652
626
515
372
633
253
810
418
679
890
576
889
451
944
956
808
603
394
568
532
792
636
515
544
966
217
583
737
343
366
998
209
611
70
287
270
20
106
383
645
862
668
587
840
836
137
82
474
805
170
359
683
438
13
915
765
425
325
449
137
794
242
51
422
322
621
579
679
165
93
963
840
479
815
14
765
603
494
303
911
787
335
351
732
59
263
533
18
336
251
213
863
975
764
91
256
271
909
872
228
240
330
523
340
221
47
308
18
685
746
449
995
552
878
835
43
677
556
323
987
448
560
574
993
287
118
224
412
774
464
804
201
241
325
25
280
263
119
745
645
230
984
547
931
121
498
400
787
510
330
755
517
355
488
505
401
777
406
719
533
825
219
323
507
139
522
891
485
110
556
506
816
890
382
361
322
248
736
106
10
195
188
671
11
200
639
65
348
320
831
677
303
630
417
280
172
860
198
68
529
712
353
794
136
556
136
231
445
979
300
452
466
439
182
437
186
464
992
523
358
415
550
252
119
744
823
176
289
774
52
943
351
816
571
118
969
777
976
505
79
726
785
906
249
464
940
959
125
465
400
842
219
867
181
458
344
900
289
446
469
190
503
162
972
874
14
386
447
157
483
443
581
995
484
985
185
528
707
459
112
830
43
531
391
768
977
457
87
684
82
271
470
135
165
520
243
427
501
201
910
972
742
193
937
944
345
245
487
652
989
708
640
371
428
97
534
905
935
607
911
366
815
263
31
655
833
524
633
454
413
808
505
641
316
647
178
816
611
713
63
720
120
902
192
597
240
513
443
996
226
119
828
926
76
505
347
992
8
684
289
855
586
714
334
361
457
537
113
559
23
50
77
719
367
580
389
910
138
455
756
579
94
876
763
654
772
881
648
287
524
811
303
475
239
60
104
424
929
724
972
202
345
35
117
831
366
12
370
508
463
734
60
979
423
692
351
244
476
236
104
808
419
645
440
732
793
865
274
330
288
706
831
476
692
785
835
482
345
273
539
555
75
802
126
743
658
546
973
683
832
693
848
342
791
493
471
152
660
6
361
715
442
568
229
609
709
407
27
717
76
959
141
518
210
968
903
149
153
857
192
879
907
161
620
294
478
713
32
499
443
718
786
366
300
682
290
182
376
922
776
179
676
722
491
377
471
220
867
367
122
319
413
261
258
124
929
69
851
628
272
919
355
550
935
520
529
717
507
222
16
325
856
354
555
142
210
584
79
57
247
106
119
295
775
232
400
489
137
212
427
402
779
586
688
473
253
949
108
587
955
237
402
325
837
420
799
351
349
951
13
43
901
82
70
725
506
476
531
557
8
906
768
55
596
935
93
444
8
513
52
121
62
839
241
461
405
126
395
249
113
459
118
607
314
331
130
709
443
654
764
507
884
153
383
615
687
923
199
898
788
800
802
316
49
81
171
602
26
868
611
808
640
359
934
969
465
872
144
131
837
0
162
600
128
727
269
638
504
529
50
104
973
805
619
246
88
902
425
176
289
434
747
448
513
16
600
260
240
566
290
834
868
617
327
655
280
54
149
400
228
701
937
674
470
885
828
684
21
642
722
370
78
363
736
501
781
152
601
477
122
505
214
968
429
362
904
133
887
859
659
697
167
827
689
947
301
692
103
315
102
201
168
532
933
508
412
971
835
557
597
975
242
413
806
584
92
89
129
789
970
561
339
837
900
943
253
55
981
437
738
245
807
24
680
723
730
785
229
694
156
882
432
983
494
526
768
574
939
424
389
156
422
205
105
777
807
542
371
859
753
254
368
936
499
322
318
227
65
142
286
130
790
212
413
528
808
831
63
582
752
766
785
373
965
668
770
207
340
155
132
99
438
305
549
959
174
939
349
271
845
647
323
627
404
950
8
623
742
381
264
237
295
836
456
309
700
983
728
84
512
259
815
234
257
219
853
877
165
584
530
187
236
31
920
781
891
476
391
512
338
316
493
429
363
32
503
567
151
957
65
996
239
769
230
93
732
568
421
72
867
868
536
893
216
891
250
29
734
954
820
878
185
479
739
619
768
629
322
896
194
833
824
900
252
449
366
855
812
147
887
162
965
659
836
918
143
975
147
757
450
781
987
709
455
172
231
411
659
15
533
892
545
710
161
710
867
559
826
605
181
882
729
433
662
426
66
893
219
198
273
466
442
664
202
290
192
845
236
577
199
843
83
526
240
321
312
839
561
935
336
106
435
63
446
320
74
931
381
979
617
102
519
857
858
511
883
977
528
807
814
353
753
612
592
490
394
678
794
532
809
974
153
499
633
919
570
435
94
532
426
527
30
257
224
92
231
190
194
213
442
702
993
352
780
6
706
661
885
120
545
383
87
383
204
331
885
813
937
653
933
345
461
858
884
892
347
809
820
746
637
386
156
293
305
392
308
829
203
27
844
957
179
69
80
671
467
695
954
127
120
148
748
364
570
91
215
411
9
298
614
542
422
53
528
194
691
726
158
230
64
439
778
855
227
963
399
992
379
514
491
879
137
75
574
995
84
572
261
465
727
732
512
158
977
282
516
783
169
703
813
284
588
70
860
291
325
547
569
664
143
769
293
106
554
910
991
49
919
217
425
644
130
156
166
919
715
788
98
313
769
229
102
515
284
747
782
341
397
723
761
754
868
632
997
908
742
441
284
339
537
711
599
302
349
277
821
820
280
952
616
132
574
806
932
16
180
106
836
528
183
317
444
451
686
242
869
136
585
760
144
91
108
490
394
996
260
138
992
737
820
737
280
923
844
820
723
22
831
457
507
609
528
727
4
622
273
987
618
700
591
911
760
367
477
517
616
537
395
961
852
682
34
212
575
955
439
5
656
161
50
809
636
284
490
876
360
631
240
536
536
26
556
370
503
891
103
564
219
891
590
84
508
100
895
604
649
624
260
971
614
845
569
385
222
677
923
191
242
50
279
149
307
215
637
461
705
289
559
508
344
860
473
377
228
858
791
494
2
430
861
36
834
295
831
931
964
336
38
606
990
92
828
613
855
871
156
196
571
639
417
961
540
913
929
99
729
408
341
429
237
657
976
178
7
874
665
755
386
984
863
924
856
528
481
460
744
677
343
123
344
880
168
678
353
94
400
765
126
923
454
958
392
4
744
515
442
522
787
982
643
106
803
916
165
922
986
991
489
430
985
582
205
424
761
8
228
14
876
933
232
190
181
101
510
180
833
217
621
980
888
871
29
802
548
28
688
54
989
394
312
222
830
561
661
340
56
594
65
103
952
38
754
725
463
109
442
189
639
170
527
754
445
11
162
476
224
511
526
417
532
208
743
953
442
848
133
191
136
400
211
467
96
580
672
644
304
74
658
355
134
425
1
699
222
166
991
740
937
873
258
142
483
998
676
67
154
192
680
173
62
416
752
311
121
883
151
512
556
785
216
97
555
522
177
272
846
403
72
205
269
702
489
58
368
719
137
79
176
107
514
779
309
788
171
839
965
255
754
652
134
174
401
149
624
832
355
359
506
990
657
676
871
858
70
63
5
720
931
274
866
342
119
460
819
936
87
782
690
260
254
564
363
492
577
353
675
65
882
122
406
588
414
