15
596
694
654
443
549
443
265
176
938
594
273
148
628
803
160
878
790
215
867
989
393
140
873
976
392
554
201
456
759
523
644
721
453
376
20
767
635
350
88
182
976
695
397
426
994
228
778
220
507
168
216
590
334
856
452
365
164
855
475
45
40
46
201
4
371
825
829
220
212
116
292
20
752
476
881
864
866
962
358
380
383
394
410
840
600
634
167
821
389
469
286
710
155
776
98
241
225
908
70
77
525
34
883
982
878
989
265
747
85
760
825
433
965
880
614
480
900
700
110
523
253
82
888
125
540
587
700
783
749
222
433
742
873
811
543
273
134
229
674
56
105
802
335
560
443
391
254
947
525
508
868
292
266
688
404
224
760
829
842
192
233
843
620
643
540
131
589
736
571
625
854
185
34
133
771
556
75
19
216
691
128
798
806
299
374
243
94
481
378
177
585
536
899
359
922
544
979
750
544
784
115
358
75
188
794
148
850
1
202
968
151
941
128
996
512
725
606
425
979
566
646
620
245
892
189
454
375
337
201
641
925
941
929
421
628
60
16
67
712
445
261
113
159
742
705
284
549
829
926
732
797
73
153
169
529
16
252
899
303
362
59
503
944
474
40
821
709
196
269
510
416
593
150
868
772
544
312
289
915
712
314
353
330
456
990
52
490
399
292
635
78
151
268
972
236
995
917
265
922
250
783
242
95
116
186
171
11
377
472
96
443
265
118
612
589
910
658
577
228
549
881
946
160
52
616
717
158
613
413
468
384
96
706
482
488
264
52
490
614
859
454
531
332
757
573
289
890
342
360
533
874
727
535
500
170
277
380
244
642
236
898
891
801
908
768
386
193
993
818
119
363
908
525
120
16
239
485
115
685
598
333
19
865
129
617
724
887
774
403
176
323
427
121
266
227
97
800
983
811
500
767
900
741
823
82
667
883
196
592
439
626
761
452
535
549
878
917
568
819
987
554
578
694
935
662
796
121
787
227
684
781
476
703
254
448
527
472
798
682
647
340
585
93
587
689
429
81
947
606
890
754
976
140
952
471
491
53
671
975
733
599
365
489
910
493
857
328
82
819
199
537
381
331
509
491
735
441
898
362
995
167
534
992
185
942
277
817
212
442
485
321
69
168
94
140
366
606
505
17
995
415
393
364
234
243
502
879
243
647
881
908
899
5
682
858
811
315
877
305
101
736
979
395
270
9
596
913
159
591
818
8
973
946
624
358
425
662
714
613
202
896
919
946
622
429
880
370
520
855
940
731
211
829
444
554
228
966
122
854
901
322
647
671
14
389
881
660
199
145
899
801
920
318
310
377
353
961
822
718
237
783
335
906
257
948
222
104
491
500
540
604
757
420
29
52
873
462
367
314
911
440
878
511
993
8
476
85
871
566
574
889
702
998
65
11
836
608
91
595
735
526
479
98
307
729
912
970
394
160
230
291
605
335
150
403
505
984
620
873
477
128
76
399
264
984
151
273
503
470
696
406
332
328
557
906
826
741
59
245
701
472
923
108
518
25
809
930
788
682
947
106
615
971
38
124
445
962
147
154
47
907
105
613
982
423
916
561
767
772
860
585
358
81
520
209
462
996
33
422
718
994
587
564
535
579
38
932
635
423
203
263
384
473
218
988
553
478
16
58
61
562
421
131
689
832
732
405
448
531
571
173
867
533
914
2
180
987
145
772
660
100
994
791
829
741
198
792
225
74
659
738
385
810
867
181
770
536
808
157
713
33
931
866
431
223
380
985
984
393
219
614
133
356
549
900
162
443
50
235
490
110
419
773
318
770
218
117
820
653
498
132
276
924
852
57
886
507
443
829
959
952
952
392
275
28
7
43
956
751
34
35
976
871
284
254
337
956
877
206
326
556
604
551
142
454
12
839
844
197
397
241
943
739
891
197
209
151
508
248
399
148
522
803
903
272
632
74
701
862
298
900
17
368
829
994
906
44
189
70
510
401
669
650
929
495
273
177
146
729
720
262
86
920
821
711
828
173
453
221
415
602
11
779
658
685
974
921
781
426
20
388
926
909
504
763
171
49
118
528
988
447
256
82
549
990
73
699
905
819
294
403
730
45
724
984
157
872
437
487
195
884
269
612
713
666
8
873
897
651
134
463
753
884
206
39
810
377
296
419
963
805
975
31
891
43
195
421
590
941
893
17
695
78
627
913
467
646
451
40
14
458
421
697
487
341
737
50
366
191
159
92
278
7
517
869
254
440
107
392
737
358
898
290
781
428
35
866
185
44
813
612
383
626
926
673
345
797
90
647
808
106
601
81
159
686
827
595
646
720
543
468
474
386
761
23
210
730
641
192
349
513
640
496
903
975
222
957
802
720
839
465
265
271
772
861
936
534
69
651
975
655
892
605
606
634
85
164
594
164
761
864
100
488
402
897
43
900
681
360
48
307
827
814
728
106
42
118
470
505
327
609
502
73
862
807
623
268
938
140
288
221
239
199
715
733
254
802
422
687
99
350
438
273
74
287
310
711
760
880
62
62
654
418
63
625
872
798
666
724
44
461
40
339
622
295
460
445
600
160
485
715
647
620
896
79
545
579
922
986
138
725
58
710
877
970
829
549
207
286
763
420
840
672
111
616
403
70
117
459
661
879
635
291
402
452
674
352
227
740
702
7
931
794
392
31
217
93
445
199
952
308
623
475
961
436
97
297
2
687
280
188
944
331
405
692
256
956
408
96
204
711
94
354
257
164
754
117
828
214
106
341
516
219
352
626
243
787
689
467
815
694
219
139
965
975
87
51
573
223
421
100
616
175
639
454
494
726
590
898
100
506
481
209
178
879
916
575
507
457
84
24
893
688
512
573
337
783
692
506
653
873
791
127
148
977
564
473
383
268
598
77
932
405
349
624
37
316
797
846
852
372
677
173
986
143
709
149
583
897
192
38
347
822
65
902
163
513
282
29
39
282
240
343
65
90
547
934
688
582
937
986
626
326
409
838
672
425
301
599
435
615
920
619
244
618
407
340
849
682
741
888
740
212
47
558
37
806
742
303
728
313
58
999
129
380
691
534
212
553
475
96
265
326
712
805
596
634
789
221
531
521
32
996
808
78
454
870
790
900
531
887
561
666
790
241
118
9
984
875
673
963
781
643
182
769
395
888
111
544
383
294
987
578
856
846
624
837
627
137
120
538
645
890
982
788
231
69
452
506
715
640
533
915
510
220
613
405
134
376
600
722
354
986
72
544
128
18
88
579
97
190
957
834
481
268
885
650
739
839
543
547
89
256
498
837
217
840
666
486
468
16
676
379
960
86
907
464
317
860
203
6
564
254
395
720
810
16
384
250
29
418
300
247
886
425
269
189
92
819
217
991
505
574
119
863
190
549
330
198
402
240
119
441
103
351
165
881
389
756
548
168
736
586
925
147
909
981
58
392
866
143
775
845
699
92
589
410
928
755
392
925
619
898
878
232
72
29
583
417
398
138
364
142
650
60
641
922
722
905
692
977
871
226
535
716
995
488
194
881
594
245
625
330
942
814
205
176
938
595
62
820
312
903
366
417
398
51
889
730
626
386
648
324
47
936
285
151
408
812
273
934
505
15
425
160
172
415
256
731
753
45
789
845
719
280
732
454
863
395
3
93
737
506
499
693
38
716
78
355
955
141
335
911
815
883
677
485
132
915
498
375
441
656
920
585
216
455
699
888
3
33
594
791
490
806
638
656
831
154
693
948
547
191
688
615
593
775
200
843
976
780
632
871
302
343
996
491
191
505
151
435
925
425
570
165
602
58
248
473
360
655
406
125
306
966
448
450
11
367
607
390
732
744
990
495
700
150
348
840
743
746
220
283
1
301
175
419
972
913
660
813
828
134
717
227
596
670
891
404
74
54
812
827
381
425
144
883
191
618
716
204
493
190
661
260
371
243
894
285
116
417
69
174
647
172
327
873
14
707
308
553
408
176
901
246
798
12
418
607
131
702
984
826
172
368
591
123
831
479
378
334
712
149
712
954
806
612
15
269
500
593
80
134
3
26
573
779
596
149
127
951
908
447
69
783
401
966
406
746
113
380
407
59
257
824
217
804
955
546
529
553
417
363
899
358
949
703
425
389
587
824
20
656
174
448
390
807
655
931
358
495
957
310
58
488
558
232
587
336
59
635
914
673
977
487
744
148
76
404
404
409
918
689
389
805
645
14
847
893
715
874
851
493
519
634
958
32
672
159
603
939
522
402
309
122
465
271
421
102
458
260
266
810
298
988
382
737
197
692
620
39
656
360
560
424
163
371
639
520
278
178
854
63
988
740
190
728
805
776
308
127
949
315
855
630
2
957
747
162
827
806
122
182
619
482
922
236
461
718
850
235
906
717
885
34
453
164
265
367
928
279
98
124
231
942
976
182
154
15
367
532
17
289
884
41
119
82
741
909
57
158
201
182
832
228
991
327
458
447
979
618
894
534
915
7
118
856
31
265
383
728
175
265
916
464
191
314
489
101
405
704
739
31
258
429
661
643
463
73
181
535
263
214
109
890
714
758
261
109
779
961
973
610
23
702
976
71
997
501
973
383
37
7
543
974
649
27
148
686
312
39
491
907
841
614
286
607
309
755
583
146
789
379
223
2
762
792
826
3
596
616
726
844
610
552
249
478
40
478
906
233
95
650
672
668
598
24
168
969
894
212
706
779
155
938
66
901
750
858
292
760
215
853
528
696
768
750
910
195
789
951
627
784
272
431
809
520
33
53
924
307
978
228
441
411
480
107
537
629
93
160
195
545
659
344
680
310
891
341
880
658
971
525
18
134
78
379
664
227
134
492
129
763
516
480
56
870
408
114
689
695
380
774
364
562
754
575
514
564
295
106
68
335
215
58
500
585
103
328
51
760
745
111
9
660
266
474
74
152
680
571
934
79
319
376
217
303
266
44
17
117
191
295
855
269
731
139
244
939
685
268
100
83
295
651
912
377
174
144
253
534
779
777
418
592
521
235
536
853
615
427
482
452
728
666
763
128
501
379
694
321
61
514
25
313
667
251
3
968
693
60
628
356
405
528
964
896
424
161
259
904
931
337
576
166
678
453
805
413
729
15
840
448
811
958
132
37
81
708
925
379
947
876
443
821
946
902
14
362
54
24
880
66
812
634
832
648
725
134
42
719
81
563
723
938
586
829
923
83
934
530
811
831
891
851
910
301
15
357
980
57
472
219
49
786
405
578
389
892
232
312
292
234
147
538
597
84
535
97
144
912
828
224
569
40
851
901
977
176
447
353
139
227
57
294
244
785
731
700
44
543
20
136
937
627
858
417
74
842
614
768
985
807
217
164
202
242
397
566
504
828
198
288
959
186
935
237
180
989
265
997
128
405
733
448
347
645
947
420
158
391
411
981
169
989
49
311
946
417
438
427
927
698
169
756
939
772
132
381
452
458
938
953
470
954
639
638
816
109
256
478
979
921
618
996
187
877
910
304
326
777
466
327
442
976
866
266
348
443
229
392
114
851
997
883
1
618
838
572
522
782
847
436
120
275
494
289
437
572
478
801
250
526
308
285
269
993
944
685
581
52
94
348
881
20
491
0
742
928
309
176
535
300
956
674
927
176
445
824
490
837
276
542
153
811
689
35
788
834
148
898
250
563
811
356
221
905
762
259
320
570
145
797
258
668
337
75
68
614
288
845
678
4
629
269
0
838
589
484
220
718
460
844
361
676
583
332
481
431
557
633
388
706
198
807
558
345
820
12
844
559
830
197
996
326
220
456
218
353
580
509
895
945
515
545
99
867
887
792
899
2
305
590
166
614
40
459
401
792
944
265
915
88
178
995
434
302
309
211
548
634
682
376
650
208
325
139
127
683
119
204
830
181
616
222
825
480
154
507
46
420
161
533
252
782
415
51
323
401
204
580
881
915
770
331
401
278
654
798
126
234
747
189
438
140
536
580
593
621
34
501
457
890
716
549
451
803
730
481
595
106
518
61
846
377
801
32
841
192
915
192
503
858
942
741
735
588
373
789
36
993
210
540
741
685
436
765
917
628
727
121
934
61
254
890
550
576
419
397
316
273
663
690
747
881
477
658
781
408
329
644
67
48
135
883
280
401
965
824
814
805
954
887
424
783
976
833
718
188
604
237
775
654
911
667
137
489
4
167
700
484
130
470
148
774
52
497
589
483
740
851
777
585
726
72
389
635
344
139
170
89
536
4
303
226
445
997
563
807
287
520
40
237
571
407
83
967
71
439
392
726
924
745
507
422
592
454
729
206
843
559
861
395
610
743
70
905
911
429
397
40
114
849
357
46
824
178
883
855
58
434
149
470
273
127
415
39
964
887
504
243
172
271
563
654
911
976
473
104
840
975
324
806
344
167
791
276
430
828
889
898
722
47
960
208
15
345
450
959
686
398
366
270
535
872
345
181
891
29
37
738
909
334
908
846
158
204
514
946
280
881
952
587
530
681
277
935
715
131
623
76
306
471
423
892
185
582
99
310
913
761
204
923
441
895
648
675
216
414
522
413
938
229
581
720
928
131
880
920
335
616
123
264
99
87
471
312
565
556
924
667
431
736
548
320
320
861
308
259
538
680
707
768
657
91
443
779
854
259
125
158
810
701
889
96
502
456
899
823
415
959
504
834
951
86
159
925
782
141
565
817
944
950
401
823
431
999
943
33
393
845
640
710
693
541
438
136
15
944
253
748
123
954
876
677
582
359
515
820
984
195
263
521
101
540
73
167
346
615
933
391
725
115
701
499
326
462
485
500
498
794
242
891
334
163
412
249
496
695
523
476
208
979
61
566
894
806
141
875
310
45
719
135
966
795
168
217
376
209
59
240
474
801
342
609
451
403
435
938
248
691
634
422
21
864
508
77
399
209
426
575
781
573
452
198
15
711
581
285
407
693
948
232
829
332
134
921
214
241
350
956
908
718
198
480
128
175
391
555
476
744
941
296
893
373
742
368
774
517
225
154
608
428
451
816
805
924
708
712
4
407
400
491
278
748
282
830
359
347
571
282
560
582
904
186
561
327
73
552
181
136
350
429
654
43
764
420
750
766
341
913
215
98
702
11
691
873
922
106
645
593
499
687
648
377
344
904
470
655
154
108
272
156
777
33
437
197
20
879
982
887
942
368
534
893
147
303
654
793
545
515
414
301
404
478
608
309
978
774
87
19
997
631
357
117
543
786
113
983
143
911
463
265
761
386
810
918
284
837
197
480
285
258
399
290
217
859
276
204
136
592
272
701
181
52
910
872
218
325
183
261
640
814
127
778
588
730
841
678
717
503
178
979
945
933
91
989
223
930
512
515
160
563
565
217
367
721
184
711
151
245
778
178
932
737
359
541
553
301
750
964
128
979
650
676
969
888
22
282
450
871
111
551
484
3
939
189
878
24
999
752
859
423
686
755
726
876
910
902
606
326
325
138
292
819
481
601
473
5
988
573
669
845
438
915
602
170
60
394
535
534
783
790
448
318
992
524
395
68
183
482
765
874
314
829
531
876
378
5
349
995
450
817
196
266
561
314
716
575
783
911
613
975
907
581
379
158
283
473
822
131
5
451
284
876
210
440
169
690
475
212
657
155
875
122
764
256
164
763
272
347
29
446
645
80
105
905
721
996
939
397
68
254
749
215
941
488
456
112
955
609
14
163
441
355
259
966
673
421
610
903
121
388
372
36
754
491
403
39
445
403
284
500
504
776
371
737
358
651
32
505
5
885
600
404
369
671
479
87
310
979
616
731
970
46
247
181
777
444
677
249
810
928
819
460
711
607
875
213
218
168
223
790
18
794
548
5
797
754
745
777
991
207
354
36
65
452
266
932
621
849
21
941
326
358
19
199
196
150
344
391
620
579
520
356
15
380
392
393
713
456
672
74
665
725
700
44
849
394
114
478
355
493
485
990
723
986
456
793
580
216
623
179
458
73
375
367
863
687
302
171
217
830
789
932
920
905
802
569
565
252
833
790
294
651
235
208
399
622
247
368
898
283
932
717
455
966
721
202
103
502
555
626
9
327
790
195
207
127
15
582
787
823
814
897
115
473
537
463
405
25
58
470
667
249
411
626
175
444
336
178
914
127
267
327
469
191
814
125
91
451
584
471
526
687
106
331
150
761
995
983
832
68
968
159
475
79
783
717
214
770
762
19
13
988
466
599
858
291
105
380
399
81
913
137
386
983
387
960
986
593
975
37
118
333
594
208
37
1
838
586
544
977
579
904
187
706
195
791
938
734
67
252
472
356
174
62
539
379
364
715
84
515
79
779
18
680
310
253
909
996
658
317
40
911
933
806
505
653
955
233
242
853
153
834
73
538
338
284
333
336
417
689
639
100
64
719
688
400
727
890
889
970
800
770
36
943
214
161
754
129
710
67
647
931
166
618
455
597
475
574
596
729
982
901
927
672
750
476
379
249
329
2
714
95
571
869
367
726
785
588
683
218
992
864
827
285
87
776
622
731
355
927
108
546
632
956
841
331
125
494
761
704
720
866
534
73
905
995
725
631
35
780
991
372
980
5
251
973
142
887
857
358
918
566
417
816
434
146
905
209
40
178
333
448
849
486
713
555
444
558
154
279
743
197
475
211
456
148
236
754
937
940
748
195
162
588
527
254
713
906
426
22
156
922
579
845
847
409
822
201
817
332
386
697
393
578
163
811
950
330
536
886
163
467
476
982
825
550
282
625
551
834
1
501
125
92
863
940
198
776
330
542
364
72
673
809
861
560
250
911
67
876
61
309
681
671
893
355
209
825
326
636
418
827
225
476
727
834
357
273
819
198
936
367
328
542
924
780
768
866
140
501
538
453
469
843
110
397
626
598
732
47
239
308
813
204
815
125
485
970
65
38
281
464
789
193
467
131
573
869
76
494
526
79
857
1
782
589
678
552
159
779
270
998
121
4
573
695
510
998
293
759
231
178
724
538
108
678
47
457
705
737
7
582
276
187
698
172
986
814
469
149
809
357
813
273
704
344
789
8
699
681
513
405
491
286
377
864
634
723
265
38
372
131
141
518
9
131
218
330
895
339
264
432
860
642
795
517
633
189
313
221
106
347
150
257
113
48
818
429
187
900
884
940
402
616
481
83
834
108
733
896
815
55
385
693
483
364
797
20
254
742
837
896
30
712
383
93
222
180
389
246
402
525
110
737
816
866
879
881
770
634
438
784
952
239
719
879
563
49
103
475
708
728
598
222
355
292
226
703
516
852
102
254
819
474
273
392
264
176
195
108
334
425
290
176
733
814
379
411
207
499
565
983
344
149
79
170
574
299
249
658
32
446
231
922
259
103
402
78
839
171
169
199
809
365
94
803
570
240
387
972
924
431
554
675
668
956
340
193
354
129
25
858
934
246
934
918
198
799
773
941
370
689
662
983
624
906
99
213
26
410
218
455
469
929
