422
294
235
181
839
755
312
403
711
144
889
831
583
130
181
99
376
553
920
19
317
507
951
530
716
508
524
522
96
451
214
643
534
488
905
451
225
554
573
459
612
405
126
82
620
408
287
906
216
460
435
808
565
241
282
914
114
155
76
129
621
537
333
846
817
622
765
849
877
408
626
364
113
350
109
982
975
543
150
235
300
614
133
553
74
73
798
501
83
800
192
44
124
498
498
782
660
867
2
740
807
19
852
410
147
8
891
896
814
259
855
618
402
616
763
935
918
791
713
143
499
727
413
278
968
706
563
133
170
556
606
319
243
509
349
969
997
190
892
139
36
96
581
587
157
272
656
985
375
134
782
988
805
733
174
659
972
829
539
129
975
732
594
383
293
763
467
757
748
468
555
708
132
281
148
658
418
880
626
64
599
180
522
425
5
389
185
464
982
182
310
924
816
127
269
592
905
425
633
675
83
887
133
438
283
540
512
459
884
927
99
923
515
299
711
512
327
27
896
785
528
818
784
172
273
73
217
941
146
162
755
933
814
25
958
574
38
803
629
954
152
910
487
100
400
648
547
430
640
507
743
769
103
597
269
651
748
711
803
435
374
243
573
872
986
224
857
599
695
803
439
347
857
979
979
559
96
526
841
895
76
762
891
429
583
827
121
959
775
907
118
725
831
785
228
656
946
552
283
958
403
623
755
731
939
57
859
497
688
619
221
351
982
67
208
80
388
760
81
275
38
940
839
136
731
733
18
842
994
299
232
839
70
21
619
820
483
124
418
389
563
49
563
427
450
442
170
295
666
135
120
410
956
235
234
767
468
158
253
992
111
223
59
397
396
335
37
83
196
585
46
552
823
373
239
517
805
188
516
893
509
693
738
938
637
470
147
575
967
750
768
223
981
591
905
564
553
778
708
900
707
139
384
366
375
35
949
931
442
27
75
391
729
30
715
726
502
80
485
235
456
43
998
332
430
640
958
649
392
890
836
819
851
502
839
362
190
110
850
567
685
910
802
784
778
830
663
834
218
773
149
744
131
431
262
793
297
61
733
112
711
314
945
253
480
814
149
201
546
220
432
454
459
414
470
901
635
624
978
1
606
570
110
577
548
614
641
867
759
82
675
244
281
96
712
860
151
656
551
230
957
855
645
653
103
945
979
681
674
985
353
441
205
378
765
107
847
366
900
815
806
339
292
506
289
942
324
557
795
159
768
397
805
156
764
758
174
49
428
25
841
117
983
277
163
449
902
817
56
617
76
863
58
397
907
989
548
953
984
549
569
447
125
396
524
343
562
679
219
173
998
865
637
488
983
105
789
779
996
888
339
324
556
585
477
242
189
721
815
780
594
110
628
509
658
620
263
371
817
234
115
182
941
268
3
142
447
625
126
685
12
116
803
19
600
840
798
137
54
452
820
437
205
638
784
284
994
380
106
285
718
677
153
274
493
358
533
106
171
505
731
618
586
904
70
306
476
15
422
547
993
327
120
646
966
23
794
312
306
901
929
626
830
923
689
652
137
508
128
553
669
317
935
158
657
296
694
636
204
132
395
326
723
649
655
492
7
71
117
525
366
830
712
363
132
927
824
752
381
810
208
519
402
761
607
358
190
81
944
679
860
649
609
973
367
924
773
259
525
408
70
248
265
0
778
415
276
495
305
371
407
467
713
488
47
145
45
444
453
231
248
373
81
844
906
604
202
292
670
159
341
384
336
820
16
338
901
440
674
806
576
392
817
411
726
15
679
617
376
935
161
61
123
467
645
776
893
136
232
550
533
363
818
345
575
597
39
862
628
996
690
207
514
179
504
192
717
34
598
5
777
568
647
192
995
908
390
529
931
339
493
653
864
628
448
73
856
520
233
168
882
733
425
136
435
457
375
491
568
83
416
889
214
373
539
299
692
901
607
154
498
356
372
358
201
406
499
539
662
647
715
317
28
655
601
4
661
556
195
810
877
223
841
154
835
425
224
707
532
875
236
721
78
836
10
45
510
549
679
819
134
137
249
249
151
368
992
751
494
210
584
425
278
41
909
362
499
144
659
83
366
352
618
473
466
433
418
437
193
428
625
868
531
663
806
15
21
730
945
237
554
303
833
732
153
119
841
910
810
6
664
144
46
312
611
446
450
622
386
98
655
664
236
324
42
287
303
19
411
858
800
74
116
813
475
941
192
699
416
58
517
16
674
165
975
585
869
844
67
631
635
417
732
30
539
814
294
579
520
538
853
532
465
762
232
778
129
275
920
226
381
683
583
241
926
687
191
21
659
871
584
888
292
478
540
127
868
422
323
378
196
600
335
540
176
561
435
497
345
208
557
567
790
19
628
294
688
601
584
873
713
675
781
630
727
420
731
26
746
184
950
205
72
328
557
597
306
371
816
647
661
104
539
568
719
959
169
745
275
96
839
193
923
340
703
492
177
280
573
425
442
31
554
618
287
167
66
980
170
348
676
991
129
720
438
639
394
748
98
376
340
264
624
489
5
750
73
39
797
77
918
186
398
417
499
276
782
808
196
845
235
712
802
53
59
275
425
217
228
396
17
598
902
508
87
588
899
501
592
681
912
920
922
223
108
737
774
583
465
944
749
780
163
571
246
333
692
158
10
426
906
517
836
584
230
152
72
927
770
277
303
408
982
820
892
876
566
731
279
592
916
186
915
301
357
9
381
187
339
197
739
142
503
41
495
809
464
17
823
694
813
922
27
567
594
118
722
351
42
683
216
50
322
51
856
563
110
950
930
956
322
803
290
968
351
174
597
893
624
379
112
933
71
88
679
683
585
617
22
514
499
357
543
545
192
462
657
315
976
342
562
939
382
149
633
613
654
598
66
264
529
713
911
671
526
284
303
623
775
442
381
178
501
269
464
794
649
376
946
953
729
765
288
85
899
158
661
937
200
383
355
527
288
360
487
194
206
216
584
39
887
84
380
683
309
752
446
79
211
404
96
225
316
600
16
933
620
122
467
880
290
12
491
484
48
27
638
96
961
169
13
679
438
284
669
777
973
464
413
486
439
191
820
686
860
673
135
343
510
599
317
878
758
16
271
278
486
918
342
542
341
915
114
100
104
454
813
223
811
418
330
691
140
621
525
454
616
933
729
703
396
518
880
102
50
425
586
582
982
943
668
727
124
195
748
9
352
877
248
170
466
434
144
24
260
609
342
411
545
617
528
569
147
230
663
837
793
402
896
866
644
655
693
121
828
363
879
10
315
157
1
62
982
588
236
915
908
415
915
473
380
831
258
970
535
104
480
495
295
534
246
597
779
525
667
966
0
569
885
387
573
35
182
679
187
37
465
303
967
316
879
30
142
4
251
661
148
187
998
80
208
243
367
731
751
283
147
523
540
319
61
769
361
267
410
185
437
815
723
265
418
444
680
308
241
805
918
879
117
536
148
739
281
964
680
633
638
301
481
908
460
986
928
999
268
704
648
823
545
567
255
371
313
802
248
625
939
796
31
210
711
430
32
837
684
805
676
330
914
408
905
316
485
831
284
833
834
255
166
638
897
234
552
667
919
987
557
855
143
935
915
148
981
199
436
706
967
146
607
962
112
967
534
680
921
424
61
788
750
579
374
10
115
18
539
973
593
786
329
618
505
320
557
816
924
927
38
846
933
895
798
45
283
751
486
765
374
483
261
627
205
16
781
271
546
36
627
43
691
780
793
208
270
381
57
139
568
547
512
637
554
984
668
96
840
540
484
156
487
915
19
426
179
420
712
968
58
469
652
579
912
692
129
579
8
720
516
608
644
215
551
90
458
281
734
958
19
401
131
884
824
923
184
909
643
344
321
27
671
743
147
272
350
111
957
920
405
47
257
827
301
70
327
338
337
446
799
307
791
290
544
928
781
105
522
841
306
555
605
794
318
760
83
815
62
72
281
155
800
653
85
672
751
756
396
345
395
795
107
932
865
852
536
875
579
231
845
577
907
183
887
745
905
906
841
186
191
828
8
744
797
29
819
396
957
566
330
299
13
404
111
171
949
427
213
842
804
211
507
9
412
16
301
262
214
59
224
903
723
606
984
106
560
557
88
754
908
976
212
747
394
925
494
911
822
202
428
113
406
32
443
94
454
923
562
931
336
22
533
362
430
963
763
414
525
48
175
94
168
173
272
951
894
106
93
729
841
742
177
43
756
698
494
419
280
163
274
757
355
62
683
973
701
534
567
360
464
826
124
860
236
498
545
977
869
799
791
127
898
546
536
758
330
980
994
468
692
485
824
544
811
833
494
46
132
916
902
164
6
718
532
185
669
466
690
365
555
784
721
388
756
579
861
444
12
220
347
221
143
757
569
704
516
978
562
976
15
1
310
277
690
66
498
488
655
354
360
889
525
842
606
628
660
52
283
218
406
349
260
859
372
790
314
129
395
884
653
71
753
848
665
497
128
569
547
38
869
773
480
935
173
415
778
315
390
954
344
291
13
611
409
281
1
292
261
374
26
717
192
872
7
198
828
418
756
223
409
701
324
48
556
173
377
396
266
254
813
592
287
525
891
42
919
787
671
660
23
428
31
352
9
494
61
686
923
709
930
320
147
11
88
342
609
597
588
37
793
168
534
939
307
354
822
758
89
798
333
306
804
439
821
889
635
21
494
236
778
445
374
72
819
475
812
180
243
915
746
95
387
398
572
230
521
679
377
59
843
508
589
473
936
154
880
308
963
850
799
157
700
544
917
891
973
202
837
478
574
797
223
340
533
306
253
718
718
368
248
821
874
531
780
886
479
251
948
869
948
487
172
173
7
608
393
573
221
362
471
798
598
325
807
10
946
98
418
383
644
961
191
576
577
343
725
236
693
612
566
488
371
619
80
807
182
298
208
154
672
969
885
291
174
320
31
267
767
697
154
796
784
453
467
768
93
954
253
800
517
682
448
25
755
663
176
648
140
226
933
190
818
955
668
143
804
234
465
604
23
924
943
185
390
281
654
993
841
690
800
61
461
697
168
379
288
489
927
611
647
835
380
5
278
450
528
606
203
247
67
18
991
254
574
819
986
977
966
879
698
891
681
832
663
820
145
557
791
99
722
141
553
347
266
11
872
724
988
766
782
882
320
952
458
707
779
422
15
729
414
486
539
71
141
12
17
105
759
56
499
404
85
465
655
628
89
349
28
612
957
592
338
304
780
481
956
375
433
669
851
204
50
107
256
604
832
734
941
578
886
897
896
197
84
28
77
947
847
597
168
663
46
914
420
301
771
211
362
135
325
716
817
448
414
232
142
317
198
921
144
987
275
196
195
764
498
626
863
244
143
400
701
239
764
80
422
893
354
112
519
293
946
105
700
279
14
106
208
502
458
682
222
674
216
725
736
268
404
774
857
226
596
978
673
946
811
365
661
332
460
22
8
16
797
693
154
654
111
429
114
844
792
189
243
450
707
152
921
185
941
780
327
154
893
88
775
460
895
430
469
317
764
488
456
145
954
679
357
696
716
366
681
162
774
221
579
718
495
193
21
48
314
753
581
576
347
924
228
399
595
982
914
13
840
513
403
398
428
288
90
339
376
55
417
20
406
534
906
83
320
277
725
524
919
849
495
864
835
827
995
17
212
730
7
928
467
63
430
250
457
911
365
521
865
357
220
150
836
781
676
309
42
118
647
289
407
567
456
54
946
522
144
333
197
837
370
242
153
461
60
305
746
141
298
759
371
61
217
797
365
734
940
119
961
921
39
867
176
639
334
781
770
211
488
863
979
724
86
646
55
847
578
600
62
25
173
625
944
305
241
820
549
340
296
646
377
26
447
391
435
502
915
170
937
212
958
484
370
426
534
985
879
529
155
386
247
973
818
778
325
599
570
720
600
620
530
311
991
646
598
32
119
824
556
817
690
495
615
255
310
540
79
167
935
39
707
611
106
597
581
784
855
105
64
419
753
337
208
459
542
231
853
466
958
208
822
542
25
898
502
436
546
726
70
708
178
900
303
119
202
150
81
13
705
693
141
379
301
216
732
145
586
691
498
434
452
67
811
900
707
167
968
224
410
851
117
956
812
174
706
843
980
467
44
38
367
917
656
3
224
44
163
140
271
644
769
907
311
92
648
505
746
508
240
326
68
287
153
58
57
640
713
938
452
57
312
758
53
695
522
840
557
506
457
903
489
656
941
649
129
824
489
583
60
668
930
850
210
15
118
387
837
590
271
280
557
564
299
667
999
910
193
668
177
957
754
791
380
673
114
864
191
762
505
643
348
874
163
384
41
7
848
227
509
612
320
722
332
967
615
959
977
485
129
325
79
634
850
808
325
741
812
165
156
55
38
136
982
668
262
501
836
122
987
510
859
94
433
762
157
695
137
671
176
674
812
639
445
396
13
949
119
270
872
51
685
602
203
172
286
525
247
284
200
453
523
815
741
553
525
279
459
639
845
663
526
288
529
468
773
312
983
444
693
770
258
878
374
384
595
985
768
24
539
689
305
659
939
67
862
199
57
202
851
436
207
978
49
203
865
82
803
369
907
991
77
300
701
987
738
93
692
996
984
979
878
688
826
808
513
550
138
869
208
721
721
129
635
110
348
510
34
172
340
436
871
787
899
791
29
852
30
692
880
625
875
585
746
78
288
618
463
324
333
431
710
487
144
506
725
341
123
775
32
614
324
645
117
139
369
113
615
272
413
449
4
563
508
830
421
534
87
378
307
441
668
537
472
176
829
45
385
716
243
625
94
277
159
23
994
149
868
277
398
400
845
913
893
935
167
558
3
868
866
751
359
376
769
280
578
168
155
483
634
423
254
56
456
644
880
198
651
699
713
334
310
826
368
584
933
506
736
805
239
53
942
594
384
614
722
782
950
876
952
939
54
337
738
592
707
711
876
703
674
34
115
658
108
313
2
585
689
461
779
902
981
980
119
850
98
95
386
328
42
247
478
943
847
575
42
509
738
51
966
702
148
478
86
668
436
817
400
513
325
263
916
615
730
581
440
513
281
999
997
442
370
510
385
499
443
21
634
211
697
979
811
22
877
907
774
888
928
118
390
283
604
419
248
523
105
908
166
123
225
562
687
433
945
35
886
404
636
343
62
22
485
651
439
796
617
956
687
506
86
485
104
731
52
844
73
958
463
702
556
237
494
283
100
719
35
668
601
597
399
857
234
666
249
319
565
219
771
574
686
558
130
545
825
639
448
687
901
725
143
734
824
651
836
295
353
330
933
4
614
299
992
414
786
91
834
108
754
512
617
125
61
912
439
950
478
912
427
736
271
130
749
528
780
832
182
474
17
884
458
784
856
66
275
843
179
461
411
893
354
54
654
725
666
284
753
489
299
901
307
290
403
42
526
857
172
288
618
343
983
691
543
587
996
741
844
356
232
732
881
518
936
962
117
538
832
54
237
45
219
103
938
26
606
961
301
780
253
440
82
388
889
441
127
753
357
273
663
269
148
28
399
355
146
951
619
839
467
2
726
358
899
181
213
973
26
819
231
181
387
244
43
507
106
500
726
198
809
665
648
42
757
730
321
201
937
938
965
617
111
660
897
465
342
841
304
308
645
444
279
480
242
207
498
865
607
958
609
991
753
665
970
406
111
952
276
515
116
814
429
660
760
824
137
920
473
783
71
502
74
457
514
618
77
861
641
546
858
933
699
750
500
70
667
446
892
315
355
702
781
776
104
292
707
682
762
369
760
228
982
862
188
956
66
270
857
924
685
9
705
812
736
938
364
228
93
6
721
287
786
436
608
180
650
412
34
510
993
120
966
387
609
367
570
922
558
800
401
669
714
172
110
262
109
668
702
342
797
121
899
113
262
867
803
133
871
665
947
520
385
303
81
929
988
326
885
999
959
869
291
535
964
117
591
137
350
178
605
849
352
525
173
723
211
974
768
319
291
911
993
797
614
396
722
90
667
255
914
472
851
56
176
691
678
841
919
320
950
759
174
720
376
300
891
530
372
914
563
23
201
882
120
863
365
378
192
665
337
229
574
551
302
565
367
200
334
331
811
47
193
935
45
600
394
203
937
315
965
649
26
217
823
606
333
99
866
382
237
115
28
278
339
690
899
56
114
968
663
217
533
409
547
167
254
333
418
598
811
176
162
977
967
368
936
734
474
790
696
962
758
83
286
724
319
499
350
558
358
919
60
861
499
516
537
906
892
633
11
0
30
527
40
302
502
737
695
807
669
314
427
340
990
437
644
276
149
272
828
210
158
690
723
436
423
707
63
364
619
899
307
647
316
130
115
874
996
263
257
181
480
380
832
800
218
431
651
234
225
883
696
272
599
236
758
162
527
18
608
633
41
581
517
557
875
847
77
307
429
239
475
964
433
641
442
688
22
618
773
865
944
650
926
781
197
898
266
98
654
997
248
926
568
347
564
271
102
888
229
604
957
404
879
191
955
403
509
114
53
252
223
774
460
327
843
467
483
336
507
514
672
528
675
518
628
626
622
952
265
835
868
242
967
459
426
251
627
320
78
73
588
841
893
917
683
656
314
512
927
145
37
412
145
543
63
53
955
174
653
998
144
755
160
992
440
719
192
844
203
338
992
202
719
181
914
426
728
456
160
432
306
753
468
85
342
798
957
960
847
82
807
899
176
435
125
977
452
357
349
190
593
167
240
847
265
386
204
433
495
506
472
925
739
717
716
249
218
1
723
169
589
347
278
948
555
313
102
476
390
728
741
237
663
593
65
766
383
863
646
477
820
388
687
973
732
169
761
147
272
132
884
303
840
692
967
917
607
384
991
170
147
877
923
652
595
190
711
83
429
734
427
492
803
401
976
3
649
16
486
168
30
819
789
563
349
545
662
986
999
292
500
465
190
647
437
464
472
761
751
336
334
931
665
311
432
445
799
380
168
183
609
148
967
75
937
691
583
272
903
350
335
752
690
532
556
155
613
949
362
61
284
331
183
211
530
357
368
683
553
779
123
9
404
3
248
270
276
922
868
18
22
22
779
210
765
304
961
573
617
351
342
840
131
127
244
642
963
193
966
409
953
588
294
283
749
401
35
121
923
4
606
542
494
126
167
829
568
199
1
216
243
17
598
37
431
888
312
387
889
254
238
858
348
139
175
192
142
353
302
24
681
741
305
221
77
402
616
421
807
855
711
112
432
553
944
840
645
171
48
834
70
921
980
58
173
317
24
205
748
144
747
936
395
722
43
998
421
541
224
838
207
772
864
707
836
737
647
68
664
251
440
20
7
590
964
333
40
533
261
109
531
994
696
419
212
630
613
90
884
620
317
580
275
888
271
394
267
574
262
415
676
468
739
989
992
89
522
599
210
711
204
205
183
651
88
774
457
94
534
456
108
251
314
699
647
505
289
955
497
939
420
900
622
851
750
448
388
557
323
556
750
711
22
137
76
607
575
742
989
60
488
450
338
590
787
567
160
890
866
818
122
582
858
943
625
291
68
362
129
263
297
728
673
58
402
468
486
409
362
285
948
878
808
860
915
769
444
108
977
231
845
50
890
793
53
596
609
224
730
950
434
235
762
935
926
795
882
530
137
246
963
488
803
327
458
571
369
535
58
22
671
629
815
296
149
601
338
391
483
46
516
513
98
421
633
189
545
550
83
792
944
162
600
756
781
228
697
3
17
93
671
289
133
79
508
255
646
41
252
164
562
738
958
310
599
721
298
502
367
304
969
146
153
952
508
659
790
888
10
295
22
79
233
201
608
89
448
828
155
967
446
863
619
518
763
674
819
306
66
414
547
420
159
123
78
806
643
387
947
423
600
747
310
977
731
842
203
456
798
970
502
269
62
260
761
825
720
120
299
997
731
602
698
398
2
791
5
102
193
246
720
789
800
820
188
319
641
984
706
854
810
862
668
176
768
943
881
556
240
749
755
630
427
796
479
634
861
115
872
717
186
418
87
815
566
278
876
324
527
24
106
649
826
84
698
908
158
692
510
589
681
644
655
889
773
785
806
621
926
587
524
135
610
410
79
239
14
4
393
677
953
500
246
221
816
102
618
869
286
415
908
727
484
802
235
369
364
909
108
210
654
842
805
415
926
169
209
36
747
203
352
94
68
657
834
396
776
531
585
30
378
892
136
510
920
115
571
516
383
621
604
373
620
141
159
27
441
85
947
807
338
622
814
267
515
716
811
516
128
933
923
317
208
192
357
999
343
290
923
28
607
315
691
675
226
183
22
365
727
401
489
174
542
922
933
767
593
999
493
544
314
992
147
532
835
245
552
229
830
67
599
957
777
820
180
886
469
325
478
602
604
633
261
108
556
546
842
159
636
535
483
221
778
161
943
119
407
744
740
404
264
371
794
165
546
789
867
909
688
650
946
573
756
824
222
861
528
907
857
775
336
585
65
446
534
684
194
692
336
790
909
128
626
758
898
350
532
816
85
409
193
387
952
532
971
972
101
294
645
72
270
867
695
863
67
519
584
620
599
869
771
265
528
598
736
263
601
782
677
171
933
784
337
716
458
105
366
936
688
162
536
598
229
143
414
343
38
204
772
302
236
943
962
670
744
185
717
379
868
966
824
712
16
413
183
143
582
657
879
464
243
861
541
681
386
902
362
931
62
650
176
973
995
670
59
274
58
461
638
77
671
77
473
309
393
828
733
51
742
912
404
760
928
539
648
804
96
93
830
489
885
835
101
862
969
254
313
15
217
135
95
890
695
782
709
444
629
9
920
970
615
625
776
108
158
905
412
891
629
24
821
779
522
174
410
548
66
682
840
194
161
18
212
53
382
660
238
379
111
985
875
680
341
874
623
800
894
922
557
771
35
459
126
55
622
44
425
764
331
312
612
560
671
146
232
875
801
140
74
148
635
871
131
522
532
37
206
304
94
866
897
440
864
329
770
168
383
611
759
673
974
522
762
956
358
211
583
815
947
18
100
413
390
567
164
100
128
399
815
256
290
550
578
173
702
871
262
961
761
206
912
48
983
844
780
1
995
458
535
790
106
90
208
849
851
174
977
145
405
499
928
876
661
552
316
662
506
265
567
472
215
473
247
924
276
812
720
221
849
410
562
483
425
367
802
739
894
431
159
958
183
991
100
208
899
807
941
536
0
643
455
72
285
673
745
746
424
924
713
498
765
879
476
587
123
574
574
1
116
46
146
470
594
5
782
304
321
4
919
199
676
249
356
828
119
320
777
693
150
874
659
926
177
62
395
753
862
299
760
982
961
696
901
238
937
26
125
8
658
893
678
814
106
78
521
978
594
525
196
202
180
408
474
148
484
305
929
306
684
594
501
358
111
743
101
353
42
514
634
684
802
509
672
202
854
615
42
853
850
841
374
613
796
98
450
687
567
503
274
538
826
638
792
85
341
561
198
524
231
793
938
177
694
240
287
638
404
288
188
753
546
402
91
9
36
878
752
365
736
393
3
708
452
925
485
335
268
458
411
890
445
42
706
377
529
826
743
511
391
893
937
554
942
563
206
891
422
406
334
105
299
901
624
164
495
81
288
431
986
444
529
8
336
794
308
433
40
896
541
64
741
865
727
796
811
840
460
742
223
95
634
479
11
142
325
688
589
399
701
643
890
77
820
345
612
237
350
86
742
733
301
686
808
690
561
691
356
109
240
966
123
557
863
50
812
944
597
193
946
170
712
990
969
672
103
874
429
671
827
66
792
230
635
5
190
338
274
651
965
815
183
480
654
172
481
288
731
151
693
253
380
152
430
596
2
170
695
470
327
531
968
442
808
125
282
120
777
549
409
48
435
201
389
320
100
23
221
444
427
496
665
144
726
707
713
721
738
742
288
890
86
863
999
675
533
80
167
35
478
257
343
550
561
960
413
313
697
899
229
890
200
734
772
949
788
728
503
209
348
160
981
370
14
541
837
207
225
682
718
483
185
792
337
969
316
326
397
952
360
476
639
774
807
221
643
489
313
715
443
376
972
132
139
505
746
466
463
532
192
288
106
116
870
128
780
645
983
929
446
32
879
694
733
948
460
290
689
7
786
503
849
979
303
303
525
347
888
801
920
732
990
149
864
905
705
11
98
214
471
860
159
14
760
836
245
288
209
64
571
796
268
802
86
900
552
555
305
725
922
776
780
797
528
373
603
574
478
133
233
968
455
148
562
221
841
100
602
102
405
539
141
707
497
614
60
160
404
870
97
539
446
233
863
225
545
820
112
816
976
140
252
23
235
620
83
522
476
992
8
690
177
936
155
657
118
120
57
699
294
836
489
984
486
153
957
590
110
535
427
891
317
426
400
304
720
704
832
961
918
557
420
768
467
777
576
890
111
555
167
369
843
360
534
641
31
812
979
94
970
704
352
842
647
612
879
981
529
916
179
757
331
262
0
213
207
484
761
305
272
197
764
759
149
630
476
841
757
557
763
791
738
918
66
210
36
678
366
563
523
805
81
554
807
841
938
963
263
693
417
602
29
288
683
39
707
146
111
661
908
449
371
444
985
834
238
62
790
364
610
311
208
766
53
797
390
240
925
839
673
902
445
954
954
665
225
958
302
832
658
80
968
533
838
697
539
322
519
707
906
713
870
835
759
963
460
353
84
544
645
981
449
981
369
733
370
252
496
545
356
221
986
527
301
194
88
537
733
841
490
188
412
162
574
676
962
880
121
508
53
949
798
89
266
813
129
710
67
29
646
138
305
828
698
829
822
455
477
178
570
347
635
166
25
363
926
935
541
922
50
959
692
338
316
696
432
395
928
425
935
815
493
135
544
786
447
311
993
639
777
415
663
853
285
4
50
88
842
894
892
348
321
840
527
341
708
828
88
369
34
675
68
103
571
354
645
425
885
888
785
565
217
868
31
690
429
875
70
333
263
983
412
258
498
627
288
392
112
466
221
181
397
704
892
945
635
529
261
231
951
13
137
942
16
589
670
246
79
607
752
389
311
204
425
801
603
939
805
632
22
927
380
499
747
35
356
73
697
470
115
816
506
321
870
574
89
254
745
645
134
786
740
285
720
723
998
596
94
829
848
752
713
205
200
957
929
249
856
890
642
783
331
78
130
961
84
8
434
130
619
956
823
427
493
81
917
510
527
975
175
732
902
734
861
786
278
585
474
341
508
346
136
830
738
799
139
609
296
818
791
223
201
638
158
124
33
125
858
683
392
678
339
597
891
884
182
112
448
82
475
844
460
731
945
897
380
190
8
772
20
446
226
192
550
815
263
241
746
980
987
829
86
886
766
803
363
7
241
229
469
893
632
417
660
490
944
434
427
159
549
415
261
561
56
97
559
252
957
424
749
611
237
911
173
298
852
259
914
931
576
323
806
484
836
145
608
122
257
967
413
15
128
165
206
862
742
975
430
687
28
778
959
182
746
55
256
438
632
752
676
219
721
904
129
309
932
471
860
209
376
731
326
473
51
970
365
99
303
940
810
231
354
669
362
465
144
16
131
63
999
255
437
485
631
414
906
380
900
136
163
489
641
618
153
385
355
859
557
242
175
13
540
221
57
197
355
216
674
533
706
960
812
708
248
179
318
595
348
763
87
880
219
455
944
263
698
899
579
204
161
352
882
470
314
687
53
453
334
862
700
76
347
685
677
346
315
506
10
522
819
568
810
722
438
126
258
272
846
340
472
216
55
881
92
27
584
272
563
762
886
400
298
648
95
634
851
101
296
406
327
798
940
30
128
362
145
340
682
696
448
871
38
708
561
145
897
200
433
572
783
991
761
306
872
453
452
572
829
602
556
434
706
725
506
273
975
877
592
979
612
763
69
345
808
547
740
235
126
34
121
423
933
313
562
416
323
271
197
30
933
301
404
347
413
266
993
918
585
407
727
256
428
637
776
412
331
450
397
212
878
467
589
62
520
107
980
5
885
986
527
460
400
145
514
525
406
697
694
320
930
195
762
511
414
482
13
230
658
341
662
624
741
16
40
884
869
298
517
895
300
178
901
779
129
322
587
932
664
54
972
67
272
862
677
724
326
374
873
538
995
46
356
715
879
798
78
910
272
18
919
512
523
163
187
901
917
309
467
84
183
205
208
36
948
267
228
66
65
757
223
405
32
396
35
904
152
863
516
534
756
237
519
869
878
265
406
152
248
638
214
496
743
185
269
254
645
126
595
631
881
339
460
569
405
761
830
717
572
416
902
946
422
898
585
737
417
608
714
592
678
560
47
790
981
288
208
69
189
461
365
565
692
884
299
452
360
465
371
108
512
566
310
349
41
763
625
722
297
252
97
160
426
896
4
623
531
229
892
605
177
441
440
256
981
612
304
946
826
361
565
874
822
787
154
908
635
492
651
954
360
313
553
683
208
17
704
938
479
180
805
763
541
73
694
574
48
327
104
925
10
29
167
234
652
981
254
626
661
610
395
278
924
963
326
296
334
16
830
786
692
193
192
785
124
30
621
745
722
505
878
11
202
72
679
442
61
238
333
171
430
97
597
985
584
6
979
528
518
64
131
650
350
416
720
390
723
631
895
998
781
870
703
175
823
998
151
604
149
852
75
819
712
652
429
521
112
854
292
465
301
142
76
767
897
813
673
739
21
382
993
193
15
411
110
62
325
69
844
437
576
385
197
399
208
104
342
792
136
616
766
518
494
942
27
989
705
285
128
406
527
815
847
214
450
754
95
154
447
318
738
49
947
43
246
353
289
488
814
803
908
934
116
203
750
99
725
184
515
330
953
698
389
159
661
649
940
632
455
601
802
959
837
763
824
285
251
456
1
809
455
782
393
349
379
5
569
825
694
291
826
297
143
211
987
49
7
285
32
889
217
239
401
604
625
920
133
498
799
933
337
822
727
501
850
945
893
887
794
869
546
915
657
62
982
398
52
898
265
783
363
930
938
566
753
48
186
956
429
976
782
766
80
668
552
571
202
687
65
725
294
707
565
460
726
221
778
174
28
838
974
627
407
877
909
740
886
456
956
811
796
186
997
470
720
118
407
989
87
225
481
611
441
638
242
562
749
843
240
967
609
616
956
604
570
120
582
700
252
287
491
433
726
404
223
865
70
97
144
415
628
397
625
670
238
538
983
121
176
82
316
973
341
829
805
696
630
45
90
962
374
978
682
145
328
586
865
980
429
152
991
181
710
709
837
689
714
684
223
108
340
119
433
909
285
512
751
9
769
385
389
659
137
69
63
409
700
303
254
586
434
496
400
555
919
943
978
913
384
232
605
440
622
607
739
98
36
437
940
476
62
993
201
242
296
675
428
259
752
569
386
631
1
660
254
268
341
909
932
704
446
305
278
385
617
676
854
520
631
753
737
76
441
224
588
267
744
112
902
676
183
131
746
375
821
465
631
61
963
621
758
188
94
444
303
459
441
163
975
956
42
272
746
343
647
753
554
715
997
329
858
983
853
897
25
111
435
787
622
434
988
857
556
776
812
180
122
673
570
801
970
457
440
173
603
631
714
58
686
333
434
266
274
937
670
831
340
362
967
173
766
415
654
903
50
841
437
694
92
680
336
624
402
251
998
989
976
729
624
861
244
701
708
134
67
439
622
385
230
612
788
75
733
535
173
89
757
441
949
117
241
44
439
534
139
158
624
652
317
825
892
416
57
487
903
977
857
523
458
347
859
442
975
930
717
176
659
341
817
102
984
214
213
929
524
829
370
327
65
596
782
163
42
990
736
128
974
448
536
497
324
873
888
262
972
446
683
172
190
230
241
796
73
652
964
619
65
659
482
353
358
452
479
170
654
130
997
827
830
567
91
191
170
47
120
575
934
442
731
975
656
792
457
989
901
708
177
173
492
979
183
608
699
726
939
107
828
898
893
500
395
641
584
399
767
161
656
582
170
547
9
247
527
798
454
255
807
210
786
900
744
776
134
657
491
134
584
594
464
577
204
575
16
227
561
910
127
876
115
401
724
500
529
830
982
438
755
813
325
969
25
148
66
864
338
470
339
817
448
715
183
891
388
201
690
488
148
744
430
210
182
555
759
314
455
977
137
803
572
763
888
285
316
857
460
526
824
846
751
603
88
298
188
404
700
901
909
117
755
304
697
952
52
304
272
168
830
548
997
841
974
662
231
459
605
951
99
493
843
210
898
511
284
10
883
535
261
879
156
781
524
580
970
602
369
852
307
499
484
459
140
948
876
433
724
23
721
321
268
723
63
688
329
953
200
392
728
650
789
348
564
189
385
254
487
789
306
500
315
598
20
162
252
544
219
328
332
812
244
356
850
795
225
91
32
414
768
408
143
56
152
279
201
848
559
219
875
515
722
323
557
406
873
908
623
233
390
224
754
574
794
708
297
817
493
335
322
642
232
878
116
893
808
588
646
811
266
55
874
473
637
38
941
278
144
918
387
539
705
612
123
826
263
68
957
65
565
432
156
616
436
669
44
821
684
799
144
689
222
501
736
652
80
151
310
835
46
460
4
338
433
168
947
964
687
426
714
903
896
683
785
213
400
346
977
596
845
29
211
655
759
602
961
6
374
652
525
841
405
593
12
754
58
480
254
199
118
568
396
199
551
131
783
220
343
1
217
854
577
505
410
433
320
139
490
852
788
520
637
755
434
827
520
159
254
113
39
104
800
531
848
188
184
940
703
882
759
950
495
727
484
223
586
962
231
81
749
659
397
240
747
77
737
140
885
637
347
846
451
402
680
295
769
964
166
739
472
498
114
429
855
964
448
508
207
182
894
451
456
741
14
487
827
12
102
569
365
552
589
827
741
594
524
663
571
354
718
403
460
849
126
577
294
639
940
171
276
546
619
619
158
544
794
649
705
868
716
990
974
172
807
196
306
123
726
856
538
3
683
288
936
138
253
183
870
669
449
96
302
650
464
535
699
455
37
282
128
480
225
38
595
805
173
270
622
618
419
119
762
81
226
959
391
650
596
531
693
154
221
495
424
833
714
393
668
685
484
215
341
429
616
822
1
344
508
548
788
731
520
149
143
385
822
658
167
924
535
137
373
746
652
997
415
532
837
173
707
984
394
306
571
758
836
714
194
207
887
467
25
105
191
313
406
583
651
687
81
349
882
644
652
274
201
165
79
798
254
921
926
522
884
730
551
711
243
638
483
215
843
605
201
536
533
389
713
735
158
874
420
569
441
17
957
148
104
739
876
316
943
887
167
265
933
848
189
270
183
382
105
988
275
360
479
557
574
31
878
373
842
133
978
419
656
484
205
437
301
364
593
417
676
940
564
104
57
914
681
180
765
517
55
331
731
183
408
28
317
1
408
854
980
590
760
455
314
481
758
666
685
627
595
538
163
612
768
291
949
715
310
608
649
585
177
14
976
47
200
688
136
63
331
508
279
432
33
290
525
588
630
461
988
812
413
138
95
819
168
413
724
95
449
332
375
644
627
915
869
250
730
69
882
823
140
124
351
328
330
648
323
984
615
915
397
979
732
950
235
572
910
540
307
371
949
452
883
274
665
308
718
974
915
424
102
635
989
634
177
465
679
228
330
82
303
217
276
277
196
505
821
365
79
795
309
562
327
645
697
409
288
39
464
471
47
605
794
289
612
667
144
23
611
811
500
86
497
641
390
933
609
64
407
896
624
806
694
688
339
330
653
555
946
918
575
591
841
367
976
162
411
361
209
102
348
0
462
912
809
41
806
71
182
103
215
657
492
345
587
417
644
336
459
557
589
463
422
68
406
275
85
989
104
458
391
138
219
504
820
556
540
116
728
560
599
441
327
846
759
856
31
722
735
475
38
43
252
860
777
313
737
972
373
501
430
128
262
480
623
870
930
877
852
349
825
330
834
114
740
737
669
567
671
758
80
22
892
705
915
219
84
195
304
55
829
29
338
9
83
43
746
407
124
144
351
618
541
491
649
407
266
23
74
674
142
233
474
997
167
138
262
510
796
109
116
127
695
642
70
399
97
184
880
446
446
977
896
165
382
391
633
276
229
556
971
645
904
56
890
405
876
476
706
923
301
379
228
641
919
880
784
424
941
297
271
200
964
755
523
364
10
104
917
876
73
828
306
356
394
877
660
330
935
913
961
77
746
233
954
216
667
378
10
62
634
988
377
256
481
444
308
914
189
540
594
371
113
195
253
811
895
103
395
471
52
677
241
592
455
715
411
265
774
446
706
791
852
205
138
723
51
806
815
459
706
782
356
127
91
668
735
878
84
959
580
817
863
262
997
519
169
694
187
928
491
822
795
93
24
814
952
660
420
390
64
418
637
867
886
9
626
340
308
553
180
923
267
531
252
374
985
776
891
973
85
368
232
447
297
470
410
573
589
808
634
328
380
349
987
870
125
615
177
303
424
57
363
206
795
682
695
155
769
438
321
165
894
29
23
948
305
837
764
701
293
251
679
127
830
871
783
243
229
885
797
328
736
104
22
300
137
1
140
942
305
149
64
184
873
12
838
11
837
310
820
442
653
784
64
929
530
956
622
406
809
471
91
693
910
251
801
585
505
205
319
70
318
873
195
860
323
1
927
942
251
788
702
585
169
107
257
288
428
8
947
348
926
495
77
40
80
766
366
698
470
977
651
854
994
870
367
813
520
551
271
530
765
405
325
21
725
130
758
889
192
543
258
16
192
476
448
350
969
742
315
554
517
698
5
17
531
16
567
685
843
98
442
507
65
700
269
746
572
798
571
671
394
253
816
422
442
520
672
523
653
749
52
78
993
131
922
612
52
699
231
114
402
568
988
133
554
197
931
533
219
341
124
648
687
78
568
650
409
799
473
714
184
368
732
808
904
617
396
851
913
891
492
287
198
106
713
499
981
596
258
113
366
923
421
134
33
718
871
465
720
654
879
120
607
796
239
990
396
816
608
65
790
76
482
944
78
254
941
954
68
645
6
90
616
523
457
262
822
337
896
118
197
96
589
385
836
971
890
299
329
714
970
468
856
834
235
674
284
816
675
950
333
348
636
180
662
290
462
964
441
171
15
517
770
874
193
401
285
547
208
756
172
430
822
870
385
873
429
184
389
291
689
195
498
317
432
308
59
835
46
179
438
272
577
595
811
768
238
324
293
558
910
164
289
270
152
836
343
997
292
742
820
68
561
637
521
812
796
844
236
931
943
1
34
860
121
683
565
797
687
277
7
458
607
199
316
703
740
866
861
890
531
73
478
991
593
863
901
221
831
651
813
741
187
520
975
755
764
681
212
478
345
202
722
329
831
265
504
124
606
179
47
708
438
827
415
350
19
222
843
580
194
850
82
102
351
725
43
66
541
937
164
62
129
757
711
577
667
999
226
585
361
125
169
80
66
162
954
352
804
950
773
125
787
575
38
338
111
211
248
715
864
384
104
697
25
834
67
853
462
595
797
676
923
778
447
