411
136
240
274
953
566
15
498
127
707
190
201
809
614
866
274
773
288
831
430
109
555
466
443
755
69
627
760
982
817
112
520
265
826
292
616
466
229
62
471
799
778
646
929
36
502
474
735
426
113
319
351
329
559
443
524
998
757
55
234
896
649
202
608
604
230
161
642
777
539
883
929
926
615
696
290
791
524
929
688
262
5
866
838
253
644
292
117
498
652
488
886
100
240
750
853
826
335
715
19
539
709
89
342
808
839
592
487
61
922
834
767
958
464
836
263
270
400
937
451
323
609
985
122
222
995
350
428
670
498
175
176
700
407
917
121
609
141
339
941
875
277
698
226
38
951
354
397
944
37
373
352
973
477
518
279
441
164
959
840
412
1
120
157
31
933
699
966
500
709
827
959
852
569
645
868
99
725
311
717
613
185
726
602
36
790
651
52
185
280
45
101
208
979
714
781
0
203
438
154
471
924
759
403
93
146
519
801
671
462
784
867
420
750
686
364
956
920
677
27
723
587
692
327
5
777
657
565
124
69
852
223
621
909
40
331
169
252
908
37
863
79
215
850
775
513
850
538
905
134
271
17
419
129
703
578
73
98
354
944
831
335
231
555
658
597
620
939
269
475
911
853
656
627
786
679
442
663
493
360
767
708
902
641
52
173
139
299
391
759
104
555
452
220
236
401
235
295
334
129
981
739
69
475
660
455
772
453
418
58
909
387
226
231
684
160
395
477
556
828
955
998
328
114
560
762
511
861
482
175
946
470
580
215
202
869
17
382
146
897
771
863
276
741
966
258
711
450
147
772
382
627
945
690
588
817
950
771
227
499
92
266
853
641
718
797
353
269
697
549
535
215
632
538
871
436
623
513
291
986
945
725
644
571
213
216
762
523
563
28
102
311
893
603
89
420
208
471
536
817
874
519
999
331
741
86
753
27
905
441
306
325
672
141
540
496
875
83
117
221
107
218
282
742
321
999
77
396
558
90
41
109
358
760
814
464
607
553
664
46
705
950
138
775
677
857
888
630
279
248
18
626
800
967
172
938
332
209
186
829
491
507
441
731
331
789
17
19
458
942
878
289
545
210
110
787
164
59
597
625
77
602
595
600
993
928
720
409
619
829
862
850
796
988
620
960
788
633
603
991
401
328
680
657
94
596
330
670
432
416
902
550
322
749
751
512
488
553
289
974
320
128
116
80
692
354
141
961
460
497
432
281
601
636
90
960
588
429
635
428
533
220
25
520
664
950
119
25
393
854
292
117
168
661
968
154
360
449
186
441
33
24
68
213
437
71
672
228
616
115
996
976
352
43
840
714
876
464
72
517
385
730
277
874
887
585
910
77
619
869
173
347
958
834
44
567
442
859
429
32
884
729
553
727
413
465
80
626
586
840
815
465
196
467
848
530
898
231
331
613
602
897
827
430
918
420
355
578
979
189
190
367
741
508
758
13
335
737
141
83
927
121
791
48
405
500
801
551
643
491
650
614
632
587
759
595
63
129
13
674
477
681
23
688
512
167
384
357
834
209
714
354
989
647
725
183
512
944
611
167
632
874
248
275
338
286
791
967
660
878
607
253
627
827
308
4
63
103
346
996
275
812
493
953
9
71
508
786
722
213
451
813
915
904
103
609
379
421
549
911
337
822
860
245
970
79
673
736
472
551
744
414
454
549
584
294
8
556
648
924
839
981
837
885
170
783
285
211
168
494
102
933
450
813
128
191
910
609
529
689
157
219
479
606
526
977
56
460
636
11
805
682
450
485
45
531
511
389
686
302
333
395
278
263
459
888
967
342
706
252
105
362
4
920
210
657
408
461
136
582
2
447
367
136
648
393
806
859
912
542
236
934
637
513
200
472
360
818
750
511
546
294
389
687
823
577
653
803
79
531
598
107
407
556
339
226
740
373
886
258
575
421
981
486
996
700
922
196
421
232
408
470
707
617
497
676
636
755
332
567
952
376
852
892
181
399
916
683
723
517
359
298
522
854
556
611
487
728
30
608
102
685
761
982
273
755
136
861
646
25
556
866
902
912
655
854
258
675
559
23
168
701
702
753
172
510
173
649
266
17
889
854
855
285
382
388
519
6
848
758
440
631
88
295
254
615
451
854
896
221
919
188
280
633
414
842
912
608
197
195
480
275
206
732
348
933
42
876
281
751
507
532
536
698
268
332
187
712
324
766
565
792
151
540
719
764
269
537
724
777
95
142
869
746
939
676
809
280
401
897
748
482
677
977
497
845
365
66
98
489
13
748
556
72
438
571
535
132
573
155
843
131
111
166
287
793
578
692
666
363
871
680
108
379
340
947
231
53
318
616
271
61
707
331
696
858
645
559
343
595
523
298
369
909
834
503
495
798
664
599
139
729
369
829
876
14
874
149
85
653
883
544
261
503
954
583
39
170
442
329
129
823
275
500
729
25
314
892
483
203
977
922
128
462
298
75
713
431
68
851
361
202
296
719
648
805
886
525
52
58
792
688
713
26
824
507
921
259
901
441
407
6
825
927
517
703
534
7
566
818
918
90
918
366
858
649
685
577
970
367
786
824
828
782
388
625
759
157
68
295
863
491
510
801
547
532
959
136
361
469
840
906
860
540
960
288
684
377
424
424
428
659
495
520
936
296
718
832
725
709
702
978
722
694
157
385
356
595
888
603
984
768
298
205
202
599
803
65
154
211
684
534
302
12
686
85
114
234
818
995
867
119
715
720
444
966
896
450
560
378
261
230
286
557
753
957
987
662
875
719
753
533
853
687
940
326
459
603
461
7
629
678
112
960
679
531
624
78
506
776
827
684
115
613
648
687
969
400
484
485
108
222
12
617
289
151
740
781
690
951
478
396
538
797
63
34
838
394
179
995
391
95
496
629
12
387
936
924
701
576
737
928
746
945
215
484
617
34
408
661
903
860
800
997
829
379
915
643
172
414
448
625
180
227
325
98
557
236
740
982
881
562
981
75
249
940
78
577
923
4
14
666
877
374
87
77
4
550
409
838
373
973
35
539
668
240
812
301
499
853
479
129
658
602
366
202
781
396
190
709
779
465
272
521
298
722
703
609
752
25
957
383
61
491
416
406
212
401
146
900
136
281
350
762
283
132
294
418
274
348
18
596
988
804
786
661
193
172
957
372
512
183
178
2
96
402
451
166
928
932
250
410
138
101
316
541
618
644
74
390
724
88
86
841
995
395
826
922
710
526
20
995
134
709
189
331
778
889
977
494
819
307
690
283
195
868
765
854
480
974
486
209
879
717
958
921
300
424
402
364
389
31
704
530
206
48
187
807
312
681
285
363
178
716
140
571
793
818
621
488
563
317
893
289
104
855
447
432
945
16
183
335
659
24
437
797
125
538
134
664
636
104
332
16
968
65
437
206
279
996
473
280
487
543
612
634
873
32
980
298
201
648
765
23
586
655
632
23
942
904
394
412
691
306
608
450
313
439
473
328
768
997
748
673
527
878
431
662
911
951
897
986
366
34
608
953
967
343
548
901
374
534
821
286
585
426
559
181
379
106
963
358
282
321
370
904
432
968
498
3
902
877
739
516
180
779
611
671
38
301
309
234
233
408
249
250
843
28
69
181
463
382
488
691
600
453
943
449
853
991
233
19
491
928
573
14
304
143
187
567
803
156
360
59
666
761
819
852
779
565
28
621
323
583
389
267
349
197
936
391
627
280
383
476
856
883
427
866
102
161
860
988
522
985
832
4
581
215
927
273
326
712
626
546
59
945
115
522
519
92
928
760
613
296
106
697
338
955
890
780
329
943
994
898
816
631
833
768
767
413
648
355
505
257
882
831
691
631
681
324
793
678
915
725
440
969
60
582
470
147
572
97
53
964
65
965
631
306
167
141
604
350
444
168
990
213
737
777
893
599
786
309
127
543
382
885
399
887
953
231
518
272
743
885
663
299
340
2
476
719
919
652
655
103
925
915
571
367
89
692
720
307
817
186
925
684
316
290
599
200
567
649
736
501
175
700
51
634
880
540
924
777
356
844
836
541
664
192
866
172
152
220
422
993
51
678
678
369
457
561
323
767
576
14
174
334
158
241
756
371
705
534
209
877
922
631
129
490
713
891
713
311
993
788
835
675
260
620
744
537
321
565
240
736
393
260
94
344
978
153
711
339
747
486
513
766
974
689
679
947
755
448
682
660
41
152
996
782
871
274
934
56
33
603
226
494
678
270
938
38
662
424
759
854
929
519
150
640
67
424
861
332
83
796
507
984
539
990
613
214
2
971
300
290
708
735
628
623
643
512
72
149
487
801
425
713
833
525
278
56
749
526
492
81
501
897
934
503
907
600
585
967
463
276
918
452
54
444
202
461
491
110
211
448
111
177
808
781
501
789
803
354
680
840
243
342
349
341
897
715
53
771
28
197
219
943
496
746
636
855
786
805
60
293
838
523
60
804
617
465
241
745
627
264
17
689
492
63
47
571
463
747
590
162
587
844
1
986
942
703
721
636
989
668
16
279
687
139
538
237
87
584
627
391
680
88
235
158
907
719
390
471
339
424
297
146
602
104
79
184
684
959
889
990
337
124
779
306
777
75
51
185
39
550
725
178
592
574
754
371
189
252
384
942
163
456
954
111
676
757
943
813
543
631
184
210
314
930
707
625
871
808
149
363
173
478
52
742
613
789
355
891
45
824
822
474
802
582
661
516
934
582
278
949
649
722
491
500
315
450
178
288
567
61
723
792
796
654
476
991
709
273
449
659
112
497
103
369
332
415
767
990
843
689
16
156
327
20
269
711
457
775
654
75
76
31
594
692
328
704
657
857
499
607
88
398
458
889
94
5
733
662
803
545
208
40
25
454
261
954
178
56
879
623
40
446
826
777
28
283
222
242
255
57
643
722
180
26
902
829
934
700
201
40
917
944
304
784
364
800
735
767
750
378
722
717
679
286
813
751
655
184
82
622
393
738
912
686
738
713
48
513
772
321
587
568
314
8
608
725
46
365
402
8
78
755
189
4
934
909
713
973
182
608
791
465
708
207
240
416
445
951
781
889
260
784
809
554
301
789
779
411
251
272
120
984
549
949
581
194
48
441
506
569
230
854
177
183
356
366
30
619
201
386
993
257
282
718
270
907
826
610
646
902
751
431
734
236
712
252
61
937
962
637
100
428
26
415
702
380
84
570
982
316
170
235
663
797
313
597
310
486
438
460
925
562
437
174
921
679
777
773
914
798
800
725
171
996
86
807
791
908
602
384
180
350
381
841
116
904
198
347
781
600
619
655
458
939
59
343
155
61
902
460
312
477
205
341
707
532
478
121
962
795
264
522
804
550
717
742
91
104
797
579
127
964
367
262
380
389
411
599
922
331
810
37
978
154
463
946
304
33
887
770
11
124
43
94
530
159
407
991
881
583
922
833
945
270
382
334
253
123
738
947
336
780
898
451
828
977
648
278
38
94
612
78
917
845
351
326
482
509
661
240
337
491
89
345
621
979
442
898
377
835
235
350
955
100
865
403
227
22
381
183
921
432
313
121
413
472
791
720
112
797
109
412
944
206
797
151
824
790
809
575
782
631
764
572
53
808
403
328
203
341
554
288
693
641
43
174
447
427
881
319
576
26
378
912
705
485
683
88
182
620
158
193
669
533
311
585
684
228
836
112
55
538
250
293
438
856
612
593
125
968
823
295
742
536
473
895
561
765
903
534
219
736
838
212
964
647
777
73
314
250
281
308
276
136
459
522
889
455
122
824
262
948
886
837
990
404
949
190
155
744
333
815
75
158
307
483
255
722
694
393
133
713
757
43
381
309
511
971
776
674
601
669
932
683
553
275
516
834
586
689
428
539
704
174
723
515
659
891
185
618
617
683
696
26
412
767
183
971
370
141
832
749
859
748
339
529
686
351
740
13
212
276
136
593
558
279
893
754
449
679
839
971
975
29
534
243
458
693
29
720
706
139
414
533
926
923
104
634
271
716
850
609
263
226
914
976
369
838
278
888
538
477
740
257
660
826
701
616
812
496
836
838
994
680
772
126
581
492
95
634
17
334
987
490
552
495
382
83
661
688
739
664
425
486
733
864
540
958
792
403
501
469
791
202
869
826
431
738
413
827
739
285
240
713
913
325
826
593
257
21
536
159
62
327
946
841
365
211
771
605
331
659
73
872
795
904
456
277
196
279
33
614
176
94
999
329
681
166
778
466
223
756
420
161
749
471
761
120
81
656
564
676
505
17
69
325
867
716
943
387
925
297
333
983
652
667
716
699
728
151
899
735
91
170
463
481
922
767
611
328
748
538
869
629
856
523
956
639
108
34
893
689
760
275
565
498
928
918
201
825
424
199
729
403
202
173
923
915
99
880
11
572
995
324
744
462
907
293
666
42
161
549
287
612
927
769
982
92
354
949
411
353
190
215
360
43
167
679
20
211
138
329
717
777
586
659
706
378
566
433
651
252
879
515
114
871
16
488
2
905
654
786
965
854
935
653
332
571
911
509
728
893
109
715
574
43
604
155
822
733
5
934
892
343
250
975
687
358
53
139
832
261
15
434
741
188
941
181
970
86
941
627
961
846
926
652
184
165
29
257
257
963
716
213
608
192
525
644
61
757
52
999
713
11
850
737
765
95
86
282
685
121
86
309
884
776
315
479
674
29
362
975
144
728
399
108
907
938
500
464
975
840
544
247
819
608
258
11
114
876
908
144
498
432
885
823
93
849
727
793
749
748
751
49
677
856
858
239
506
370
756
333
192
955
748
599
649
896
404
788
944
301
197
419
988
310
319
148
320
140
453
293
191
689
519
149
708
928
953
737
88
220
457
928
269
491
678
428
487
686
60
568
58
248
651
569
111
440
191
986
368
205
587
680
306
526
679
918
155
531
152
950
961
379
182
461
170
474
57
234
241
591
948
443
246
872
892
131
743
514
626
620
274
937
764
925
925
295
714
696
844
213
379
43
73
732
896
408
666
318
752
419
284
158
963
24
630
321
139
119
792
263
204
365
586
770
923
536
169
322
532
454
700
418
574
739
789
18
298
69
419
826
265
13
915
448
531
893
143
751
219
152
279
324
279
170
220
830
390
846
900
593
859
166
143
862
142
554
728
443
737
432
7
50
615
580
939
209
800
812
365
358
562
67
151
925
762
856
603
591
728
810
345
312
680
258
584
318
165
229
366
369
320
885
939
931
454
835
511
717
143
946
779
179
387
395
957
981
959
505
821
203
157
848
748
253
618
223
253
892
160
535
179
280
756
991
498
263
170
566
338
639
140
196
862
960
882
892
955
33
347
794
564
197
153
477
210
930
850
370
240
478
243
693
124
254
56
228
738
748
103
329
971
380
922
404
770
523
410
67
679
701
705
63
973
265
904
869
894
171
463
245
694
471
539
866
900
45
137
966
549
941
681
378
971
743
478
519
563
823
225
276
284
36
653
548
635
92
598
147
964
326
867
37
827
587
594
507
144
617
98
474
824
710
500
194
888
317
555
865
733
448
210
705
223
635
892
837
940
584
679
427
408
101
514
589
770
134
797
890
866
7
64
221
215
651
860
967
925
346
453
294
267
594
905
168
723
461
210
133
362
403
767
425
183
692
241
915
304
380
801
686
64
331
335
785
758
120
229
372
71
209
194
577
610
458
842
765
812
264
714
266
274
424
954
978
428
656
291
914
266
730
128
177
925
297
634
371
912
409
939
646
616
391
627
88
918
642
993
315
390
53
73
982
928
667
876
962
987
901
565
830
937
698
960
519
206
340
965
391
818
59
162
208
262
168
391
718
859
168
178
886
790
939
978
47
71
48
641
236
721
239
323
322
828
402
747
540
966
81
29
241
744
737
582
279
612
560
223
30
357
311
105
739
663
428
378
31
981
651
293
636
233
353
392
980
77
325
543
333
305
939
78
149
734
718
123
805
127
578
298
117
119
155
498
605
613
101
764
147
420
529
132
286
391
216
17
798
138
415
974
981
571
775
203
806
575
752
245
865
130
330
618
872
982
104
913
497
732
33
453
424
777
556
219
15
503
439
857
285
197
516
526
897
513
801
896
946
673
483
593
301
553
254
315
369
870
755
50
90
289
942
49
32
127
930
788
387
862
260
92
237
874
313
818
476
662
701
339
531
942
649
97
853
32
424
666
669
627
302
49
340
447
149
603
960
420
366
92
837
663
865
568
714
607
664
133
363
902
726
181
191
203
975
250
453
164
292
466
24
816
143
522
380
250
149
479
611
642
292
207
17
758
354
38
56
654
159
117
793
269
409
597
432
707
74
313
898
799
392
368
614
690
897
738
941
639
744
986
31
294
280
914
524
488
988
165
507
500
57
493
194
992
545
708
339
52
669
912
40
336
166
576
875
533
200
75
652
25
803
880
943
68
287
543
441
528
67
662
639
173
690
712
811
410
979
105
348
632
612
116
353
520
530
261
706
949
512
634
380
956
817
932
302
72
483
660
196
690
266
32
328
605
662
148
583
431
939
733
855
836
867
842
971
589
450
171
33
566
877
579
281
580
479
962
242
445
82
187
234
922
679
317
881
615
562
468
107
276
4
527
368
316
750
900
906
162
0
424
947
403
219
875
248
254
785
695
357
208
455
833
774
317
475
977
608
993
360
948
202
348
276
649
267
811
730
568
865
891
632
485
979
657
831
940
524
413
82
783
277
53
62
667
725
262
573
89
407
381
382
800
152
395
524
879
628
943
889
848
780
797
504
232
478
964
396
388
258
605
183
837
260
0
563
468
698
361
623
824
283
319
607
380
498
557
251
678
247
314
433
314
224
707
777
69
169
320
262
749
869
419
124
390
95
52
626
807
698
90
246
91
641
261
191
580
371
239
483
330
23
937
77
824
16
809
346
543
830
184
193
580
521
514
637
565
82
791
496
386
559
926
645
918
203
457
138
228
272
332
848
710
602
743
721
640
649
531
749
139
906
537
73
78
187
622
973
215
185
723
735
799
656
208
521
532
550
992
260
896
220
504
376
134
722
994
249
764
438
126
879
676
305
63
34
365
982
99
736
935
936
797
141
380
406
717
550
241
446
94
810
492
36
192
453
55
124
124
482
106
140
525
756
959
831
510
593
775
799
54
716
730
842
984
477
892
0
207
383
770
430
663
398
724
362
7
403
557
404
914
734
501
53
12
31
16
511
954
209
671
281
194
131
668
973
602
379
58
87
380
585
987
852
7
182
460
933
497
392
163
351
264
291
385
776
408
157
953
559
238
501
264
968
659
177
71
452
645
140
524
465
327
720
623
643
33
981
272
574
378
830
390
303
345
724
681
606
476
41
929
578
487
835
104
897
998
932
170
242
102
194
845
137
61
207
259
518
186
423
212
459
711
873
313
48
547
997
395
845
28
16
26
347
385
375
425
735
406
662
519
324
857
955
249
476
817
979
594
163
118
24
364
800
195
311
992
560
200
546
658
745
180
294
136
856
416
43
121
543
943
35
882
919
529
993
836
653
383
368
521
556
824
477
165
616
522
298
985
394
453
495
594
53
729
87
384
963
335
548
571
476
365
144
648
805
539
754
153
113
963
33
947
383
38
392
313
527
440
782
286
450
573
313
231
509
86
750
806
961
956
295
627
243
933
537
181
283
459
841
846
835
418
771
13
302
322
791
45
450
874
424
195
931
342
194
285
878
391
56
501
766
993
727
741
23
594
138
636
637
13
722
382
879
278
714
818
358
777
101
941
20
107
908
77
315
634
128
176
507
777
544
394
950
803
560
316
84
32
694
786
479
125
954
685
258
494
873
431
307
151
606
614
625
320
454
983
980
390
502
436
144
622
835
352
461
253
670
614
751
739
58
178
596
486
283
847
255
355
205
464
321
799
942
114
814
947
553
414
499
70
744
701
986
332
781
619
239
357
701
342
883
120
106
544
610
246
107
264
131
747
722
872
427
278
209
815
959
578
74
517
772
198
282
463
260
31
986
553
352
333
386
928
412
450
617
82
332
271
381
980
993
577
643
491
103
392
20
287
590
137
293
145
875
393
705
446
299
481
589
483
548
562
175
296
111
222
852
665
677
701
309
215
685
993
429
278
528
617
106
375
401
954
69
518
276
548
351
870
722
944
642
776
862
8
642
562
400
102
310
604
115
150
543
806
28
152
443
637
473
405
790
676
972
259
471
743
243
675
530
635
870
240
807
9
404
898
598
642
977
224
556
732
608
708
327
715
721
161
427
915
856
919
686
673
698
127
486
833
212
954
869
857
418
691
654
357
728
581
575
76
920
735
42
512
913
957
282
923
713
944
727
524
87
61
829
169
39
90
887
391
275
268
868
324
706
703
627
142
855
101
561
468
585
384
940
354
554
906
242
978
767
689
635
341
867
697
280
618
248
449
70
685
107
479
659
841
955
903
388
944
582
838
728
382
215
958
85
654
615
874
333
164
903
681
708
562
0
223
105
318
600
407
863
688
962
69
22
842
840
47
219
16
207
332
137
558
542
573
818
353
452
712
502
558
742
435
374
6
426
645
646
643
644
800
253
724
26
107
370
828
549
84
637
521
375
890
246
49
963
353
526
198
925
191
937
938
959
963
765
878
445
93
401
540
471
648
973
804
216
764
226
971
255
201
77
624
794
718
405
505
889
606
14
650
550
228
890
69
351
894
60
453
453
36
200
412
301
60
818
93
857
502
377
524
770
218
360
641
139
306
329
443
85
857
702
673
171
19
142
412
65
998
592
392
814
294
582
521
35
199
825
354
439
163
229
697
560
19
529
911
952
698
838
363
882
317
650
870
791
423
463
553
626
929
52
978
300
671
336
630
820
253
718
416
863
88
714
176
600
921
62
567
476
724
953
382
564
455
821
974
208
334
723
793
701
787
685
928
962
930
784
247
237
227
972
139
813
81
866
971
35
487
857
724
26
42
412
590
800
762
875
452
464
922
693
729
382
174
711
774
278
92
820
632
497
732
504
934
205
745
202
96
119
281
598
978
304
273
501
520
777
618
34
340
516
56
849
579
81
920
493
462
666
17
150
285
20
140
566
141
586
86
111
985
535
12
435
270
344
69
350
169
852
707
932
732
705
299
875
997
236
989
533
703
100
69
940
313
507
847
673
661
850
658
804
92
928
371
546
348
711
546
901
995
436
121
310
189
633
673
287
658
216
55
664
3
510
660
609
930
201
898
687
441
840
858
116
763
13
802
271
303
217
435
821
428
805
17
763
878
785
756
450
997
755
276
325
566
45
577
729
603
595
16
625
110
31
537
334
812
411
725
71
116
291
950
899
990
500
774
848
856
253
849
838
492
520
127
966
69
701
897
24
672
676
645
934
336
52
869
451
257
893
689
566
102
630
533
153
935
828
485
249
146
385
180
289
193
428
972
759
164
466
512
283
509
672
454
832
514
684
944
224
56
280
273
832
538
753
509
605
441
890
57
481
957
304
761
14
994
234
56
822
750
896
466
853
918
820
198
171
833
233
159
602
412
766
625
240
428
119
209
57
490
481
110
237
344
648
347
137
258
751
686
541
624
74
794
161
64
795
233
621
72
560
390
827
481
718
990
963
743
852
278
947
188
574
264
745
13
875
47
55
829
326
730
593
949
190
470
117
173
522
851
352
187
717
544
449
138
297
683
556
327
43
233
318
957
435
923
64
560
743
921
666
238
75
657
725
994
791
256
884
10
532
25
816
408
420
779
295
845
101
4
561
49
762
492
398
800
511
620
919
222
54
805
375
867
731
237
46
970
360
317
891
291
406
694
26
928
473
569
593
797
390
781
883
24
475
835
840
320
51
94
706
747
278
607
555
951
353
36
600
97
686
976
804
756
763
38
402
530
799
391
708
246
559
75
849
849
828
628
542
307
805
766
276
970
385
122
409
966
81
82
814
293
438
807
797
890
743
886
348
271
76
481
242
164
620
457
85
496
703
409
918
636
809
870
714
31
500
491
317
732
680
857
701
544
770
236
424
295
927
344
987
574
731
90
185
779
922
283
668
808
529
495
91
391
530
580
183
479
235
654
635
893
418
775
632
686
719
652
259
368
446
146
868
617
487
119
476
271
172
414
457
478
54
170
296
80
468
267
9
478
130
319
496
61
810
135
461
220
753
378
153
681
944
584
939
236
389
540
726
4
758
869
337
861
938
126
460
698
756
88
585
87
372
113
542
984
388
46
622
341
220
740
590
551
562
620
195
436
850
13
254
846
557
524
352
273
761
734
80
963
621
726
230
111
383
601
723
378
460
535
583
662
252
996
799
428
639
412
81
932
288
590
965
377
556
151
506
240
327
975
425
910
796
625
338
17
566
539
722
191
247
438
110
979
156
423
358
126
332
428
24
889
148
442
504
201
616
147
882
291
607
901
260
959
27
733
354
962
36
883
391
883
65
71
388
783
490
913
329
455
540
86
542
167
450
198
68
242
524
603
596
353
631
52
116
826
409
215
50
293
223
909
174
266
125
806
32
46
632
662
299
461
564
352
733
57
774
950
307
920
61
11
70
268
137
55
748
235
696
250
629
215
569
508
883
880
903
64
308
469
620
489
120
362
719
789
385
459
19
462
19
847
598
775
130
984
347
884
490
902
684
394
944
579
927
117
467
633
547
744
877
56
480
783
564
332
569
977
63
914
711
698
159
35
411
300
677
626
607
533
786
967
689
859
254
726
757
764
424
810
22
371
647
970
953
188
723
501
175
985
635
242
373
309
52
753
769
717
938
941
170
527
270
218
196
578
340
267
903
637
568
749
532
788
373
256
236
508
401
747
660
848
656
686
336
444
980
243
899
766
286
342
776
85
92
596
385
74
494
103
233
235
134
951
496
750
252
837
403
355
235
833
797
922
28
611
494
51
100
910
269
612
829
432
957
5
422
543
530
767
232
198
911
803
478
148
286
184
439
86
803
476
636
610
205
427
968
460
17
670
553
494
44
994
842
16
741
777
154
48
102
550
645
235
717
66
644
393
867
979
563
22
887
604
408
764
216
512
859
102
966
904
654
472
372
76
106
298
892
198
435
715
614
922
881
514
759
57
941
928
770
461
516
434
197
799
763
666
59
676
455
308
737
142
711
798
975
631
673
561
438
32
205
989
184
623
506
304
992
727
795
910
639
689
998
109
656
721
377
424
705
955
913
859
174
308
88
878
100
325
114
450
382
50
164
648
248
953
338
321
910
110
492
24
631
428
284
212
148
469
718
985
391
354
132
726
281
454
893
226
532
828
794
856
762
242
629
513
512
701
230
552
259
923
315
648
437
360
227
122
164
632
655
195
96
852
485
938
358
383
99
192
205
536
396
631
940
338
634
125
839
166
561
194
468
250
460
108
942
563
110
140
197
30
38
849
640
661
232
579
273
173
860
594
411
651
110
205
842
399
873
166
406
272
24
298
398
479
987
934
725
280
682
285
220
779
977
703
204
945
840
60
805
722
750
718
648
947
250
443
310
644
525
329
291
184
295
533
315
742
428
804
143
844
763
794
891
755
507
889
463
605
234
769
592
795
132
702
739
987
244
815
981
471
922
515
202
121
65
934
384
306
972
841
143
66
364
767
687
561
880
171
630
708
706
271
380
907
82
808
805
48
705
517
171
418
868
822
861
215
779
842
321
952
413
0
769
662
866
215
756
954
141
961
924
42
699
602
887
480
820
374
100
836
861
193
812
266
32
936
795
566
729
180
433
932
333
711
50
444
169
799
806
234
316
287
949
372
202
933
723
4
743
654
772
797
428
957
684
11
584
539
981
395
150
793
310
929
503
945
573
65
788
130
905
277
955
57
558
53
475
980
109
476
837
579
935
399
433
680
63
633
138
125
689
745
31
844
595
885
591
601
686
952
872
300
777
182
109
35
42
169
569
965
769
436
68
568
692
284
353
564
185
911
705
649
291
580
920
498
931
650
857
29
258
965
385
738
897
83
885
649
38
804
353
649
611
624
15
755
740
482
272
325
829
738
713
58
958
729
388
902
364
805
722
40
541
188
987
880
847
342
42
384
461
3
511
542
479
947
130
711
293
588
465
984
145
366
510
374
230
275
608
45
368
474
932
414
593
442
249
169
109
27
325
834
875
865
454
808
801
10
433
944
587
415
121
360
871
559
644
160
520
742
176
787
100
540
885
826
684
338
455
282
73
536
83
348
229
514
507
522
365
65
400
730
337
797
315
355
988
976
800
971
191
838
991
539
573
865
136
634
970
536
738
622
181
911
513
442
95
779
58
937
766
4
364
641
851
980
828
242
765
222
268
605
575
584
258
290
525
843
305
433
670
361
206
450
286
190
113
448
91
814
278
17
154
238
975
425
326
399
920
443
932
606
502
81
749
239
965
163
97
727
44
995
524
320
351
761
208
735
601
771
815
961
460
236
699
676
423
509
557
507
354
490
614
729
73
963
764
135
539
26
253
288
118
572
985
225
152
616
327
134
564
245
783
488
272
993
847
419
359
507
132
531
160
706
327
94
657
527
585
196
209
396
20
892
825
816
40
865
814
331
607
369
279
756
454
805
333
514
752
660
691
62
336
979
211
312
83
471
963
561
71
307
554
517
468
797
371
67
830
626
381
485
484
146
972
82
752
446
304
675
795
318
215
739
588
135
442
663
973
346
961
548
483
943
932
256
736
688
631
185
190
842
800
666
889
846
248
932
130
639
700
913
636
507
40
84
541
244
463
380
987
73
81
414
808
317
144
122
691
729
809
710
692
157
924
735
252
521
496
687
311
106
519
912
639
985
976
974
470
389
983
666
936
512
573
74
186
655
117
38
459
195
549
790
205
669
437
952
704
799
679
437
44
61
530
275
896
609
429
245
972
654
173
406
391
381
843
716
694
755
685
945
162
524
639
790
300
328
774
496
600
195
945
740
179
419
556
510
211
714
362
309
730
388
942
155
733
610
486
72
519
740
629
270
245
342
412
848
998
225
788
739
25
626
266
142
355
376
183
278
91
87
355
2
276
449
990
910
375
540
50
883
314
503
824
650
896
678
142
233
782
85
882
615
608
496
414
705
110
225
984
375
350
859
628
712
303
747
232
66
983
879
508
703
66
279
988
393
567
39
35
997
712
822
301
85
79
57
450
480
88
457
122
92
247
531
25
92
854
518
65
268
770
863
390
977
723
920
890
838
134
911
22
960
625
594
593
307
499
977
248
574
957
404
698
314
521
675
503
400
349
356
829
40
708
519
398
493
466
302
409
589
857
344
443
815
909
509
114
301
408
843
950
345
482
702
948
284
97
127
633
193
969
715
167
601
289
612
263
527
786
413
155
331
628
911
78
500
774
233
875
606
106
156
95
764
779
404
124
111
267
82
258
124
814
966
348
467
565
282
85
371
623
650
293
180
315
880
228
589
698
156
265
859
212
496
271
859
722
617
229
294
772
809
704
547
238
338
424
51
787
53
276
718
550
89
418
787
265
679
87
164
469
609
223
183
836
419
98
89
782
625
788
46
598
560
822
540
968
10
942
525
921
681
328
258
419
780
495
332
572
415
413
190
754
236
882
319
301
752
948
92
168
57
708
874
918
267
201
17
565
322
907
92
218
817
190
844
705
673
744
804
774
149
1
840
405
962
70
919
202
988
74
247
894
68
346
255
207
326
675
319
147
310
995
932
905
698
704
625
204
795
288
631
916
109
935
140
859
382
871
762
249
947
583
246
260
630
258
737
799
572
930
251
102
595
257
35
475
480
828
275
240
526
165
600
282
11
355
48
455
124
808
604
316
241
174
149
541
187
687
371
209
290
897
528
288
891
490
626
365
879
445
616
930
671
512
316
245
674
217
598
557
153
973
186
880
194
317
256
517
360
318
465
304
356
987
681
712
45
681
864
121
290
959
26
382
672
704
406
791
152
238
204
946
335
484
335
593
561
648
579
384
72
187
592
658
582
70
76
319
754
588
990
444
566
246
430
823
631
303
971
813
39
644
901
713
253
287
769
899
227
289
202
619
671
377
988
217
675
646
323
459
400
220
811
994
623
679
953
665
168
849
966
610
947
521
92
319
676
187
689
722
180
917
465
930
178
821
672
570
568
861
220
280
802
520
352
255
409
44
622
33
30
772
940
844
682
904
135
503
530
35
789
490
872
633
628
640
172
123
16
994
249
153
82
488
372
106
420
222
296
411
504
394
901
994
352
958
350
61
769
822
873
620
993
303
154
928
655
89
569
654
809
571
906
260
488
890
555
935
633
389
535
183
597
784
953
263
543
275
237
580
741
983
424
130
712
180
7
814
534
242
165
507
695
914
503
204
484
743
361
555
299
959
139
876
679
304
246
249
341
217
777
402
97
342
96
720
327
175
436
343
661
366
237
534
645
787
387
116
1
141
196
617
775
415
824
718
92
205
281
450
261
834
830
785
672
312
327
307
289
970
802
47
168
737
908
778
160
89
387
624
163
672
72
766
9
211
82
857
311
788
989
598
403
763
242
447
182
984
232
999
915
291
208
362
612
840
166
348
443
914
107
261
574
339
760
413
924
157
557
578
556
0
823
578
532
201
623
111
463
555
671
511
816
612
616
861
195
110
648
904
67
329
543
309
950
66
744
371
636
698
956
347
198
734
801
538
260
350
666
45
487
315
673
632
653
922
304
99
170
472
772
545
259
345
250
678
918
922
404
372
862
126
916
114
795
400
489
226
414
727
327
197
810
207
705
262
5
969
1
696
662
305
704
188
976
376
242
674
756
54
648
612
806
325
105
138
270
221
986
461
47
455
130
132
924
529
955
36
29
893
602
976
665
22
848
509
246
760
377
287
515
978
73
902
535
571
814
607
131
662
905
776
498
308
806
804
985
101
107
807
472
66
726
175
936
370
630
279
351
246
483
481
327
299
386
422
190
748
609
197
782
890
545
63
283
441
409
139
965
159
774
483
771
428
624
873
832
881
120
15
994
319
678
346
692
540
896
26
198
28
812
585
867
954
518
109
448
930
237
556
124
236
591
427
730
679
765
403
259
568
226
792
121
997
356
159
647
170
261
380
636
967
476
29
358
812
924
663
626
834
54
371
498
720
746
388
0
558
105
295
119
354
782
79
312
837
91
109
970
976
71
721
467
304
821
855
27
563
920
88
744
174
122
836
763
158
988
1
257
207
336
243
854
51
818
200
908
234
605
110
274
579
161
852
96
237
986
874
70
332
725
678
659
899
107
475
763
946
304
159
938
684
413
98
902
72
113
887
505
98
134
704
667
758
744
346
758
152
256
650
299
666
895
778
394
483
574
413
766
185
786
786
911
683
469
144
545
93
343
39
954
360
276
446
113
213
295
583
746
374
4
299
598
170
922
115
767
747
943
700
88
254
926
718
651
510
356
889
317
100
241
813
860
615
441
565
368
29
362
806
935
75
103
129
891
63
507
571
150
191
618
750
630
741
281
862
171
634
518
2
100
636
266
212
986
901
410
871
93
145
597
964
978
844
608
521
134
677
341
279
804
547
866
246
594
219
918
55
282
187
606
765
948
526
590
121
513
300
771
881
410
197
485
509
95
179
354
406
3
417
324
410
748
963
589
864
177
411
641
140
429
805
554
752
376
408
481
376
612
282
752
952
940
350
756
388
993
237
176
171
366
766
109
681
443
291
837
288
512
42
55
691
151
724
204
294
187
445
760
981
56
865
772
215
168
680
857
998
36
797
895
166
508
465
91
800
949
654
855
515
449
611
883
525
5
140
753
707
427
834
950
771
552
982
372
122
744
141
333
511
77
537
779
91
967
805
954
683
77
234
182
211
305
314
241
353
282
248
44
427
451
210
559
870
873
557
116
13
17
964
742
386
408
876
663
580
300
134
310
613
248
274
152
718
925
652
813
153
371
846
563
27
535
730
592
780
782
130
560
420
608
454
959
908
912
777
200
974
344
905
484
818
873
897
743
399
167
12
36
554
323
888
152
605
603
109
4
423
684
793
732
804
151
937
876
569
225
718
819
686
453
929
799
752
148
612
128
930
773
999
777
431
175
92
320
879
139
96
983
532
718
838
915
671
684
457
690
276
729
69
809
343
248
995
955
617
615
567
926
347
73
680
376
557
547
676
511
604
459
85
821
766
1
12
466
539
361
664
628
778
673
243
73
589
334
170
205
306
291
791
799
382
361
452
829
936
458
189
185
384
686
579
723
690
241
969
709
811
652
717
622
966
792
900
46
660
113
986
432
454
527
534
213
40
639
950
37
667
240
491
345
351
978
779
332
76
89
487
496
259
680
649
68
214
151
916
283
208
695
200
272
330
308
656
973
35
329
578
251
500
442
930
636
61
746
739
716
527
461
300
862
127
576
578
179
956
733
175
173
717
482
727
377
194
345
59
91
717
762
549
772
780
588
86
830
951
890
535
424
504
2
114
164
668
690
380
366
940
364
417
656
352
560
212
536
361
71
506
475
441
573
778
602
522
225
187
235
79
327
394
67
539
516
406
70
820
913
265
441
555
856
94
183
747
115
234
288
220
613
145
440
835
296
701
3
88
237
317
902
83
171
264
609
203
782
172
216
213
344
768
273
525
374
802
168
348
193
573
525
599
21
67
447
519
790
131
410
474
94
424
292
286
867
461
70
749
157
112
366
714
189
322
17
798
945
368
781
574
5
522
460
901
875
678
828
66
523
904
436
918
949
583
793
852
731
631
527
725
500
462
403
839
339
629
453
521
334
702
595
589
458
69
168
779
348
284
459
302
690
46
348
854
392
416
105
745
31
319
639
390
424
442
68
936
486
893
249
491
41
518
165
846
598
664
149
741
204
258
888
673
297
852
574
150
395
589
664
250
131
979
122
277
388
240
357
297
218
429
738
631
549
254
161
987
260
513
871
478
390
420
518
830
963
523
94
396
665
347
449
129
876
174
933
438
357
187
706
567
347
97
99
722
886
728
81
418
639
796
811
427
862
286
730
337
692
449
801
290
631
662
609
292
740
805
322
244
6
9
558
372
220
102
224
848
841
177
634
990
429
820
108
271
281
188
464
662
424
33
41
964
345
58
692
374
464
707
439
116
492
852
15
438
675
671
286
573
66
501
480
355
569
701
790
808
11
962
92
114
435
448
837
56
18
875
878
547
565
156
744
265
602
154
87
608
155
864
871
20
796
824
503
269
47
28
21
808
343
916
753
119
745
313
982
888
422
797
467
711
861
157
135
609
805
637
571
606
880
278
697
313
980
454
394
192
539
588
326
3
842
494
628
675
854
337
882
520
570
4
238
502
997
874
842
637
105
794
822
876
182
212
664
402
429
787
6
560
97
601
780
846
799
443
673
857
430
659
988
613
257
460
196
797
274
197
557
684
33
149
910
271
946
623
654
945
212
738
127
466
45
904
828
317
163
921
588
149
549
211
952
43
704
472
185
622
766
221
146
216
137
594
613
113
750
370
977
939
828
473
673
417
611
285
64
748
577
282
361
171
423
542
923
686
483
870
352
863
519
139
615
638
30
677
800
184
287
530
789
403
274
658
600
745
951
882
350
526
302
148
579
887
624
79
848
417
709
672
79
779
207
949
527
882
468
498
2
63
609
890
972
806
241
835
231
38
557
574
537
392
725
873
79
270
205
843
387
817
227
324
104
318
692
686
846
687
974
316
721
338
816
342
540
440
502
382
11
684
57
586
286
205
275
350
361
314
368
965
312
385
776
252
416
893
336
107
665
730
33
953
223
653
576
387
544
460
484
120
24
87
103
340
568
546
571
623
525
641
278
882
628
983
896
213
395
482
809
615
867
142
656
419
721
844
918
420
860
599
272
213
473
884
3
575
483
547
162
776
550
94
67
628
882
261
185
203
660
483
2
871
88
416
799
584
451
100
372
725
429
5
910
481
396
997
33
888
171
204
964
45
873
797
388
234
142
79
284
746
177
658
246
646
684
276
988
954
73
912
927
715
126
513
425
592
35
824
902
778
404
272
340
330
474
690
515
901
109
914
159
566
876
541
427
232
812
357
136
478
622
811
852
114
331
472
45
494
931
424
484
698
499
884
718
858
853
226
885
475
705
194
470
227
906
639
908
114
275
617
938
720
544
83
693
445
776
518
303
839
840
489
768
739
612
155
199
491
110
951
943
232
696
330
341
804
382
501
541
63
317
953
444
740
513
19
727
464
906
254
979
590
957
560
830
657
777
978
571
63
432
551
715
527
374
680
342
471
598
65
898
148
535
396
210
534
341
800
879
839
52
69
60
625
32
127
387
609
560
525
93
836
464
13
759
548
142
957
56
630
28
632
342
516
844
20
289
362
378
860
975
775
418
263
471
866
723
524
9
334
92
47
802
220
954
13
365
388
115
656
493
151
557
287
455
275
568
614
540
972
746
405
645
348
697
423
759
655
443
161
509
109
905
557
877
724
874
243
603
922
748
491
265
500
853
601
760
966
359
485
272
136
210
477
675
912
436
242
976
874
316
148
876
977
972
283
475
528
60
211
619
138
690
555
153
682
551
18
453
128
166
14
369
433
638
642
183
98
983
44
208
440
561
960
192
566
423
4
791
644
379
378
963
201
387
163
417
374
593
870
490
646
272
645
690
405
202
279
596
403
126
48
120
957
71
490
295
721
648
573
422
748
236
298
686
498
626
448
916
562
69
313
211
115
329
677
255
302
9
81
221
385
182
51
703
325
746
36
931
238
843
962
715
132
787
345
351
666
747
830
862
978
224
544
28
3
222
35
461
153
529
162
208
560
370
784
247
980
614
195
434
951
755
198
363
160
323
898
828
764
51
824
196
852
318
693
113
59
162
411
968
834
852
728
328
19
118
44
164
734
487
932
63
874
884
718
337
476
818
409
744
77
861
843
130
339
882
950
686
159
25
808
27
638
990
349
448
694
879
259
827
726
384
138
565
795
466
718
770
491
890
234
614
248
197
979
75
219
601
6
303
993
919
223
835
959
13
799
942
461
464
897
463
906
622
193
834
925
321
809
473
331
456
986
988
153
880
75
628
31
287
841
97
847
937
484
507
593
915
793
909
653
245
297
725
453
21
605
296
604
22
844
755
814
152
115
21
869
520
80
696
181
608
19
422
621
786
298
304
874
389
695
561
762
114
232
145
786
833
891
517
461
500
579
116
785
565
555
13
151
483
502
388
423
136
321
755
998
70
502
661
637
271
78
366
383
68
721
134
166
845
757
548
923
696
801
111
592
933
941
616
828
325
976
523
914
794
757
180
990
338
179
767
974
421
240
239
928
310
449
408
230
39
9
713
778
868
763
576
151
658
301
466
759
16
699
482
755
107
109
350
146
128
447
169
112
155
995
906
818
996
436
364
412
825
753
143
903
134
21
725
810
409
215
430
484
946
675
212
444
959
28
923
725
846
572
648
81
108
945
954
976
187
142
118
13
7
443
340
629
721
578
359
261
389
552
338
312
238
715
462
18
618
294
128
243
816
478
287
907
429
88
875
622
918
290
257
557
343
570
131
281
858
31
500
140
892
618
913
390
313
552
99
208
103
823
266
577
328
458
403
491
922
667
225
73
129
773
610
216
692
619
360
998
860
479
184
379
560
891
487
811
174
982
488
692
764
828
755
491
876
620
784
125
574
591
824
668
528
978
556
161
473
304
439
81
75
32
134
541
694
454
89
698
361
192
249
489
419
23
352
779
560
24
377
629
111
398
652
172
