215
213
866
316
67
545
319
331
454
506
504
891
433
61
296
572
917
932
497
678
986
784
629
2
662
737
781
374
672
396
243
306
24
971
813
112
461
779
881
777
570
679
959
329
430
897
912
364
342
17
449
491
233
326
108
511
240
665
491
718
153
65
305
866
719
984
943
262
559
765
400
869
200
771
890
563
736
407
81
853
872
23
242
812
875
853
681
900
856
202
975
435
809
168
267
316
944
248
508
275
957
354
128
44
998
267
716
644
964
945
857
489
133
137
855
877
748
529
585
477
649
986
700
841
182
101
213
564
831
167
710
802
325
759
765
905
695
460
970
369
109
883
754
429
907
669
260
787
311
152
464
992
199
284
663
908
633
550
259
221
457
25
324
160
408
480
107
778
359
912
223
284
329
258
689
933
413
630
230
449
448
283
690
983
726
292
219
665
105
596
209
645
56
362
687
280
261
159
542
185
339
692
287
699
649
913
115
317
976
601
457
812
173
401
794
16
171
462
861
915
920
118
322
550
714
22
341
846
574
603
994
827
181
141
255
49
284
77
218
224
886
992
791
782
336
291
374
981
64
166
152
878
787
125
764
804
274
329
506
750
824
590
714
724
131
109
258
27
284
154
787
859
829
720
262
197
190
576
49
706
395
152
16
95
374
688
569
389
76
583
320
325
879
628
692
96
896
274
676
828
982
707
618
482
615
685
618
772
378
721
486
453
559
800
778
825
724
968
718
403
509
461
102
469
822
27
682
874
104
438
882
584
942
476
938
513
834
715
886
48
353
645
594
656
304
890
369
136
138
676
248
315
735
717
765
333
538
140
377
895
31
447
488
491
527
603
729
603
289
502
406
132
519
397
778
968
466
98
9
601
947
982
169
369
536
924
931
294
990
533
142
779
905
32
256
10
38
865
226
374
224
874
695
564
447
32
544
785
178
892
39
30
164
314
262
993
786
750
828
558
952
186
419
674
595
492
209
0
926
316
40
4
932
188
20
444
470
720
345
367
906
396
351
709
969
861
139
790
883
311
227
584
553
446
581
856
111
145
348
209
412
520
632
546
439
870
754
793
936
881
9
317
280
526
323
186
958
890
772
222
270
676
252
648
120
382
40
840
555
546
103
65
532
408
751
739
935
677
604
134
8
736
108
136
503
631
474
335
102
246
348
883
504
311
91
74
215
933
40
887
634
2
94
933
345
873
407
901
31
102
862
759
723
345
270
780
371
401
141
154
357
845
593
474
475
334
934
595
43
464
768
73
992
103
443
728
168
30
693
18
299
251
773
288
829
535
666
165
8
585
354
118
337
162
654
758
413
235
694
958
711
58
318
218
153
716
644
350
21
924
909
807
999
658
380
854
401
318
614
159
18
195
565
864
868
18
566
413
448
987
265
624
369
920
333
917
697
341
93
604
988
551
107
792
191
189
847
508
372
140
125
461
653
884
80
899
139
592
935
681
74
403
74
635
274
461
320
375
109
654
641
157
608
673
427
176
872
721
443
678
2
610
34
956
638
982
850
523
265
88
483
439
478
629
406
933
377
662
117
564
208
458
413
933
477
257
497
557
308
155
812
961
854
430
250
616
824
63
756
132
795
95
119
546
864
903
568
618
248
599
438
552
901
591
339
80
65
689
200
17
49
413
853
608
661
500
834
989
687
993
268
434
989
537
335
256
77
435
396
876
988
891
696
735
930
824
962
595
550
973
230
9
962
325
834
647
563
511
884
350
119
441
134
698
386
209
951
667
799
503
383
753
432
894
311
532
763
17
299
1
585
66
117
840
523
134
871
810
251
28
501
569
708
948
485
615
391
316
659
184
636
486
365
228
977
589
471
172
298
382
228
742
613
180
459
668
968
595
290
278
770
454
385
504
202
964
749
790
960
293
967
779
951
883
256
249
227
564
796
755
724
291
689
39
871
118
858
559
398
762
940
342
459
786
788
359
518
55
858
545
544
633
15
792
940
452
815
373
217
806
562
53
422
732
805
639
539
748
7
766
151
942
163
478
147
548
290
812
43
304
321
6
732
644
662
594
111
20
851
835
800
536
549
829
371
533
556
850
572
452
710
661
673
586
298
691
950
622
166
553
373
162
886
905
16
97
154
494
644
846
954
215
252
789
376
657
719
715
994
60
559
295
763
639
463
988
894
376
208
159
750
668
584
523
68
604
735
276
589
744
31
944
831
957
760
449
761
955
334
664
549
538
272
891
298
226
349
623
170
937
732
721
28
846
216
990
87
445
854
674
621
308
613
773
103
186
769
978
386
7
740
553
518
367
410
740
983
552
311
359
954
682
247
216
422
662
513
246
684
471
377
510
828
102
913
305
605
601
91
49
625
371
813
354
715
423
746
789
870
686
977
72
563
528
28
721
614
679
191
49
270
14
131
14
799
625
222
408
958
279
113
21
408
609
326
967
887
726
403
483
618
447
856
366
872
870
848
488
561
692
407
314
665
311
137
579
186
898
523
302
53
182
0
415
596
255
954
597
399
481
539
898
849
905
646
460
390
968
415
624
443
146
604
997
946
141
511
283
337
789
521
631
470
524
764
294
257
263
260
310
934
307
44
788
741
710
105
424
928
907
413
238
200
509
322
13
285
980
544
682
384
814
749
367
150
780
736
180
979
285
130
535
160
289
634
432
596
875
412
925
922
9
37
437
12
416
957
840
12
289
617
851
19
48
60
570
880
259
377
685
910
383
896
277
418
733
978
136
48
740
499
31
353
777
188
89
363
1
465
913
325
903
285
475
669
384
8
628
281
563
259
174
718
423
616
506
960
581
264
952
190
917
994
882
849
276
157
904
401
410
795
708
396
266
18
469
364
602
287
113
476
778
849
995
279
290
280
332
28
396
680
133
458
481
70
651
260
928
213
803
418
680
317
973
884
878
177
302
347
914
860
765
629
140
528
583
100
652
930
45
85
79
757
603
16
197
793
780
609
871
144
33
849
95
805
232
561
304
529
313
29
436
35
332
801
19
179
894
899
945
716
651
460
737
36
637
444
581
497
514
609
24
585
907
172
434
70
145
336
674
284
155
399
243
945
946
611
157
0
709
430
932
329
752
919
518
704
279
258
405
705
297
162
180
309
592
837
639
892
844
980
643
967
751
470
836
904
411
944
797
953
152
827
114
661
498
297
138
743
190
101
984
909
629
663
865
168
410
993
432
275
69
906
420
822
378
956
595
182
211
147
536
146
602
612
7
444
419
399
298
802
174
827
204
369
570
909
58
661
461
837
530
807
632
461
435
332
503
278
52
517
951
160
960
376
359
854
47
459
921
212
625
832
378
7
731
353
813
135
963
737
198
379
752
757
737
513
555
101
803
384
930
771
585
676
891
719
701
533
646
132
479
845
99
843
287
276
674
810
864
578
993
216
712
864
960
696
165
147
800
679
586
22
338
731
70
42
749
347
741
285
351
709
136
725
580
480
680
815
964
70
872
409
47
573
280
8
820
139
422
110
103
852
391
171
800
218
931
143
240
447
990
530
567
993
602
408
945
618
386
548
887
395
26
728
233
277
730
54
417
196
113
671
963
129
702
997
88
474
538
670
530
960
57
216
138
828
400
875
677
62
0
240
501
140
56
564
291
316
9
136
859
286
514
465
856
449
76
367
878
913
536
484
542
177
709
2
860
450
622
