270
65
893
205
618
7
456
923
155
120
495
255
171
307
162
379
382
476
861
601
654
658
272
378
43
140
700
323
115
116
309
719
539
909
287
487
178
105
286
271
238
451
878
962
478
964
427
925
819
761
822
449
420
561
693
402
717
371
606
100
970
190
840
430
813
139
477
295
834
469
648
4
132
913
495
515
118
960
517
626
904
649
311
625
483
891
368
302
43
761
204
247
424
286
357
73
153
439
270
607
750
80
193
7
447
318
15
375
591
52
636
877
591
745
843
579
360
775
150
657
953
871
650
213
313
927
458
253
745
61
635
373
465
637
823
860
93
606
561
401
364
947
947
691
597
558
47
350
951
967
737
145
651
370
725
212
552
414
378
310
955
609
658
917
536
193
957
623
545
85
609
429
546
242
136
832
943
394
894
99
187
879
198
424
862
286
784
526
873
998
240
512
9
375
814
833
174
191
566
860
871
47
276
792
20
813
638
760
24
611
901
656
593
924
608
515
93
959
663
122
50
948
146
319
185
307
20
991
544
628
591
118
348
809
413
453
744
191
608
22
708
683
175
8
412
818
653
486
995
753
471
577
77
747
946
6
406
121
423
370
762
731
709
114
770
421
841
624
744
157
155
271
183
704
304
311
593
924
880
292
798
928
148
545
551
128
214
474
28
805
612
711
256
113
186
556
63
696
403
869
448
666
252
671
733
941
93
266
620
23
100
634
946
680
448
197
243
998
488
359
816
451
214
537
477
865
203
728
638
958
863
577
661
178
373
410
899
509
729
76
329
710
671
485
233
414
994
177
38
794
885
625
988
887
505
564
974
56
276
417
642
164
202
863
755
843
819
531
323
478
449
705
867
222
507
462
264
348
907
674
548
728
649
811
94
45
226
556
406
874
777
548
258
340
63
955
30
966
594
520
595
83
800
957
159
706
926
588
164
767
761
755
848
515
808
170
193
666
700
326
90
482
501
510
751
747
827
250
529
402
430
627
166
303
474
149
936
399
274
937
200
436
351
824
655
943
846
402
289
848
996
292
670
268
574
888
654
414
481
903
265
160
130
121
744
216
316
956
203
8
684
563
312
61
946
934
637
273
830
519
354
828
21
725
670
229
807
849
108
631
413
150
361
999
836
741
357
985
137
854
804
538
376
428
144
632
253
679
557
181
318
181
544
11
675
242
285
97
635
563
195
235
356
699
958
177
719
501
874
814
541
792
958
304
266
608
852
447
565
785
684
774
657
695
600
279
163
353
887
419
327
691
873
143
194
851
220
242
302
451
745
835
302
397
478
703
238
45
601
263
677
440
325
913
474
378
492
101
8
141
234
864
712
325
537
317
625
857
326
343
863
500
896
475
645
417
192
986
16
373
833
541
817
502
94
545
990
210
850
266
63
210
384
587
64
997
759
51
103
897
938
339
748
140
426
244
968
992
640
198
699
901
994
564
870
577
129
459
498
979
93
872
35
613
862
417
276
783
144
379
512
239
217
539
74
335
587
49
162
975
385
655
605
961
207
199
847
308
978
826
904
312
233
197
712
32
935
213
592
174
702
587
175
776
34
491
157
448
263
694
256
561
247
992
712
869
276
476
657
668
158
331
277
422
442
699
891
658
952
636
808
415
407
478
552
39
31
918
505
852
386
743
373
434
208
997
714
500
421
669
175
747
777
145
565
921
229
184
55
364
573
33
504
126
798
215
376
945
324
64
250
519
672
672
357
167
766
531
485
68
151
448
205
23
63
969
428
405
788
470
577
884
761
201
276
150
695
636
362
312
143
70
844
885
702
93
477
779
733
118
750
735
220
416
744
124
971
382
781
702
613
91
388
765
137
799
407
525
390
184
770
522
34
924
251
865
855
450
512
314
187
809
705
154
562
120
595
588
514
205
750
351
219
441
44
355
977
456
655
21
943
798
837
834
650
517
234
624
943
604
203
408
90
649
354
416
468
574
123
205
519
521
794
933
130
254
614
650
924
360
190
571
830
764
295
605
466
966
847
550
50
125
25
802
782
297
157
870
390
533
411
858
408
119
132
740
446
821
438
463
55
298
882
563
880
877
395
814
783
698
940
151
236
890
158
211
493
198
758
777
180
361
320
192
102
483
458
296
907
1
582
677
302
594
733
904
208
981
333
433
237
678
487
527
410
975
711
607
360
723
65
571
114
342
484
545
552
792
126
404
726
632
4
249
172
269
548
184
794
584
697
218
15
989
146
337
694
200
560
379
782
285
241
336
5
56
270
595
440
106
749
622
897
549
868
813
942
671
755
429
818
434
668
525
586
852
698
938
614
682
907
561
729
703
996
942
335
259
663
321
803
630
323
32
762
180
809
631
383
515
270
908
580
767
426
15
946
870
499
902
661
679
110
768
574
22
484
847
190
474
125
384
596
160
884
911
284
344
119
787
613
509
705
752
420
35
885
676
26
320
321
281
327
452
573
649
889
933
919
704
613
979
380
715
112
835
164
286
99
87
115
75
993
514
672
103
335
546
68
326
751
414
568
383
336
710
555
834
621
113
495
93
296
833
807
334
235
796
887
147
931
140
128
93
882
158
78
187
239
768
552
907
124
435
356
643
284
415
588
917
319
646
689
753
163
264
538
917
657
14
137
488
961
235
738
236
946
396
225
457
578
529
271
134
375
35
81
770
16
653
733
761
194
471
25
194
875
157
930
701
693
678
590
546
23
808
758
564
30
489
540
421
635
601
741
347
794
683
258
632
574
978
273
951
588
272
579
794
170
874
314
969
595
175
705
501
59
31
440
450
722
904
706
882
22
940
812
967
913
47
445
656
132
124
957
629
215
630
195
286
358
852
774
749
409
22
432
844
392
292
618
497
985
638
600
878
392
14
683
308
25
994
668
736
253
933
563
606
871
77
829
250
362
935
571
981
81
758
685
52
962
763
210
965
440
943
802
907
971
139
67
137
630
880
461
290
669
851
242
718
809
248
564
353
26
239
37
190
528
196
173
17
925
952
980
98
58
933
677
622
861
791
874
335
524
878
938
483
96
456
60
658
737
404
870
721
90
704
78
443
545
747
404
391
374
751
491
141
44
903
211
866
209
335
804
484
166
928
480
951
27
18
213
149
675
44
637
620
958
175
677
945
153
232
631
506
71
877
979
849
2
863
297
653
962
725
444
867
209
561
923
625
744
980
265
603
490
780
295
183
787
406
395
82
124
991
848
317
734
228
169
915
528
145
10
361
279
278
886
608
80
590
479
831
965
113
397
656
698
66
166
725
828
178
198
404
773
307
155
998
718
217
248
661
681
122
924
115
265
175
190
295
672
538
40
123
221
311
925
297
777
527
495
100
924
112
377
290
881
136
638
831
266
256
493
821
289
446
530
679
493
802
186
973
773
826
394
290
996
689
419
521
201
458
70
534
729
994
913
665
636
19
900
532
633
565
51
470
838
408
343
233
568
356
483
213
915
993
936
503
14
91
678
876
55
500
215
560
479
165
537
404
1
720
769
987
756
437
78
693
834
356
361
724
444
338
111
668
373
436
480
448
392
736
767
647
142
308
622
78
152
302
398
319
461
754
768
758
408
466
331
220
2
343
306
341
287
726
953
700
456
478
20
319
716
678
276
109
131
932
15
563
529
183
315
6
188
222
295
962
770
761
405
41
657
125
584
912
780
574
46
443
719
196
10
321
512
216
697
130
370
240
542
652
927
934
340
157
529
191
560
563
133
431
137
280
76
745
149
241
327
980
385
285
471
802
308
34
223
842
9
306
750
125
999
278
253
301
614
441
681
498
0
85
317
734
2
691
471
824
14
35
301
262
702
484
76
203
511
405
933
16
344
218
60
975
949
826
22
170
412
845
623
970
99
803
806
52
676
952
69
21
207
812
640
78
290
814
321
883
719
952
254
62
202
445
200
937
102
855
881
408
603
886
537
844
917
835
188
403
300
690
507
557
308
222
446
290
89
382
699
127
48
61
598
304
396
887
901
855
44
768
431
538
294
391
944
899
442
815
427
305
677
366
213
667
257
541
514
421
397
536
750
875
510
337
730
154
362
549
592
998
940
160
925
806
129
332
467
956
54
588
384
360
164
950
974
708
625
271
624
962
276
81
261
202
173
32
828
256
327
34
245
290
531
76
320
823
129
345
172
386
293
613
110
598
324
808
163
140
162
559
68
231
626
148
646
81
41
757
410
638
551
42
831
262
331
816
370
32
937
242
832
578
203
144
448
189
866
207
832
917
911
256
930
303
954
621
2
947
381
117
239
344
239
633
763
343
713
231
857
39
262
860
963
119
979
175
820
27
273
496
296
470
435
39
310
670
640
105
824
308
383
84
503
242
706
900
421
808
961
703
312
583
611
306
176
878
787
55
254
51
381
670
832
265
435
567
893
159
17
962
330
866
1
350
982
73
980
998
536
646
910
658
187
676
925
545
132
675
693
627
80
64
930
381
380
370
412
62
810
40
296
86
204
966
913
15
425
799
842
883
961
508
30
829
623
610
966
267
282
625
495
921
215
248
246
153
951
14
608
398
313
980
538
849
92
815
417
546
434
257
815
464
532
631
268
643
22
845
853
158
271
724
347
539
232
990
242
687
398
673
580
196
574
79
482
781
68
183
38
484
935
219
896
159
428
658
451
58
582
584
523
558
479
682
654
486
310
638
324
18
773
622
876
316
293
389
644
216
352
114
76
713
667
586
360
823
814
914
345
524
498
585
982
997
869
468
284
342
149
348
791
710
455
554
988
938
602
282
925
285
461
133
671
181
666
512
996
361
846
226
368
750
901
651
314
897
335
120
985
223
649
428
896
16
337
712
824
513
906
898
960
825
191
91
299
427
608
554
79
483
847
183
509
836
590
250
762
893
342
962
313
148
198
553
58
714
958
500
747
951
887
17
914
710
282
633
188
673
489
341
589
439
390
901
772
370
830
226
938
805
377
485
152
546
784
649
842
106
644
852
251
910
583
251
198
786
249
779
110
657
986
75
987
188
526
630
945
27
498
688
559
646
34
486
593
293
364
879
107
556
756
713
914
738
789
140
632
353
153
292
612
392
278
866
540
843
941
457
904
300
111
878
196
27
318
24
746
169
405
247
609
130
845
58
334
225
421
904
237
189
110
168
460
665
368
828
492
130
420
608
517
673
184
337
501
792
72
232
789
681
687
885
609
922
257
953
817
525
268
819
408
772
683
332
104
50
222
367
24
844
602
800
748
574
264
285
559
162
189
889
608
955
814
965
926
447
349
450
992
667
692
10
542
985
669
140
942
421
579
637
108
661
569
124
417
422
277
702
710
747
137
960
133
449
558
875
356
910
517
650
56
583
27
975
818
897
167
811
432
39
644
724
98
538
838
744
439
159
963
816
92
322
559
489
337
632
451
260
536
490
356
468
763
365
323
311
304
438
935
190
299
268
563
111
817
230
844
490
92
331
444
568
312
920
604
806
512
539
746
914
518
199
54
989
118
993
626
38
757
926
726
968
115
671
726
457
530
461
113
123
458
327
485
200
987
938
380
806
438
232
197
66
440
169
377
465
452
638
883
953
444
301
979
237
92
806
31
80
371
859
278
233
15
390
819
589
555
269
82
115
895
193
754
696
917
157
359
251
851
201
99
458
74
853
128
27
130
163
796
31
543
653
498
264
749
950
329
868
67
837
731
689
951
627
420
888
158
310
301
743
78
606
588
902
930
28
858
532
497
91
392
473
371
318
303
571
249
689
491
447
888
596
323
69
650
642
23
39
169
80
174
602
440
848
532
394
873
597
748
612
284
289
296
124
658
746
250
159
87
100
429
619
741
920
549
587
531
737
752
335
738
231
735
568
399
581
461
936
897
373
443
520
145
395
278
227
849
14
902
496
931
595
115
149
303
572
46
646
496
774
169
37
83
936
236
324
869
911
565
638
209
294
627
779
42
547
471
706
75
613
128
713
137
225
650
735
737
772
730
307
499
651
368
86
251
246
897
194
384
203
463
182
442
238
112
634
45
174
56
981
413
747
620
774
68
668
276
119
943
557
324
181
242
709
711
620
323
669
681
888
722
52
151
782
570
16
493
904
724
336
932
832
393
924
909
196
122
518
127
111
582
170
905
41
447
951
476
308
625
234
832
887
160
304
530
336
381
393
807
394
652
708
367
519
358
429
240
862
846
556
166
621
569
511
172
738
671
583
378
939
337
768
660
782
654
777
874
778
510
588
105
540
153
296
165
246
597
625
473
265
227
265
989
548
701
800
203
189
814
15
534
987
910
203
79
182
416
276
821
327
49
797
200
665
503
838
922
289
340
956
379
729
190
675
288
319
637
170
464
909
48
300
714
690
140
799
517
934
890
773
830
466
835
608
48
829
682
315
507
652
527
963
787
297
388
396
172
708
829
952
255
615
265
218
204
978
39
689
764
80
119
408
697
353
591
434
876
174
574
482
163
315
369
105
877
534
15
745
795
286
346
950
693
598
829
549
966
385
420
452
286
656
461
184
474
719
826
318
193
133
423
337
245
786
574
842
988
819
812
358
203
992
343
113
838
591
495
648
694
458
519
900
735
779
95
666
325
783
398
280
779
408
385
258
231
597
186
930
917
444
903
534
719
624
489
892
774
406
693
912
55
848
147
245
685
836
120
722
30
439
546
388
725
731
687
194
412
864
979
678
316
431
4
431
363
913
35
187
592
877
378
489
5
97
716
180
842
456
565
972
538
610
56
551
756
497
479
413
457
143
442
193
356
381
175
627
299
767
26
386
217
531
433
527
341
256
903
692
442
875
515
580
812
180
180
500
484
215
395
999
656
887
109
223
482
357
347
191
531
86
320
454
244
546
999
669
977
96
423
738
235
656
908
157
24
577
714
439
944
336
760
971
151
250
415
821
554
248
398
935
168
809
404
594
806
335
809
608
175
215
912
592
174
883
221
900
450
317
335
829
349
609
394
390
320
205
469
949
135
893
771
590
524
894
247
722
859
533
633
309
714
424
863
228
178
761
778
597
598
459
159
649
783
701
38
492
969
356
842
918
878
22
629
993
965
984
15
402
959
64
908
637
437
575
904
610
473
150
743
868
448
249
388
39
521
401
990
457
29
300
266
401
643
135
745
244
470
955
472
815
533
341
542
191
863
784
541
308
416
453
520
516
925
314
5
955
464
737
294
800
536
743
114
52
769
397
156
707
995
339
989
668
161
944
530
61
505
735
12
96
259
275
776
170
479
642
371
834
80
728
436
511
647
875
134
641
437
139
424
98
560
196
442
142
57
308
534
149
512
680
425
801
917
651
933
386
556
582
700
455
996
2
763
104
220
378
800
383
418
702
802
708
370
458
116
591
975
726
725
305
425
518
63
899
507
346
977
744
815
800
788
295
681
340
295
72
389
809
335
895
621
346
870
126
67
906
846
765
904
945
538
597
943
743
450
963
416
907
154
648
588
621
789
708
658
786
851
602
341
269
500
239
546
18
552
628
137
430
525
243
127
898
643
295
709
775
703
900
314
603
402
117
504
137
974
492
53
855
156
636
552
81
549
410
493
154
667
826
511
283
379
686
657
676
682
153
753
144
753
234
874
765
542
44
173
232
384
218
539
623
911
248
122
304
245
196
17
320
677
340
545
501
431
9
98
172
957
296
871
663
509
401
799
902
802
385
217
30
497
650
107
543
414
75
559
536
553
978
971
413
33
557
795
664
314
904
173
542
750
992
385
680
590
326
955
681
795
464
646
312
13
289
631
83
582
657
19
371
940
703
142
71
890
698
105
649
987
695
447
53
482
669
852
79
592
844
403
683
834
620
714
56
583
994
612
574
515
821
403
695
995
271
591
634
486
39
960
546
739
411
892
925
973
530
69
312
984
744
306
208
950
506
160
603
619
737
429
517
329
748
498
615
121
222
362
545
295
903
979
928
448
447
463
611
771
412
391
879
881
316
261
19
290
134
701
422
446
675
888
811
964
611
924
294
730
185
819
601
842
872
141
336
949
431
765
139
128
127
582
489
639
454
216
88
34
388
451
827
123
867
206
317
72
595
885
194
979
683
133
589
11
532
156
460
663
623
722
176
615
215
158
368
255
89
623
868
425
304
520
383
430
501
894
230
585
675
777
910
887
408
860
58
118
320
443
201
273
348
393
102
742
832
667
497
653
882
309
971
829
37
182
663
4
413
842
491
842
478
732
310
651
853
22
363
951
904
375
956
304
593
151
282
168
821
114
400
948
11
46
432
960
952
947
741
984
632
47
656
513
71
483
86
266
533
157
197
290
247
778
647
935
10
184
864
312
203
613
562
248
402
784
920
511
581
538
943
335
345
864
800
536
555
976
785
8
852
886
396
323
403
234
232
530
196
175
131
155
790
10
993
910
867
165
638
639
816
599
839
212
596
298
943
284
750
625
725
986
798
964
819
373
22
210
889
294
834
313
568
854
698
500
427
17
512
938
63
378
213
559
219
539
222
401
746
154
451
585
621
419
816
28
734
582
669
117
504
102
248
657
178
883
154
679
658
981
591
482
430
109
343
196
885
617
401
17
484
188
544
964
453
64
29
74
994
657
91
617
608
647
282
5
982
775
203
303
628
183
795
522
520
764
147
36
723
306
283
861
242
967
455
951
401
476
177
201
883
409
630
194
484
164
181
703
655
86
650
361
483
434
105
718
968
547
277
610
776
0
968
889
32
287
933
924
69
123
961
574
52
363
952
922
738
233
852
667
642
12
600
615
845
19
971
497
283
357
664
138
111
706
226
651
833
639
221
897
317
578
800
701
777
427
686
919
797
587
483
238
930
884
492
759
292
373
407
896
444
64
98
192
238
265
935
981
618
653
93
825
438
613
890
337
712
301
844
867
104
918
375
700
668
668
880
628
110
524
632
159
264
422
301
720
360
451
763
275
830
276
95
303
754
726
139
487
490
765
509
748
545
172
403
289
724
223
193
898
901
989
587
641
811
621
614
294
185
731
808
163
554
159
488
490
230
875
936
659
949
55
7
773
795
315
771
808
621
736
771
621
519
371
523
419
999
399
361
535
220
374
36
47
601
900
804
995
838
632
556
48
845
655
404
930
314
519
563
734
475
109
754
705
103
603
980
257
715
386
337
942
975
231
882
699
176
125
150
63
822
600
755
571
365
457
849
792
858
707
528
278
195
560
794
475
729
464
154
166
633
600
228
719
293
267
542
189
346
791
788
75
259
447
242
48
482
352
170
281
798
755
253
53
441
6
6
341
744
335
466
495
814
934
900
950
298
653
29
391
668
807
40
681
623
770
387
362
408
658
970
187
500
579
38
119
256
323
3
37
786
411
39
255
277
688
758
359
714
833
426
485
505
439
479
751
119
644
469
830
353
25
454
504
391
881
104
208
236
363
333
958
594
968
101
756
474
194
197
182
257
988
41
445
742
404
557
872
791
881
145
951
564
427
858
766
19
422
493
515
298
394
111
348
452
795
57
48
690
495
711
624
347
1
926
561
302
402
453
201
396
862
229
667
667
386
442
201
988
376
260
21
758
236
839
908
892
855
181
31
561
301
390
663
780
813
886
445
470
20
317
108
336
71
875
292
578
579
794
931
822
146
454
489
475
285
927
352
558
880
399
94
354
919
375
505
296
107
148
238
794
328
127
398
25
318
418
254
854
570
861
897
581
961
289
476
254
473
892
214
686
195
459
985
370
832
166
433
883
623
932
288
253
17
895
508
121
505
435
622
411
27
664
336
478
592
512
834
362
523
834
128
448
763
707
572
916
430
822
955
33
622
683
167
419
402
899
625
310
884
948
784
988
482
663
50
763
788
7
870
308
329
764
364
912
525
621
370
237
779
917
244
846
971
732
734
769
273
134
89
378
42
16
344
869
163
694
117
617
591
386
597
919
789
760
485
218
844
708
960
312
684
597
270
271
627
499
186
635
888
563
472
707
263
347
505
867
850
857
732
436
320
30
691
552
420
0
663
906
413
93
577
242
253
827
999
302
385
660
223
68
476
591
234
243
384
258
96
450
786
787
676
104
833
766
539
139
258
240
127
980
155
659
298
223
802
610
753
264
193
148
184
993
993
621
60
0
544
160
432
429
505
657
919
90
350
830
298
419
108
342
791
660
530
282
935
754
751
576
162
697
624
934
490
157
211
139
64
389
620
993
46
553
481
431
370
524
563
579
796
12
916
45
549
926
359
566
284
663
968
951
461
678
849
126
344
189
590
579
332
557
311
17
974
249
95
441
2
331
757
592
572
323
790
168
276
102
173
964
732
899
217
900
783
449
833
73
207
748
366
538
139
790
909
477
667
34
144
866
594
764
520
657
751
876
720
228
200
769
553
159
164
82
126
547
802
191
83
202
67
727
367
436
41
739
611
512
523
15
358
479
494
393
998
203
121
650
301
533
637
233
46
243
687
935
186
767
20
933
268
389
240
489
805
149
946
832
732
126
383
653
942
108
530
975
157
424
341
89
393
230
143
923
792
228
194
366
403
206
399
5
278
654
153
735
203
40
866
512
245
36
550
375
948
661
826
547
689
990
696
702
375
540
683
932
420
167
801
596
731
522
345
461
272
330
642
180
191
147
838
545
569
53
466
450
780
350
347
151
109
553
990
853
221
348
747
534
717
71
767
413
279
456
925
215
99
76
841
509
611
872
281
206
908
941
24
770
185
50
471
617
565
483
690
569
981
567
773
918
392
568
353
236
724
180
247
97
478
88
800
718
188
539
582
299
267
736
27
18
321
454
652
443
182
66
385
471
148
468
524
129
200
415
395
662
948
705
732
437
490
786
764
802
935
810
843
244
361
555
88
214
62
246
917
683
355
969
319
546
558
990
996
625
161
95
872
758
956
692
958
865
661
119
952
301
814
727
884
101
83
441
275
51
630
534
990
211
753
117
351
991
871
200
233
356
200
332
253
897
600
610
155
527
346
162
569
188
502
152
187
610
988
350
543
901
515
601
963
769
451
488
590
825
467
47
255
444
816
282
14
226
875
180
926
981
470
280
803
203
107
582
109
167
744
303
681
447
371
916
529
688
829
672
95
293
750
599
659
687
886
934
750
846
851
57
731
510
988
875
457
589
225
848
783
872
196
247
757
805
200
459
226
260
308
809
367
150
164
43
920
775
789
3
2
865
291
963
718
293
345
817
576
334
659
185
876
401
555
626
766
28
919
250
788
680
28
765
498
497
673
65
482
866
18
869
190
509
374
64
675
176
304
989
404
52
999
292
160
118
450
660
617
224
700
605
906
226
295
2
460
626
416
979
85
987
111
472
685
657
170
914
726
930
181
332
336
304
464
134
63
492
988
738
498
468
499
295
392
765
403
299
944
284
255
542
933
733
483
489
164
991
33
525
516
951
693
137
41
800
945
547
845
157
494
815
916
389
72
973
762
909
268
893
915
491
304
981
750
398
47
819
799
115
224
71
544
323
667
0
739
808
911
702
814
454
258
871
492
190
358
555
324
981
901
178
488
124
65
998
789
609
617
467
801
594
44
698
750
906
443
381
705
195
687
789
55
275
911
431
533
292
819
925
115
979
242
696
580
163
20
115
908
418
581
563
847
648
239
523
786
31
178
301
416
750
819
378
435
312
94
489
181
762
729
190
913
626
823
346
347
483
702
985
905
532
862
545
573
480
286
718
0
96
500
514
28
661
600
474
406
562
174
804
294
773
782
372
644
438
498
813
873
184
875
228
839
885
408
65
950
615
477
87
996
536
588
715
144
330
250
137
564
819
544
289
652
385
292
473
855
939
348
924
57
112
959
464
34
232
904
925
311
992
991
905
907
811
606
561
625
60
29
250
241
897
378
22
324
817
768
41
102
701
19
235
160
740
446
992
430
553
65
827
83
407
778
361
999
885
686
738
923
117
421
162
137
254
455
109
994
345
791
930
373
368
114
182
433
130
260
73
424
484
863
542
712
434
121
571
350
82
953
489
161
153
357
653
57
743
356
221
682
518
379
374
105
376
774
402
113
430
996
631
946
197
335
66
512
442
199
643
979
367
115
290
504
421
347
647
851
25
220
55
495
683
841
275
772
25
26
210
204
851
700
782
330
552
557
628
711
518
338
333
866
998
207
834
803
501
753
844
357
318
460
513
590
854
461
555
668
176
795
898
861
254
390
674
171
513
907
543
906
359
580
156
896
36
609
611
944
252
869
687
594
884
23
526
866
584
610
370
716
887
612
950
89
683
720
94
977
76
912
111
165
428
210
149
399
149
565
348
761
39
657
718
310
557
681
290
1
415
350
990
360
571
113
779
812
324
860
911
704
517
309
712
844
487
712
732
797
453
512
198
66
993
122
499
733
407
815
922
732
103
100
281
956
960
295
156
369
424
503
761
540
392
0
407
106
684
546
517
188
416
670
39
80
566
405
282
372
757
204
161
842
467
263
464
772
418
17
390
389
913
221
680
874
913
629
919
100
272
84
219
522
91
794
466
839
699
148
897
317
146
684
795
213
384
460
175
197
422
339
139
436
995
290
223
749
836
334
237
837
30
234
924
698
592
840
347
547
684
596
482
414
68
220
76
402
801
360
146
554
198
626
273
625
43
578
939
968
262
89
779
730
867
760
42
617
892
381
270
255
308
128
338
650
470
304
377
588
379
285
140
886
311
186
307
425
613
545
88
281
593
370
999
831
179
50
274
329
284
396
712
600
272
486
509
285
556
899
613
272
265
904
210
591
166
565
54
72
716
67
434
564
226
892
900
839
385
171
375
24
210
57
988
289
588
473
815
907
537
881
316
818
664
157
912
608
973
978
741
761
692
795
157
139
581
683
767
239
170
25
814
576
68
185
223
871
490
884
395
705
683
614
347
38
499
504
730
926
362
306
284
921
618
975
540
931
271
852
386
75
361
950
940
823
836
919
563
550
281
45
887
185
429
23
269
271
799
469
220
51
799
723
495
500
146
273
20
977
962
594
723
559
642
615
739
456
920
376
358
873
435
310
445
945
83
504
478
449
879
856
417
165
586
480
738
389
583
719
305
600
676
826
86
686
131
9
351
991
762
799
820
470
292
197
937
52
537
276
810
122
24
148
38
870
789
886
114
457
406
523
559
4
719
463
389
372
669
414
934
249
488
697
111
358
17
180
169
366
571
575
30
348
486
751
983
164
990
288
146
716
362
82
769
529
464
638
566
431
527
547
626
424
796
248
573
72
838
584
735
67
221
750
261
908
628
243
704
946
951
539
703
969
8
32
420
27
524
249
884
305
146
380
408
450
404
867
609
830
742
733
672
751
91
324
187
197
926
942
172
269
822
634
660
317
75
425
884
494
541
751
892
814
669
548
468
466
683
732
823
637
917
135
920
103
673
133
365
100
281
122
992
903
318
370
261
899
88
609
989
879
201
985
328
12
913
25
218
228
676
663
708
432
760
690
875
485
203
22
134
941
73
84
184
166
194
821
350
609
698
988
307
144
795
189
422
877
541
22
653
812
597
784
43
756
995
577
629
687
749
906
346
483
529
344
816
948
296
306
931
928
678
77
97
399
470
47
985
829
915
990
770
14
881
764
792
285
177
410
73
712
611
566
157
67
654
370
828
359
651
50
265
95
632
34
436
207
112
386
766
898
607
319
29
806
907
790
544
710
479
232
564
964
713
525
60
200
595
334
127
922
919
403
219
680
195
294
704
628
124
154
728
886
438
475
874
377
969
347
133
900
928
318
282
519
11
235
610
880
629
352
286
89
464
993
46
608
179
628
497
19
549
516
699
309
212
847
485
522
326
206
237
403
689
122
798
750
838
349
819
365
47
964
677
257
721
943
356
186
149
257
898
558
113
283
355
165
156
512
457
85
102
164
684
934
205
238
622
147
260
71
300
739
550
341
632
388
376
521
451
220
181
841
585
963
931
931
349
984
778
920
363
638
197
864
124
506
569
591
964
316
26
763
479
224
837
217
154
904
408
196
399
191
462
9
640
557
383
377
996
610
891
812
311
265
167
902
147
835
568
401
541
940
637
695
867
214
761
762
65
471
373
995
210
418
372
227
36
64
544
912
292
616
219
639
16
586
232
723
44
388
607
832
468
31
535
927
33
241
381
838
527
63
19
994
658
791
757
916
992
0
540
733
546
846
485
863
172
182
140
442
892
826
489
200
671
913
837
630
647
142
582
783
417
211
542
278
18
379
434
735
298
305
806
331
448
136
718
871
101
663
919
704
821
968
891
381
384
262
124
16
224
201
128
170
186
640
10
970
30
209
385
634
748
463
218
943
836
921
977
363
936
331
485
392
310
212
993
666
228
699
174
938
632
910
38
27
400
224
779
443
563
374
934
960
363
807
836
580
114
318
75
6
433
645
730
502
600
768
502
525
727
490
9
503
963
352
812
742
525
849
245
300
12
966
308
332
314
828
160
102
308
146
55
670
731
929
930
519
200
352
374
809
693
937
631
307
454
388
215
847
342
645
773
666
997
924
848
340
927
858
2
2
384
315
794
405
628
76
761
6
867
401
686
569
761
739
374
923
124
685
203
410
662
146
957
824
387
773
590
178
388
53
870
931
2
610
63
528
142
592
803
112
252
735
962
914
384
636
240
579
169
736
467
154
315
803
826
754
785
621
32
228
294
265
616
997
956
446
715
691
430
707
357
584
800
46
781
473
622
273
907
278
778
369
180
285
735
957
912
613
827
287
805
924
553
402
60
453
52
305
625
346
160
999
225
530
897
129
660
8
967
444
17
704
122
412
945
165
583
170
427
164
405
513
511
511
305
325
302
391
725
256
926
313
767
258
628
971
629
757
506
532
335
683
840
325
461
684
598
352
503
775
496
155
348
124
658
33
73
44
531
942
859
406
774
684
288
695
674
206
432
477
996
625
849
536
811
338
495
198
273
704
19
857
193
407
322
399
827
614
471
941
869
894
411
128
516
71
15
443
960
496
756
110
173
195
258
521
901
459
293
37
307
810
166
483
51
916
142
379
270
386
485
99
849
179
408
522
100
357
320
928
600
204
583
876
26
205
270
657
60
34
706
742
667
179
669
745
611
596
161
687
862
536
375
10
851
58
334
760
419
444
471
196
296
31
236
107
990
733
337
621
587
526
419
781
723
925
92
863
139
934
857
581
615
470
747
471
296
767
609
205
61
567
855
977
866
748
808
54
614
342
358
887
526
8
186
61
23
116
295
393
753
971
905
922
246
30
987
180
914
213
270
414
181
297
141
117
116
391
773
874
909
659
370
84
641
230
245
996
780
486
810
796
703
505
197
682
879
782
68
719
70
320
448
726
896
655
309
171
944
717
385
58
864
938
561
153
168
748
783
547
213
446
520
810
659
916
898
408
821
872
234
410
161
588
291
866
737
789
803
583
308
169
31
43
347
333
383
545
390
668
61
833
983
600
614
897
559
366
491
129
589
730
881
251
413
302
796
654
573
176
314
278
722
295
540
265
113
281
472
232
345
421
241
0
702
23
488
428
113
70
164
617
762
806
788
741
416
138
854
21
703
794
800
770
968
900
803
743
854
314
423
922
756
72
449
420
125
505
330
239
627
493
1
443
681
505
137
541
692
235
789
564
420
823
495
161
576
531
120
354
999
844
729
675
635
491
664
459
368
32
839
750
555
113
935
988
269
47
170
789
359
669
109
143
927
741
388
182
984
833
791
742
72
979
162
560
522
354
435
791
564
945
444
870
948
518
25
999
755
572
811
434
939
221
819
737
893
567
690
589
707
921
21
974
580
67
726
635
798
768
61
412
541
985
894
449
329
406
443
402
166
939
706
41
334
710
818
351
953
105
655
498
532
512
309
616
519
752
704
162
761
81
18
552
478
170
398
245
496
944
786
247
427
658
25
141
818
572
622
341
496
222
205
417
385
201
859
653
871
629
926
784
360
138
854
157
52
705
451
893
772
597
33
970
118
100
54
122
549
652
892
918
101
828
41
630
669
368
235
12
781
600
474
697
223
606
142
991
554
418
191
685
617
387
244
904
650
68
75
716
986
49
502
655
909
645
375
870
412
586
922
639
784
523
209
441
226
681
493
420
93
688
799
417
395
734
663
221
699
840
796
616
468
848
370
940
52
334
786
396
354
538
187
50
9
388
198
565
997
696
519
630
120
801
143
333
309
433
927
301
646
202
23
984
881
884
708
136
845
539
767
252
186
500
498
931
551
445
903
375
29
750
377
305
744
80
691
326
629
104
607
419
791
431
678
858
948
281
902
864
509
617
867
746
626
925
948
412
339
899
566
269
780
952
902
738
368
208
383
622
894
176
507
211
705
395
206
792
673
380
958
759
295
417
983
50
749
345
172
297
188
986
8
570
503
441
458
37
709
743
174
987
300
820
479
275
825
818
379
232
876
377
784
227
199
642
26
968
751
491
574
207
924
14
88
170
947
910
545
774
898
175
429
224
827
72
808
965
178
208
353
997
704
58
758
206
210
583
143
177
972
343
215
482
631
499
108
681
130
906
880
80
612
117
392
305
191
777
353
94
296
945
739
732
299
310
22
172
364
804
537
39
808
137
537
598
226
205
878
276
649
633
658
776
879
93
154
986
132
602
263
345
617
441
966
415
432
246
99
434
928
676
693
192
367
486
410
398
840
280
603
37
221
0
107
762
966
820
649
752
286
472
612
659
302
996
134
892
299
584
905
196
691
149
351
295
421
642
62
783
358
943
391
114
472
346
927
921
357
19
247
949
41
182
334
688
838
597
863
517
992
231
189
398
728
721
426
16
863
152
679
157
648
440
966
325
496
715
499
458
289
617
977
903
569
81
297
443
762
898
988
768
771
168
426
547
572
62
35
368
935
492
147
499
73
613
379
812
647
384
202
688
894
465
643
569
955
524
911
202
529
133
139
208
608
438
796
32
378
254
519
441
786
682
261
438
742
619
91
659
995
357
96
152
495
207
320
55
89
155
190
486
77
35
30
642
939
246
783
552
863
966
512
329
444
103
266
833
866
503
50
