856
226
946
356
959
32
890
808
348
421
685
110
124
327
664
980
283
178
921
317
869
478
127
851
936
36
788
870
302
534
94
942
329
619
69
201
735
875
760
241
325
605
400
69
240
587
614
194
54
894
352
590
347
404
654
530
24
786
939
905
445
335
975
865
959
616
577
148
125
217
890
27
492
726
965
712
315
135
194
903
361
65
626
873
834
55
996
572
912
172
438
986
181
3
584
747
751
637
362
362
797
38
501
170
918
701
927
427
569
558
480
61
318
742
385
95
107
258
317
309
827
693
560
828
954
932
452
50
787
239
82
127
58
622
821
530
853
557
98
346
493
398
236
346
210
665
716
863
109
635
189
377
31
881
37
595
766
495
320
17
289
681
783
422
872
524
845
935
614
538
778
568
419
625
881
32
674
399
788
843
289
725
55
76
247
148
634
277
752
488
112
693
307
207
900
580
540
198
355
182
838
553
548
969
192
749
172
469
360
332
927
376
302
907
72
475
863
355
538
148
178
299
407
888
942
158
909
365
442
430
697
57
79
141
251
955
376
620
865
948
570
994
760
897
382
994
996
80
667
754
705
333
424
619
234
480
15
906
311
780
93
666
756
886
142
971
27
104
694
739
612
817
602
23
731
819
533
95
575
737
703
836
315
155
455
582
822
487
441
806
309
190
802
860
815
984
216
910
129
453
695
446
560
49
134
199
516
874
928
204
805
201
663
205
701
179
850
734
724
835
823
622
587
982
804
921
368
819
271
794
416
445
662
961
3
990
257
237
96
969
475
774
633
52
935
761
50
153
334
385
635
655
343
486
261
786
240
205
817
659
737
956
356
869
808
832
487
574
950
141
266
806
657
361
176
175
763
909
214
936
975
953
846
160
211
515
688
932
961
428
71
405
24
687
705
689
640
191
104
468
755
716
679
706
470
841
438
868
839
669
294
221
472
820
688
464
537
257
151
120
532
282
382
779
922
688
972
820
923
106
652
276
43
637
801
268
943
706
543
825
471
924
44
812
654
292
406
981
588
963
998
331
708
283
834
779
305
338
280
83
980
924
725
922
377
93
814
294
272
40
6
368
479
462
639
120
988
830
284
705
167
933
714
993
406
915
966
240
715
490
721
394
648
715
633
898
771
870
889
180
596
462
745
519
907
856
544
574
190
462
445
778
560
572
29
286
206
949
343
238
83
67
628
372
811
49
482
104
252
719
127
532
872
106
602
137
391
189
405
170
682
328
447
939
10
35
790
109
47
415
833
569
196
257
107
894
880
828
844
569
344
154
802
760
255
318
670
59
303
217
41
359
361
768
708
256
881
238
38
539
405
795
144
877
612
864
613
468
675
262
301
688
730
947
753
916
414
528
184
623
887
81
336
378
882
721
33
102
817
234
563
243
197
230
703
383
726
366
123
89
137
380
151
993
184
542
237
734
56
762
398
179
60
800
414
431
126
137
209
343
246
282
16
386
91
893
332
273
334
68
955
682
790
506
7
680
861
24
419
24
202
809
602
513
680
563
760
497
244
226
162
137
924
11
137
140
434
954
905
865
775
680
536
314
685
148
257
73
621
605
200
230
447
385
257
855
824
261
993
461
182
898
422
990
598
88
314
93
830
842
570
130
567
517
270
407
506
918
57
736
124
255
143
326
436
54
918
24
953
763
110
454
184
923
210
20
418
981
784
208
741
497
493
936
489
992
441
602
395
620
194
986
782
973
517
113
29
988
143
576
429
672
545
114
791
226
778
590
515
415
166
329
432
691
964
599
881
220
782
634
337
794
834
401
543
72
189
214
804
55
78
860
105
992
16
810
686
132
714
273
926
786
809
294
14
163
581
204
915
318
672
313
283
651
483
219
699
582
947
639
544
115
864
526
386
520
54
853
162
803
621
711
389
808
947
825
184
175
546
697
315
873
243
108
354
357
25
595
598
259
883
993
227
811
705
676
762
139
432
549
23
108
888
158
541
831
26
855
405
466
335
772
869
345
228
439
957
754
850
229
492
697
402
80
601
629
229
385
295
493
649
943
864
731
591
688
226
379
1
515
374
631
730
800
517
51
358
965
573
439
336
734
402
663
458
671
88
331
407
457
987
971
829
63
681
539
950
963
200
63
637
850
762
963
77
849
47
962
509
3
865
225
568
896
594
382
242
147
137
18
100
40
276
9
736
544
264
722
48
18
715
559
841
16
706
3
165
291
255
906
934
116
291
298
334
633
841
540
747
127
746
975
880
802
61
705
383
823
910
363
219
785
735
528
641
88
333
553
158
547
825
880
867
597
87
423
590
707
995
293
779
441
903
316
831
100
145
410
813
831
529
193
281
997
145
189
849
63
109
818
420
123
321
592
538
362
642
300
451
212
580
36
29
82
595
246
149
592
574
725
886
781
173
137
263
928
419
971
182
705
790
834
234
553
731
988
775
255
647
205
763
743
113
29
285
105
515
409
141
836
671
376
774
509
189
568
808
528
50
797
547
753
805
837
413
696
108
371
12
951
355
621
192
169
380
756
15
792
802
793
548
395
735
439
922
978
518
632
770
216
843
927
140
276
462
927
561
108
126
206
791
158
74
786
199
36
507
751
728
988
61
785
558
633
332
300
901
865
955
254
7
532
552
382
821
158
60
851
114
537
206
163
59
754
599
463
419
502
920
727
523
840
135
783
383
842
937
117
899
654
857
134
332
160
991
85
299
66
771
607
500
611
904
494
557
989
999
759
202
673
160
946
253
938
29
838
586
234
290
814
993
109
460
420
349
688
882
240
73
685
777
46
610
62
753
353
232
524
389
808
334
771
592
547
576
251
234
729
732
326
235
170
698
145
454
508
973
153
942
964
59
779
55
3
41
255
243
403
696
162
837
668
220
631
490
39
34
730
387
966
321
481
375
398
826
190
958
90
146
261
544
445
566
927
307
83
221
81
388
989
993
484
428
336
175
97
556
57
311
217
908
391
693
902
684
620
285
410
846
569
870
162
714
694
245
926
417
259
26
272
830
853
815
998
214
200
245
814
40
221
49
781
336
705
36
435
941
379
168
431
538
911
910
131
314
139
452
492
636
589
747
24
590
767
639
595
46
136
896
128
948
672
142
737
931
368
305
756
406
796
22
458
39
430
405
100
251
920
175
996
425
646
198
389
897
398
700
488
817
348
941
357
611
534
345
714
210
768
81
483
563
365
355
998
241
260
681
625
632
435
891
323
11
58
813
331
465
814
723
545
634
552
280
384
520
633
662
708
225
181
912
573
96
690
620
400
611
347
604
231
31
469
355
52
199
109
652
495
108
395
486
937
646
16
221
733
297
632
282
898
411
939
538
687
177
70
540
820
257
536
507
136
667
996
603
116
249
867
881
100
141
146
851
781
337
127
679
344
969
460
816
145
717
446
730
540
506
765
271
645
785
831
474
474
535
555
720
783
115
255
310
30
823
231
918
849
694
411
139
341
627
931
388
77
538
641
294
768
904
563
385
944
116
500
244
832
345
295
869
57
244
7
73
105
488
277
697
920
201
110
717
504
397
80
26
153
46
370
864
591
541
790
911
185
648
435
263
342
676
139
798
517
182
317
595
713
515
72
458
855
775
126
409
382
130
960
367
434
31
955
572
933
950
39
436
163
649
336
269
336
780
483
847
760
749
919
763
458
291
789
156
306
691
37
259
754
174
350
254
212
14
458
456
582
503
228
452
259
466
631
219
306
549
260
189
445
918
319
732
816
206
671
315
612
571
944
62
327
53
271
836
810
594
361
486
975
372
720
43
900
576
571
100
25
883
473
459
833
61
50
577
568
847
530
996
