250
383
325
910
888
570
116
633
298
155
706
441
340
755
369
490
263
497
383
974
686
605
494
90
732
852
810
25
164
377
755
763
560
884
498
330
811
906
407
633
266
161
865
186
516
854
143
906
131
813
748
378
731
676
208
37
367
813
600
873
707
846
816
20
363
702
87
164
866
46
264
675
768
513
721
414
467
522
308
720
542
185
803
327
663
513
792
475
409
377
930
70
922
989
164
61
815
240
544
546
916
888
89
754
480
902
990
314
692
217
50
841
756
606
128
161
534
334
987
552
256
76
140
190
670
673
261
370
825
478
586
845
643
757
87
178
526
725
244
721
84
456
222
287
697
346
599
484
661
264
973
896
278
611
960
786
579
296
605
263
595
333
200
108
99
450
638
624
982
945
496
520
695
283
708
408
674
881
125
403
160
12
314
224
833
465
36
241
228
636
9
528
218
856
102
489
969
457
450
742
364
78
757
795
624
422
39
743
113
806
109
987
98
212
830
394
852
707
147
221
774
11
53
906
546
548
593
656
432
191
422
186
612
993
976
109
891
301
108
992
211
309
451
127
176
277
148
36
802
940
850
763
540
967
933
8
296
748
524
567
101
384
400
463
707
517
187
148
205
588
999
815
357
42
812
29
373
866
1
97
585
920
4
974
291
773
492
797
430
844
299
608
500
543
706
577
427
455
284
761
658
598
692
33
225
963
875
638
830
609
793
77
852
660
645
243
750
841
351
383
186
617
171
639
784
122
88
668
801
834
982
435
245
921
943
936
540
33
764
57
286
165
744
244
799
563
929
182
930
239
50
777
318
878
270
882
190
908
448
788
641
434
422
580
682
727
91
74
971
82
459
352
570
649
825
306
142
866
421
19
538
563
921
744
695
823
642
642
961
16
916
566
472
956
318
713
918
374
693
146
520
817
237
536
70
755
329
588
156
812
211
837
699
713
640
670
410
865
843
414
45
52
425
412
488
595
732
869
885
208
321
244
817
515
773
300
532
413
4
717
71
373
274
40
952
197
82
753
641
176
819
104
880
90
219
212
375
20
996
733
538
258
355
388
600
459
495
321
627
85
286
241
354
354
995
538
30
59
804
924
578
471
488
821
51
607
614
721
687
162
424
821
602
720
182
350
643
181
895
971
237
309
859
276
297
94
356
797
81
742
418
442
143
98
589
905
220
696
349
927
389
945
654
968
840
606
984
943
388
438
442
541
982
810
734
786
776
262
288
101
740
396
648
866
542
13
295
567
695
111
782
882
830
534
889
115
737
152
91
777
561
170
43
284
547
584
884
671
379
541
859
608
171
591
929
693
906
765
560
724
432
665
427
143
996
572
422
26
944
666
412
602
789
843
871
556
456
115
985
415
766
703
457
376
956
948
450
744
294
422
302
972
577
617
992
328
325
592
991
320
362
672
950
349
659
432
272
129
896
519
953
671
861
577
799
369
72
415
567
792
504
43
77
274
441
77
651
347
732
357
490
906
410
494
279
166
33
178
804
310
640
295
111
866
756
510
824
321
365
213
772
47
451
856
399
443
410
568
22
331
252
135
618
428
45
951
105
809
490
55
110
639
67
289
985
396
207
211
529
970
879
616
37
555
139
386
402
922
352
126
527
996
851
795
236
649
23
568
497
907
34
138
51
114
934
792
777
25
251
955
276
112
673
276
301
959
499
356
833
660
40
282
799
602
187
533
499
78
683
766
795
806
580
136
790
969
244
95
828
149
946
2
47
321
792
919
801
303
337
122
97
45
685
577
645
745
258
887
27
599
21
211
698
480
54
188
483
176
458
708
813
692
945
789
982
639
967
868
725
672
680
825
988
337
332
536
588
398
883
519
168
215
890
44
819
604
859
171
166
797
619
849
810
571
836
736
931
134
403
63
61
804
644
716
304
587
9
705
199
779
290
33
815
339
414
373
875
214
831
808
708
506
412
19
45
309
128
253
532
780
295
499
348
905
649
504
368
576
255
401
899
534
267
320
315
895
68
586
283
482
638
751
255
163
24
662
443
646
487
706
172
186
968
862
936
778
443
224
729
827
539
572
124
570
577
432
176
726
384
287
762
957
124
61
878
22
108
214
335
706
622
939
535
783
209
578
603
746
294
536
902
753
456
830
910
75
242
734
627
5
320
696
379
681
157
949
738
212
251
879
503
621
642
219
986
973
463
716
210
16
174
789
155
414
411
491
492
85
193
989
262
351
77
321
489
428
309
148
537
932
914
381
69
195
125
214
528
609
278
896
136
349
167
563
692
701
7
727
787
173
218
673
903
305
582
613
545
569
96
613
782
848
213
683
150
193
437
49
773
687
201
914
451
6
573
572
358
363
640
485
831
909
745
55
482
455
476
858
839
244
698
556
549
613
351
559
654
497
508
375
150
594
44
158
685
240
828
462
204
228
508
115
692
523
82
427
489
621
478
730
598
817
295
686
555
599
196
548
593
657
399
709
101
455
892
200
875
637
824
365
282
972
629
571
693
442
809
47
866
102
365
979
835
148
771
550
474
569
913
173
954
60
387
838
120
561
365
532
857
195
101
124
188
254
471
867
576
438
554
74
96
111
920
255
251
394
443
441
521
800
738
719
326
918
531
438
899
197
146
662
938
885
624
399
887
526
351
693
855
491
273
13
280
731
793
107
423
861
209
274
321
431
402
447
673
755
306
114
944
959
600
521
67
432
243
955
638
970
728
806
7
421
690
166
173
176
84
787
766
155
618
157
648
396
758
903
975
352
886
349
797
579
410
123
728
398
747
843
206
100
575
530
539
833
113
888
963
399
446
331
171
431
354
583
505
448
809
308
372
431
721
883
117
260
13
286
93
892
76
588
353
152
752
613
145
770
355
432
550
311
594
863
9
829
102
827
64
778
312
866
411
806
425
889
613
95
588
799
734
415
995
321
253
140
637
259
963
795
266
73
563
506
293
411
533
313
72
566
609
956
822
741
209
376
361
739
600
751
900
227
998
26
226
510
253
738
237
104
982
26
547
464
581
541
563
706
923
264
501
531
33
819
440
536
658
233
477
812
458
257
456
924
707
65
638
640
966
734
130
240
30
291
410
568
504
619
487
682
734
548
978
255
931
42
945
457
898
101
144
840
199
577
109
351
751
840
540
538
123
14
545
606
662
296
812
709
16
337
5
357
404
51
977
148
956
647
502
899
948
809
56
107
748
690
862
872
958
515
134
545
640
972
797
840
996
814
835
780
194
971
771
537
95
904
232
265
470
547
178
369
973
927
608
74
275
649
640
571
326
559
90
440
857
76
514
304
786
282
924
688
617
988
58
432
604
895
953
855
111
685
906
913
393
149
156
561
899
250
910
315
753
150
98
507
282
139
510
60
341
63
636
78
921
401
320
447
847
692
890
36
891
847
201
493
460
886
0
947
837
513
101
190
852
502
716
63
272
85
26
662
496
129
885
641
855
934
569
186
331
651
109
828
372
366
860
826
274
198
240
100
935
649
337
823
963
434
194
7
990
910
581
771
257
404
701
829
126
791
920
733
285
681
872
650
632
29
287
652
374
945
528
856
476
782
21
433
482
158
722
544
881
601
936
479
370
876
134
439
698
71
26
804
177
336
917
858
586
993
629
975
125
675
60
229
232
342
925
481
804
318
231
501
716
899
210
278
400
669
550
75
935
770
330
651
651
734
82
481
158
558
659
391
267
329
688
164
47
779
182
164
823
55
964
18
635
368
572
84
31
532
607
947
194
798
141
470
391
286
218
474
817
223
756
976
556
29
272
499
950
33
892
84
909
43
631
876
874
195
677
973
146
747
383
741
206
333
935
336
216
252
609
714
894
273
228
614
795
805
688
997
264
902
466
126
874
544
595
486
5
473
87
29
159
0
536
517
319
555
899
999
883
228
522
436
385
808
848
588
270
820
132
175
786
36
997
870
180
201
948
949
585
37
966
15
576
958
96
846
825
422
877
717
340
635
75
596
127
767
428
968
199
54
136
788
14
31
8
840
933
202
269
756
17
604
183
697
874
978
274
764
145
751
202
384
927
787
119
383
394
659
35
844
538
143
233
880
394
541
640
832
507
415
860
335
50
762
782
981
201
414
561
124
394
957
757
746
328
194
850
592
344
376
474
14
989
668
457
608
722
728
808
129
167
844
660
947
558
739
294
176
384
55
379
945
865
306
564
136
578
267
440
507
709
601
460
680
162
135
725
975
560
620
445
41
976
990
865
531
427
362
291
959
772
866
59
575
592
307
72
22
658
498
333
461
203
379
78
431
903
286
993
178
898
806
474
731
937
935
951
92
421
220
370
396
433
146
157
259
725
628
871
768
660
627
508
322
80
314
916
943
118
980
234
788
795
618
700
426
469
61
450
201
630
660
375
260
187
707
29
400
684
192
733
794
724
755
987
828
631
353
424
308
115
941
250
378
919
420
302
51
785
947
6
167
844
215
701
467
830
409
566
939
879
516
197
312
309
556
725
802
61
669
681
794
340
125
550
223
91
919
541
515
697
13
607
488
970
289
193
861
765
824
846
775
468
220
148
278
532
332
454
197
84
658
113
525
723
552
227
375
402
48
197
196
104
535
857
275
436
85
822
293
365
444
48
897
606
963
93
919
133
214
730
91
66
443
756
241
845
579
75
703
232
867
385
851
28
806
480
833
591
745
553
529
386
482
584
372
553
670
213
721
268
966
758
992
771
613
367
625
782
744
428
778
322
515
869
12
839
964
48
97
542
310
749
852
520
805
146
876
226
288
631
854
525
128
828
62
1
179
638
123
986
245
632
308
722
61
582
507
998
327
109
700
237
835
7
89
891
113
962
846
836
614
752
844
467
104
537
44
322
403
396
321
852
333
429
770
638
396
288
179
621
330
131
304
577
626
882
861
558
658
916
573
443
764
59
29
699
411
265
547
145
318
429
712
505
44
141
656
738
805
270
618
847
433
143
272
397
207
99
77
390
204
340
293
891
62
445
782
161
347
136
753
659
187
775
781
29
207
6
144
760
860
756
139
465
936
947
481
685
424
301
947
703
771
318
315
249
223
833
411
593
238
539
74
714
996
35
170
564
424
907
41
62
469
312
481
24
531
868
302
61
735
525
772
789
676
495
155
688
308
852
56
526
855
364
569
428
830
631
420
906
933
823
372
287
11
779
58
269
455
294
660
786
176
87
132
819
705
505
416
629
504
690
385
910
538
440
274
165
997
503
431
914
600
760
959
272
867
620
208
191
151
342
742
46
809
966
791
326
296
377
846
802
904
998
337
443
19
347
154
991
76
910
959
73
927
497
646
596
144
372
120
680
182
742
120
464
12
662
121
298
324
35
617
693
648
444
446
601
535
242
740
576
968
985
432
859
5
877
315
551
743
162
646
150
882
243
7
761
493
716
886
979
473
771
246
249
595
681
835
78
344
119
748
795
508
731
741
19
479
754
237
165
916
751
486
475
262
714
158
895
442
476
81
621
108
286
273
563
351
1
219
148
428
624
255
189
605
665
764
551
647
395
469
587
626
218
916
75
943
941
434
109
109
345
360
715
607
934
748
229
293
535
348
921
702
55
920
424
663
719
263
993
738
620
953
579
830
117
644
900
175
770
598
799
930
815
341
826
136
248
670
917
500
32
792
398
58
570
236
258
749
136
244
70
973
809
381
324
540
564
98
968
236
411
422
842
855
852
453
70
945
313
272
431
598
455
772
834
924
579
934
558
996
352
669
538
331
102
379
735
879
164
545
932
729
38
87
897
854
129
293
787
632
59
976
813
695
992
148
784
944
584
435
769
632
852
223
953
168
655
666
330
980
793
999
956
33
125
68
472
459
797
823
692
816
772
786
357
653
889
924
267
235
723
141
790
821
952
510
774
408
848
507
16
95
398
894
740
482
854
842
795
19
497
320
854
126
270
449
354
962
36
32
576
647
2
851
705
854
391
686
94
543
437
268
725
508
783
964
679
920
260
76
263
738
988
100
981
660
783
905
49
83
445
980
483
130
768
118
462
263
965
955
757
490
418
97
973
886
169
587
763
157
666
414
455
972
239
231
773
760
257
254
332
443
313
964
392
575
736
205
402
102
671
849
399
195
539
805
669
489
792
168
714
943
646
621
911
420
81
605
810
788
122
478
585
727
595
67
298
874
216
585
608
621
833
780
287
696
60
540
680
651
463
695
705
232
611
908
12
279
916
9
687
334
317
98
427
291
544
463
510
111
115
136
588
713
94
967
914
684
217
651
523
870
395
900
427
734
100
384
657
824
740
729
41
833
589
64
39
754
163
586
136
555
261
13
18
733
339
752
500
707
46
341
936
534
407
323
437
940
535
220
770
661
942
959
524
89
896
219
968
537
849
594
556
952
97
853
151
510
883
817
953
458
743
758
453
496
159
384
340
190
367
588
251
159
526
121
20
35
881
696
42
163
262
569
829
756
693
723
302
328
3
800
389
171
792
451
38
32
881
63
818
873
400
837
681
805
935
97
996
273
163
194
713
102
605
772
401
466
588
44
171
430
454
327
347
411
574
975
421
306
7
235
43
711
510
266
487
433
413
836
970
273
132
477
322
132
138
879
610
494
82
315
779
813
257
219
624
839
259
983
568
809
613
730
821
318
829
552
737
320
389
766
48
397
119
166
32
249
690
78
205
852
531
404
401
704
823
880
504
842
964
926
370
474
112
406
386
408
681
362
987
573
859
164
363
419
320
985
391
690
49
101
493
657
619
644
417
389
125
258
903
856
542
17
991
185
907
941
775
227
630
381
458
725
850
799
622
335
43
416
860
955
818
944
312
863
398
134
880
550
614
477
25
13
907
970
628
833
443
169
680
170
40
227
265
460
15
542
679
251
867
465
961
488
634
803
576
764
712
375
792
775
703
261
945
958
912
840
268
423
859
431
969
434
227
859
869
822
525
772
104
44
966
64
108
708
12
881
650
307
757
530
183
174
532
510
396
101
738
501
923
846
672
235
949
397
995
846
40
278
689
509
358
271
983
936
753
404
501
712
650
640
361
779
721
148
128
75
14
696
419
173
566
692
670
401
169
497
4
27
752
672
814
116
501
846
2
221
394
236
704
754
507
183
232
7
512
344
839
98
730
938
137
76
15
794
760
213
609
832
706
915
768
610
849
495
144
151
443
148
733
79
834
100
83
348
630
521
522
340
934
373
334
406
454
991
404
287
627
11
1
392
857
604
157
390
213
368
356
29
102
112
973
834
150
979
220
12
599
870
226
221
825
746
228
667
856
249
185
981
634
254
652
532
93
129
730
433
815
300
45
381
992
806
863
0
857
81
907
929
440
873
885
247
331
475
601
962
642
575
952
657
945
844
288
481
771
559
827
182
610
456
463
537
451
457
294
30
887
563
547
849
627
510
349
397
937
389
497
720
711
764
335
38
485
40
799
521
461
849
492
626
179
662
262
878
60
469
694
320
563
517
114
567
973
378
8
612
902
196
407
210
469
101
881
506
226
693
606
369
544
940
882
833
366
67
597
457
991
415
107
922
729
947
706
31
939
0
281
607
479
636
489
299
615
373
715
662
443
136
96
526
737
155
824
734
526
899
322
821
640
834
994
655
998
848
272
501
535
597
885
499
407
257
633
607
296
624
192
641
525
733
803
819
786
434
722
462
135
705
815
534
459
91
846
123
109
458
568
182
30
468
127
188
331
751
292
874
854
451
84
797
635
625
9
572
272
38
276
821
118
771
776
24
773
221
579
780
468
180
110
724
485
890
379
958
142
897
805
128
276
737
947
903
930
542
671
317
520
322
531
830
71
644
547
183
680
4
205
172
436
625
53
613
310
162
285
724
653
845
946
845
654
935
722
434
334
225
841
130
908
987
274
590
909
783
274
0
353
269
57
960
755
575
490
956
31
280
274
371
27
757
205
726
832
136
923
891
458
797
402
864
354
804
413
680
173
858
482
477
69
771
458
115
421
808
25
213
994
0
845
974
893
799
355
813
517
872
13
678
546
744
535
593
540
649
817
770
642
919
23
812
38
659
836
58
741
913
174
924
821
232
826
242
439
725
48
768
995
692
113
310
451
13
325
371
912
535
313
462
960
987
485
984
810
104
748
977
152
94
340
133
210
521
814
587
964
980
983
58
725
479
981
424
336
439
741
897
768
241
209
408
685
235
336
13
283
630
285
155
801
475
25
517
23
521
691
372
472
936
526
967
767
606
604
928
710
172
886
327
530
780
381
549
114
561
651
279
534
258
931
117
301
348
383
38
830
843
279
666
720
989
239
748
389
108
698
841
945
174
787
521
641
683
474
433
718
306
619
267
720
527
674
371
599
917
243
126
93
892
6
113
304
151
759
643
683
302
611
392
364
987
623
964
456
362
667
144
451
833
348
907
268
858
807
744
372
282
176
320
47
847
410
604
315
202
994
538
885
294
996
281
172
365
103
586
365
590
260
773
333
644
801
109
965
790
573
361
15
974
452
88
919
161
729
832
869
930
659
531
591
643
776
719
60
953
503
449
779
106
418
909
497
22
800
476
985
631
968
930
29
383
153
874
267
965
551
473
204
283
495
548
382
494
700
583
432
723
434
28
933
235
840
91
842
379
795
212
634
674
389
374
58
671
644
147
526
287
606
178
809
72
410
872
44
469
722
933
182
79
590
527
745
204
186
805
701
726
7
33
382
946
318
946
633
404
88
845
36
828
988
976
674
15
712
252
94
196
864
108
967
504
845
574
66
601
76
84
166
844
687
447
568
828
809
162
966
144
203
70
689
655
92
831
915
786
861
338
8
526
530
25
106
580
692
293
868
831
603
903
72
42
745
339
612
723
690
921
926
224
935
521
640
940
634
426
568
526
68
808
342
295
130
920
960
542
694
633
307
225
306
632
55
386
143
87
965
76
467
860
357
728
321
882
759
376
619
942
955
191
418
0
677
580
470
772
888
321
609
900
123
396
69
228
560
401
718
177
577
554
538
887
398
108
453
549
561
743
506
815
795
706
963
888
927
32
137
642
388
315
415
556
32
539
129
734
159
771
362
396
843
169
91
485
37
904
847
711
162
340
867
544
650
17
971
379
649
527
359
222
456
38
13
212
526
275
1
267
583
564
679
284
439
678
792
315
960
744
754
66
606
219
930
966
180
952
982
837
8
782
813
467
201
159
423
0
833
14
169
79
773
168
656
301
697
804
807
580
440
559
580
196
745
392
444
685
558
629
367
643
678
929
654
334
658
715
409
740
101
939
693
230
228
283
106
4
381
39
315
342
723
675
703
32
423
432
316
432
99
955
643
615
65
170
742
538
408
812
14
13
702
147
986
99
25
440
233
755
727
140
120
890
853
463
535
514
340
159
334
660
936
446
750
775
267
991
738
588
447
759
947
957
688
405
691
618
895
821
505
928
755
31
875
775
393
166
98
942
629
552
71
173
145
729
379
134
898
92
500
80
378
383
748
514
423
74
956
825
211
948
5
638
381
698
631
535
732
349
474
496
404
103
810
806
209
305
512
304
944
932
251
858
989
722
805
927
791
704
529
186
736
387
203
433
913
667
896
143
738
161
196
525
382
968
547
924
701
515
111
433
355
651
88
605
445
603
633
912
100
970
767
10
691
612
789
349
347
350
538
450
757
868
988
295
639
576
534
722
240
945
565
589
389
542
328
838
678
301
878
329
803
749
225
572
415
532
880
495
879
270
842
230
748
563
958
36
395
499
488
349
670
344
158
137
268
304
88
976
43
94
518
166
670
956
475
213
161
239
991
721
329
687
595
796
913
490
150
679
871
540
228
889
573
844
413
727
475
558
332
688
473
768
686
324
378
220
546
377
429
57
488
345
301
462
794
355
824
837
615
188
925
975
502
698
582
465
880
693
653
323
982
34
131
497
505
117
844
264
769
747
374
118
989
898
567
598
377
925
182
743
182
351
194
953
779
659
696
635
193
774
272
515
444
50
30
611
485
343
782
420
436
736
928
290
251
872
356
268
118
567
279
998
223
101
363
213
278
961
844
918
117
878
119
763
777
483
853
35
228
781
557
965
496
180
176
873
878
15
974
403
412
204
694
781
525
592
506
911
675
103
697
366
975
713
270
238
281
154
925
29
403
483
550
230
887
810
682
814
225
691
522
639
56
913
287
743
758
574
405
596
582
762
672
302
301
395
888
753
497
986
89
941
382
150
683
372
215
215
761
823
898
960
293
957
628
162
888
545
388
402
758
511
460
422
296
436
985
97
499
519
315
608
198
807
728
528
602
786
60
943
666
166
603
75
257
136
270
754
514
672
956
104
707
701
360
751
467
530
184
502
738
340
638
48
696
15
471
663
357
180
144
21
232
313
785
231
707
261
658
838
595
518
337
148
790
273
286
24
493
981
782
709
281
541
955
93
162
280
813
757
618
367
625
214
791
850
207
200
408
223
18
506
239
832
121
34
693
168
146
605
619
546
310
948
548
549
832
468
416
168
927
888
163
46
882
877
29
358
131
810
770
738
756
810
977
298
270
55
410
13
729
108
609
747
134
327
231
513
904
321
63
681
592
147
550
790
952
128
83
801
31
601
191
715
115
833
566
472
845
45
275
500
398
847
418
125
272
264
358
108
127
47
763
401
622
411
934
666
885
736
616
687
968
497
241
21
988
307
425
990
530
970
218
554
334
867
218
940
841
92
421
490
250
851
775
338
963
2
6
526
679
452
934
876
442
487
894
13
929
806
319
760
993
777
189
946
379
779
270
715
60
280
744
384
827
273
695
337
108
686
868
767
610
694
81
620
841
374
840
758
912
716
28
497
461
270
751
72
547
300
610
112
839
511
915
721
112
524
873
490
773
89
587
920
136
267
342
899
248
834
437
725
932
737
371
711
891
253
892
289
665
122
193
6
148
293
754
770
597
849
382
561
121
865
694
310
623
615
0
636
620
303
560
516
2
627
0
84
591
211
71
872
386
480
896
416
976
702
457
942
909
804
908
314
782
985
555
132
330
629
404
917
785
113
28
962
109
52
472
734
141
274
718
258
153
779
802
996
311
598
757
610
827
856
943
737
534
69
725
710
462
946
214
320
403
756
239
64
801
752
270
199
713
304
204
426
602
599
52
548
461
217
128
657
710
442
314
858
366
442
240
529
837
905
729
74
157
508
716
549
34
644
703
380
38
608
605
973
793
943
329
981
237
996
551
463
215
806
442
416
330
682
840
272
621
55
513
864
853
310
814
562
109
156
31
913
241
902
549
158
819
112
446
772
404
714
262
849
796
591
739
649
765
851
881
808
81
856
43
452
741
933
515
789
461
636
129
10
502
670
776
993
834
686
790
915
822
38
338
338
600
274
215
279
140
503
311
124
294
223
947
427
513
237
902
905
134
47
258
515
825
581
26
363
877
204
702
151
799
55
581
790
783
938
941
808
555
140
206
857
583
442
788
1
655
362
379
851
573
794
365
184
973
485
287
239
509
943
122
156
306
766
764
242
774
133
519
878
398
925
370
826
720
210
275
874
385
120
982
742
388
129
735
476
175
68
131
170
88
458
108
285
237
696
876
577
352
701
545
718
721
415
863
51
525
190
603
265
93
620
315
655
393
279
875
685
867
189
890
511
913
283
635
304
690
130
311
296
793
62
496
588
935
148
745
241
915
960
153
956
765
32
158
696
312
921
750
165
445
692
496
634
460
500
9
480
246
22
723
818
958
933
56
724
5
378
708
999
125
365
96
846
261
946
67
840
811
426
603
146
705
221
345
288
278
361
162
480
100
146
162
996
257
846
300
994
367
235
924
561
439
160
765
522
587
269
462
561
456
287
831
46
698
780
473
172
129
487
924
654
58
609
994
937
217
349
192
922
753
37
413
900
262
566
339
589
945
957
59
127
627
372
389
894
629
894
164
315
156
458
96
332
386
903
877
557
503
821
825
551
279
211
347
3
652
11
479
876
796
702
790
342
174
173
434
567
350
101
223
128
760
934
932
519
9
272
689
389
256
99
379
735
844
713
339
227
543
778
684
881
512
332
307
699
935
365
537
699
713
519
860
743
331
870
60
491
139
129
569
412
1
938
65
852
909
532
551
415
307
256
655
161
865
340
30
578
329
713
151
423
817
919
64
493
392
23
155
836
75
268
328
495
630
471
552
828
654
918
260
204
650
33
324
304
410
657
187
853
408
804
704
902
59
393
639
374
123
268
14
54
742
839
212
913
785
446
667
465
330
61
886
37
922
536
478
546
280
558
231
259
513
203
759
30
835
665
798
188
720
251
720
357
561
813
256
422
376
739
527
560
463
780
66
310
222
690
225
515
647
873
116
149
911
194
288
882
229
804
647
733
124
565
566
565
349
970
999
59
614
369
759
317
959
719
842
988
611
243
586
430
651
725
439
321
934
165
120
613
581
876
528
661
530
625
67
554
401
458
207
547
111
844
280
724
591
210
660
642
788
278
629
673
56
711
252
235
434
247
147
357
814
895
483
791
383
689
436
263
752
442
419
83
576
66
389
473
91
633
234
261
629
640
381
511
609
721
864
693
400
4
652
852
109
280
749
639
685
778
36
442
325
676
439
670
379
965
843
64
742
393
186
536
10
245
399
843
651
257
949
526
707
954
808
432
334
387
859
154
554
439
704
653
53
190
783
944
135
890
470
581
758
852
646
567
319
600
238
106
794
330
424
663
383
203
642
443
61
964
463
611
738
285
404
429
740
875
471
790
861
76
353
356
149
128
52
399
609
270
399
249
778
855
278
94
249
332
358
26
454
23
999
70
671
680
395
575
845
535
483
443
147
568
744
824
328
136
910
267
491
546
877
402
286
231
385
695
236
392
2
569
276
641
734
400
207
307
385
21
14
158
95
500
788
338
472
991
850
904
626
624
378
602
373
146
588
563
7
636
156
908
247
684
236
468
823
692
469
371
547
188
465
740
47
892
548
685
557
251
241
436
962
41
945
368
162
949
302
328
194
380
725
180
60
343
506
878
864
415
901
492
461
136
835
702
183
287
384
486
674
529
663
304
196
130
516
784
385
959
8
571
304
888
276
291
827
645
945
522
876
548
868
234
682
629
639
318
867
346
378
889
291
254
729
513
147
288
559
831
237
380
912
102
588
430
372
238
432
396
727
4
246
456
669
328
591
990
371
746
927
104
216
745
781
164
931
962
787
158
638
873
931
327
696
727
185
602
169
889
440
15
70
544
516
94
588
658
991
817
273
653
431
510
350
547
372
256
729
591
247
977
54
82
206
790
565
873
845
639
216
767
398
497
915
51
305
842
710
574
566
889
102
203
175
495
647
339
723
798
966
196
589
636
826
989
259
11
587
544
42
193
867
189
199
415
650
255
489
601
397
550
330
233
918
184
819
439
510
836
175
537
479
797
376
515
959
415
94
276
926
329
126
509
976
351
135
22
182
890
872
934
743
902
164
334
157
65
384
931
410
635
547
983
736
326
308
147
511
3
250
819
26
894
324
654
899
120
729
336
181
871
641
534
608
948
883
957
30
856
576
567
116
516
796
283
261
51
365
535
488
358
291
85
570
909
904
96
886
245
377
338
137
706
602
139
386
634
208
296
318
539
296
877
946
426
813
768
721
545
711
476
350
676
558
982
619
81
125
912
927
449
876
848
7
727
206
372
147
564
682
212
25
125
972
635
175
786
899
636
113
219
590
125
283
681
511
442
649
454
417
353
490
762
534
158
378
195
177
19
606
664
899
733
187
634
961
597
47
951
674
217
721
109
206
47
933
408
673
965
119
824
807
920
953
561
986
592
512
760
399
644
824
119
447
935
247
878
241
198
255
703
604
276
693
283
835
845
871
829
889
411
115
171
635
144
946
677
653
41
203
324
356
947
980
376
755
798
363
469
826
634
418
651
384
433
409
33
217
699
245
550
290
312
343
99
57
950
72
144
378
559
576
786
580
389
334
997
227
493
257
676
590
78
92
802
808
188
688
916
588
838
932
173
873
248
912
109
885
469
247
551
174
628
107
246
131
918
506
635
474
890
429
685
98
557
554
14
320
849
87
702
584
137
679
743
137
278
818
652
923
745
260
382
148
254
999
156
325
369
940
518
412
783
973
198
443
692
278
988
949
228
330
533
489
616
826
615
447
200
616
596
639
655
754
552
777
967
370
344
367
618
97
337
638
218
260
818
260
910
311
208
611
129
829
444
59
400
186
698
526
856
640
657
517
938
197
170
472
708
78
974
59
941
716
417
964
365
493
845
928
575
46
981
157
308
988
39
986
700
442
716
195
219
156
239
617
759
937
895
142
570
848
211
534
648
570
817
49
141
581
108
541
428
720
752
32
928
410
370
235
729
414
952
1
878
185
354
759
545
931
540
935
115
555
522
652
804
637
887
138
791
647
769
757
48
370
436
839
83
964
945
720
874
842
19
461
643
34
135
451
172
686
957
85
916
861
575
770
239
307
580
74
205
457
826
374
223
88
270
703
623
622
17
918
804
275
937
419
271
253
592
610
797
935
590
303
960
80
646
234
692
760
935
941
212
997
353
779
806
692
570
947
426
804
756
705
2
291
757
718
838
764
451
614
903
872
482
143
629
569
155
137
536
726
826
337
247
216
964
935
713
516
987
864
950
385
416
182
248
17
796
770
635
900
987
100
998
127
133
329
190
164
362
556
998
83
602
39
236
974
662
32
707
491
694
153
176
970
208
783
163
430
2
12
540
673
404
552
63
591
517
123
862
797
304
101
898
762
114
246
726
923
203
473
736
997
415
155
260
475
856
266
582
912
986
384
620
998
291
871
758
925
108
462
515
335
72
89
297
200
88
328
712
642
152
478
996
479
18
289
790
976
125
385
590
122
193
865
734
456
74
443
622
795
503
976
999
63
150
781
302
863
717
969
536
425
199
379
660
651
618
456
522
869
185
746
550
96
27
628
376
652
967
489
203
623
809
61
752
513
630
107
86
93
904
70
0
370
534
227
164
648
411
235
27
237
778
103
978
751
819
484
980
812
148
910
9
709
327
416
160
993
300
841
764
949
291
674
566
890
600
988
919
991
667
695
159
645
690
318
63
898
110
526
759
284
791
812
741
975
357
878
956
226
796
657
485
556
67
538
988
60
425
449
993
750
388
296
961
81
679
929
248
597
359
485
542
922
915
841
403
395
238
666
376
225
275
161
28
341
571
386
47
845
693
126
694
392
899
513
988
861
524
734
538
796
732
750
315
472
957
775
102
564
463
265
232
683
75
876
557
756
776
85
243
354
976
71
291
409
283
558
893
964
766
111
680
12
551
692
3
99
943
988
858
535
132
254
328
593
274
365
701
373
518
399
524
780
303
432
228
830
673
948
361
163
223
874
366
112
884
708
593
911
142
578
916
982
128
422
451
50
691
322
23
293
896
958
94
978
700
213
124
721
761
95
250
470
605
458
257
916
504
273
627
911
375
959
415
575
584
236
991
560
786
614
471
263
131
259
84
711
669
435
31
824
622
930
741
601
842
747
836
13
807
248
260
425
741
357
47
141
120
77
423
297
307
229
218
887
939
436
660
830
