654
303
707
308
829
178
759
966
509
181
626
392
135
102
674
96
511
678
155
21
24
893
790
669
308
726
984
882
785
296
934
856
103
829
703
830
406
19
586
927
37
132
301
436
333
501
271
680
172
472
310
607
77
765
658
379
636
420
427
100
167
968
509
579
113
96
393
444
176
543
520
814
326
862
824
561
900
947
825
978
954
97
657
805
684
939
891
112
671
86
991
640
193
986
451
867
341
828
214
713
998
235
661
247
243
261
631
833
953
214
523
148
126
941
601
245
713
410
326
473
616
391
433
418
841
827
906
995
697
485
339
537
259
987
62
949
169
870
277
514
582
881
545
48
44
199
394
602
432
359
222
394
523
181
501
775
500
38
168
496
225
887
137
344
853
514
622
918
355
390
520
399
720
993
128
946
303
285
920
848
206
525
903
614
709
59
358
153
679
903
744
821
569
813
391
730
399
564
801
843
150
431
946
356
692
473
858
775
787
362
559
155
813
48
125
459
522
68
642
606
684
131
95
583
171
333
840
907
877
429
228
115
709
997
335
541
180
846
477
339
845
929
218
224
386
357
365
970
933
421
579
57
321
533
487
898
182
345
167
136
859
490
474
72
37
742
277
695
406
675
965
962
417
888
390
506
450
815
18
698
298
507
742
262
960
26
182
546
148
375
161
132
332
839
599
359
457
117
990
580
12
348
852
903
122
945
263
76
631
11
392
245
831
816
271
361
631
549
31
530
881
57
714
218
646
31
583
603
62
598
871
42
644
358
808
399
117
209
617
180
351
324
796
823
293
745
377
126
184
266
743
622
130
228
349
472
284
878
343
657
888
692
948
20
920
572
276
878
501
180
127
533
436
966
881
54
467
794
617
210
665
670
873
900
755
284
16
129
762
536
282
813
530
133
593
70
414
467
741
151
199
463
47
3
756
654
267
580
610
623
147
735
980
149
889
854
599
101
853
450
412
690
428
282
784
147
905
196
193
350
805
375
38
227
939
883
257
568
182
990
977
44
691
891
551
49
835
497
402
507
481
621
822
456
754
597
560
619
2
243
716
377
322
42
951
567
663
463
377
718
87
439
210
997
605
49
725
489
900
504
225
498
783
176
332
13
727
626
979
922
622
133
949
729
968
91
781
430
489
573
262
126
145
876
385
501
188
573
873
22
527
0
208
766
917
150
778
789
807
508
167
634
993
192
415
873
753
407
397
388
563
992
902
996
256
433
995
962
502
820
89
174
896
861
898
323
941
811
885
21
414
560
592
808
17
903
229
174
171
857
931
212
514
420
291
939
417
713
627
910
132
176
432
236
243
826
44
916
604
667
71
976
193
746
777
784
704
582
669
627
849
758
858
820
818
565
523
71
991
137
886
399
949
631
906
461
493
484
177
415
286
802
37
90
43
117
647
69
588
713
122
437
320
66
262
318
127
543
841
749
70
348
248
535
84
283
155
932
785
951
310
574
39
844
579
880
616
822
293
589
382
548
576
759
706
473
588
184
829
103
913
952
690
568
620
371
380
258
831
182
723
182
198
478
898
390
533
765
60
728
840
307
973
148
323
877
637
750
224
372
567
48
198
348
80
359
190
711
74
23
977
486
648
518
54
899
884
747
488
502
932
25
619
146
356
795
775
787
796
462
277
191
530
189
518
78
227
693
459
903
642
478
87
88
739
83
249
89
329
206
30
102
411
323
35
936
846
967
384
271
572
588
127
533
866
668
140
273
719
784
375
383
936
324
932
273
960
896
412
308
837
581
116
490
334
498
259
183
840
211
970
666
104
741
340
458
106
760
828
58
552
505
61
203
431
843
308
772
204
490
851
152
275
900
623
757
231
683
208
988
6
931
505
250
796
645
421
826
720
94
354
116
267
887
722
14
60
561
203
390
497
405
736
785
753
437
313
211
372
642
478
435
27
83
361
554
100
39
56
1
22
888
82
612
51
652
713
798
859
73
45
538
61
372
914
323
865
669
400
505
272
243
656
768
501
128
958
583
117
368
353
842
273
788
960
805
525
69
735
821
256
287
95
580
556
548
451
121
688
913
462
962
616
721
554
991
14
948
932
380
354
76
987
811
21
292
416
131
675
446
79
809
767
655
843
145
160
448
887
105
393
772
905
802
423
801
577
420
731
565
295
846
415
447
123
78
629
670
998
683
347
450
110
396
331
757
150
836
623
621
228
53
202
90
939
750
145
678
825
139
176
222
115
143
385
52
581
49
223
61
342
744
824
262
855
443
761
766
572
506
196
855
443
691
901
63
50
834
954
438
757
816
152
323
4
470
490
631
75
758
997
525
236
22
95
605
903
467
125
780
1
206
540
418
906
973
223
927
760
328
199
570
818
830
809
632
255
949
40
398
468
274
300
931
420
698
899
316
393
742
355
637
625
364
161
297
797
528
28
87
515
247
571
873
211
595
669
25
894
0
655
67
914
513
79
617
130
872
880
327
850
345
918
124
369
513
641
305
383
888
879
409
806
912
978
261
469
705
384
267
390
779
177
850
841
871
804
477
322
11
466
354
590
767
180
597
131
296
111
349
221
41
5
499
892
25
480
147
803
526
288
521
572
499
108
993
126
568
453
50
48
151
837
888
360
510
935
484
324
46
96
459
930
367
482
712
587
278
226
734
378
140
368
942
250
708
27
618
333
808
463
276
161
264
934
541
220
249
3
134
617
30
143
676
595
78
802
572
38
401
267
747
69
720
451
768
597
448
171
601
25
947
318
23
815
267
368
863
767
347
926
773
580
397
872
767
91
265
481
339
57
361
207
206
497
686
998
19
802
549
831
276
862
180
981
271
247
788
136
984
5
466
10
295
51
325
223
918
631
398
882
146
559
143
787
227
249
226
565
49
547
623
667
101
698
537
866
369
462
685
417
37
97
680
965
559
464
269
897
238
530
256
435
707
494
825
58
909
322
592
523
535
886
545
787
168
990
148
863
351
838
981
583
737
880
363
105
521
441
6
513
674
9
538
878
660
641
755
624
152
47
715
749
730
637
703
388
562
520
67
97
575
188
829
590
993
845
797
682
177
32
255
907
727
160
209
384
344
492
543
993
138
997
177
216
317
478
134
272
423
236
8
739
356
605
259
930
905
533
499
902
35
587
313
556
513
778
993
468
579
299
884
994
437
376
141
253
596
259
849
710
459
581
400
11
850
939
11
320
788
211
217
943
700
684
818
318
875
347
775
535
113
314
283
134
214
331
474
427
635
202
869
151
585
368
951
19
365
76
968
947
479
444
99
970
742
505
573
424
243
256
149
638
598
437
698
489
632
698
710
669
438
486
317
65
518
424
281
8
618
946
918
48
830
355
77
667
223
341
783
67
602
685
823
683
590
464
365
536
240
130
75
78
617
66
69
279
46
490
906
334
883
227
89
858
908
893
474
942
850
763
731
253
39
317
227
970
894
927
63
806
970
303
718
227
617
76
914
197
12
242
806
848
870
481
367
21
966
917
832
214
603
529
550
248
628
669
500
601
353
110
228
839
945
44
299
592
904
503
744
231
501
802
585
364
710
338
337
541
56
344
602
872
535
82
971
635
189
760
510
730
155
785
497
607
482
358
886
784
68
158
849
402
916
793
806
876
967
113
261
190
245
282
763
200
976
145
110
23
32
234
548
290
880
532
209
883
24
664
163
505
880
631
827
985
966
569
739
869
245
761
38
645
650
757
312
642
740
732
940
146
103
473
700
149
60
132
176
486
977
823
182
997
448
413
954
961
783
534
922
563
628
688
873
893
123
32
854
241
317
14
440
247
62
318
184
254
76
427
579
68
343
246
483
929
449
364
689
933
59
53
680
225
481
65
753
963
179
261
343
731
721
723
198
970
819
984
373
459
730
838
661
537
574
922
573
480
557
520
4
256
725
194
922
796
910
176
626
273
103
745
768
242
731
767
931
200
464
568
600
566
292
769
555
202
564
990
610
336
794
957
727
809
778
608
826
40
537
864
985
13
291
583
517
443
671
670
803
676
841
629
115
116
733
369
424
314
915
879
380
107
11
927
472
977
53
892
413
305
205
655
202
378
418
803
962
185
298
284
665
578
404
729
955
265
321
648
161
390
175
584
656
494
924
882
464
462
611
489
927
515
126
88
567
301
33
194
211
858
382
157
97
238
643
152
843
416
708
547
808
464
405
622
147
693
601
122
77
411
256
131
116
473
912
447
142
873
491
480
131
376
777
397
719
453
386
471
113
6
594
655
4
590
833
661
463
76
718
851
962
197
959
64
791
880
912
96
603
74
22
32
248
936
46
432
656
290
150
641
72
672
904
870
679
507
367
640
225
118
271
873
308
174
293
745
454
532
560
927
489
196
851
927
444
758
929
858
216
201
651
363
108
935
760
190
725
204
378
459
997
768
241
920
686
604
598
157
508
529
206
768
324
52
449
296
357
237
502
239
666
151
485
841
464
874
272
561
794
60
159
507
119
542
471
972
797
34
510
821
116
259
189
719
913
453
10
320
221
91
449
459
450
175
263
174
50
43
3
29
243
287
241
812
147
468
556
689
211
253
280
784
763
389
41
336
267
11
947
458
889
258
103
450
332
69
622
375
564
640
773
244
803
377
333
273
540
349
246
355
15
704
48
656
414
340
54
799
767
506
551
731
934
743
762
937
517
805
277
255
11
739
330
804
975
367
287
334
536
751
329
823
147
175
76
265
7
524
153
408
544
335
196
887
398
621
136
610
33
372
954
234
123
232
55
880
978
756
755
161
337
132
367
23
531
246
998
672
907
545
892
103
98
877
595
857
174
634
836
210
219
157
415
134
576
269
238
747
17
540
804
883
605
297
405
128
371
546
858
192
702
926
821
624
842
832
75
973
769
536
922
93
71
884
776
772
118
204
637
19
31
899
463
779
910
865
56
927
824
693
222
86
52
560
95
864
523
477
950
952
13
852
742
56
506
206
698
667
137
762
767
939
832
350
111
922
193
946
539
254
134
590
356
958
201
107
678
801
282
55
801
638
149
218
61
885
479
550
673
716
141
891
304
158
489
200
673
591
130
126
530
826
663
278
32
59
352
395
390
688
122
626
807
386
148
886
297
634
266
864
600
806
622
235
284
282
853
469
785
155
797
778
609
296
465
379
864
657
471
604
427
817
535
290
493
280
488
171
944
857
304
672
589
339
647
61
816
410
873
874
226
709
118
922
148
594
560
224
254
830
721
41
249
721
430
852
71
805
547
654
501
279
540
675
209
927
318
47
126
578
456
402
330
663
681
105
56
910
103
25
182
739
201
39
477
530
506
115
544
53
883
731
236
369
347
716
923
591
117
403
532
550
654
121
594
189
98
197
591
542
562
747
606
398
508
346
154
546
104
251
117
867
658
862
705
802
240
183
901
126
369
437
797
970
976
283
281
468
549
432
279
800
726
545
39
27
55
566
780
187
627
97
954
748
117
874
264
725
864
128
836
857
887
995
597
754
201
789
265
296
997
191
835
14
126
431
56
485
452
798
7
874
903
704
59
171
288
965
174
856
781
340
275
612
185
567
488
898
214
114
110
796
944
565
303
358
351
985
667
601
600
751
695
516
65
284
635
837
63
993
213
245
478
910
815
858
428
510
682
766
914
950
222
972
16
360
391
778
900
756
973
978
63
981
984
275
420
353
678
517
582
291
371
66
276
403
356
583
700
60
808
314
330
438
747
53
986
994
592
624
802
3
290
645
629
436
247
21
141
380
458
536
400
414
99
10
710
149
213
928
300
621
700
922
456
741
857
283
570
616
868
499
11
482
949
534
157
888
479
685
887
408
113
666
723
888
105
520
453
162
55
857
666
333
716
218
411
639
6
433
5
934
297
103
926
518
875
151
21
556
923
134
710
705
143
373
546
411
490
290
767
285
230
45
369
727
427
678
548
872
276
356
573
367
330
951
676
818
535
383
776
85
9
310
783
388
370
768
144
412
936
771
911
667
789
401
388
960
837
290
249
205
583
255
742
585
547
489
835
578
206
888
537
359
701
335
109
604
484
725
546
599
193
471
546
767
329
336
169
428
982
866
78
889
269
998
902
990
736
968
15
978
188
518
774
910
457
967
765
805
425
360
757
855
551
450
219
37
582
247
834
718
163
307
142
848
72
95
112
187
813
424
707
375
405
38
857
869
666
593
714
819
942
206
427
657
968
63
895
729
47
929
653
484
334
159
533
502
316
524
216
339
775
533
835
420
124
620
31
218
741
865
505
531
623
859
873
609
591
148
753
896
97
203
252
0
597
947
80
184
718
361
393
212
80
43
788
637
414
235
196
279
277
307
949
784
224
738
19
315
224
748
493
236
232
232
84
463
899
627
770
377
570
779
889
48
126
198
217
927
198
768
108
993
878
650
682
6
356
376
317
315
848
155
504
68
511
237
401
509
780
628
79
494
916
133
938
596
388
442
22
524
217
430
171
715
396
460
837
817
232
760
130
948
17
565
589
377
379
366
255
469
572
496
676
641
383
908
1
212
822
3
584
426
883
545
629
219
539
188
465
838
64
502
632
804
377
214
505
241
480
606
641
204
103
949
197
168
192
675
10
52
120
517
994
493
40
399
590
331
784
94
426
944
167
472
442
277
515
778
55
439
345
857
501
22
858
229
172
495
875
151
105
807
631
772
1
199
563
873
226
128
525
22
565
372
18
543
851
419
411
789
107
727
835
876
102
231
824
293
383
536
171
452
962
178
429
252
968
718
328
86
788
246
960
744
758
564
420
522
609
196
525
540
650
422
505
659
503
611
316
290
234
545
525
373
89
17
352
153
420
462
501
343
634
784
612
920
191
870
330
122
934
786
997
185
231
359
673
881
238
981
732
343
328
5
36
703
250
544
995
31
304
81
948
43
710
643
461
626
278
741
680
422
983
651
136
633
495
94
349
666
125
43
275
927
829
592
325
205
305
658
210
738
968
453
497
116
461
563
791
330
743
614
562
240
64
712
144
448
877
423
577
395
361
551
614
16
78
895
724
43
433
677
273
47
81
61
930
838
196
300
638
956
581
108
115
764
485
936
11
18
269
679
754
152
630
821
455
700
470
437
437
230
480
683
788
336
798
253
441
246
517
210
535
636
772
499
368
815
914
318
876
612
436
273
532
436
896
923
628
697
818
814
507
514
960
25
136
490
283
658
435
671
757
560
332
959
289
919
892
108
259
101
615
936
101
681
411
164
811
83
95
626
565
542
571
418
206
594
192
857
13
935
787
942
48
492
675
143
615
364
412
808
468
522
552
419
85
604
970
115
971
306
942
706
315
666
360
355
751
660
887
546
952
112
734
367
929
280
551
9
971
191
948
375
257
425
628
682
999
156
382
190
620
36
756
751
145
669
583
424
973
961
803
767
46
961
231
69
598
432
492
153
528
419
656
940
997
405
509
95
624
479
914
648
498
437
54
108
762
499
724
230
805
470
192
590
894
183
348
701
930
386
671
876
202
877
627
852
126
236
49
295
563
601
827
622
64
424
30
13
747
9
458
793
995
711
384
497
945
757
719
690
368
440
10
836
30
40
737
690
174
704
443
839
340
84
93
92
644
498
482
838
751
690
638
124
315
447
392
766
957
807
796
976
830
943
123
222
7
824
216
226
26
974
327
753
479
158
211
300
888
199
812
987
666
642
540
251
552
524
133
775
741
986
641
932
950
67
204
775
682
73
442
138
575
753
929
531
674
923
963
581
386
195
266
151
457
965
791
147
632
536
434
714
566
313
672
530
981
480
643
137
746
183
932
603
527
535
453
776
230
981
494
209
476
50
783
920
311
552
453
919
814
544
130
401
803
0
317
117
807
257
347
658
195
55
849
196
799
514
336
291
609
802
699
132
155
87
839
929
865
62
775
500
373
559
652
210
521
27
805
370
129
692
729
164
322
140
758
414
59
695
860
306
646
261
164
27
299
655
558
14
578
611
580
542
586
299
873
159
27
535
964
92
540
43
871
5
682
99
679
512
263
690
111
711
810
154
637
114
216
358
753
835
238
276
198
512
506
542
814
886
710
783
518
672
599
187
891
191
952
495
15
667
582
743
284
384
144
358
252
116
870
688
347
924
82
956
329
463
263
997
776
122
476
687
518
130
837
855
183
624
351
284
323
638
142
169
575
352
541
788
499
574
488
216
319
558
225
295
227
774
870
52
793
879
436
700
961
133
946
364
809
66
604
566
135
275
921
77
893
859
460
416
839
595
844
540
275
515
64
609
438
385
267
862
295
32
287
433
258
605
969
399
228
683
169
961
902
702
989
671
680
980
273
495
651
776
101
430
810
496
42
223
878
302
202
513
373
427
547
162
247
287
312
634
412
662
477
306
533
828
196
259
325
729
705
371
356
688
854
851
521
945
740
980
352
878
247
551
607
83
484
187
865
254
217
193
958
822
793
28
584
105
796
717
329
653
135
922
750
759
36
14
978
714
865
940
624
200
829
909
210
460
589
425
911
447
546
170
684
961
675
28
970
160
983
840
351
684
575
224
748
443
844
61
403
488
381
956
66
605
514
423
552
178
410
687
219
622
429
919
420
402
999
404
464
661
842
153
667
482
990
951
643
406
808
834
430
509
429
542
265
644
761
272
999
553
568
65
162
142
335
13
737
357
568
282
357
181
385
180
969
971
936
741
766
196
965
170
153
198
844
928
266
655
413
429
786
181
130
188
631
12
436
728
462
958
842
129
247
532
936
189
110
779
712
501
779
466
687
576
679
591
950
342
657
74
963
674
668
394
524
579
631
579
960
484
794
800
818
822
479
621
554
511
596
406
610
92
252
355
146
650
484
205
120
418
753
242
768
211
492
652
867
58
766
999
735
820
942
401
563
668
764
133
621
447
921
760
842
381
877
748
498
714
581
778
549
370
111
650
574
76
779
271
714
429
984
558
253
973
327
276
90
359
328
503
940
281
104
421
269
428
788
209
458
141
68
852
98
218
62
271
298
808
526
679
286
857
104
153
965
635
602
413
513
883
184
888
762
233
717
161
583
157
274
381
376
711
911
349
50
260
652
917
408
548
74
360
818
289
306
55
709
426
274
888
87
533
704
835
389
227
68
248
515
396
382
476
214
892
41
163
882
486
707
567
428
580
601
30
923
161
628
186
527
493
458
817
702
408
891
77
871
650
513
414
37
350
362
819
330
863
742
152
821
867
127
489
937
300
817
389
892
261
488
718
33
658
640
748
490
312
22
433
813
59
985
495
993
494
835
182
454
813
658
218
431
831
325
792
877
744
733
217
713
706
171
384
941
315
800
93
135
201
276
596
755
450
406
440
20
665
461
880
527
922
433
603
157
679
105
192
923
371
818
695
751
539
672
627
776
365
900
944
578
784
738
673
469
307
398
395
194
106
539
846
626
914
919
385
650
822
694
620
54
874
826
417
713
92
924
644
822
491
154
338
839
800
444
445
135
977
444
701
430
60
138
331
145
817
481
263
243
320
458
865
436
537
234
116
43
562
683
558
355
451
828
549
824
973
38
196
909
473
236
18
444
326
429
124
841
122
402
816
907
593
110
530
711
564
887
60
914
104
552
782
475
375
56
134
724
884
179
961
59
840
538
415
929
809
793
396
957
450
390
194
358
22
673
84
92
70
540
582
570
738
136
216
514
788
609
57
156
864
671
536
917
407
171
886
880
235
962
824
971
133
705
968
1
834
221
986
215
988
29
636
917
885
695
279
396
622
843
803
134
813
472
366
46
621
105
132
141
447
212
523
422
543
399
534
719
417
23
89
604
226
982
364
770
539
96
784
516
904
906
686
22
39
232
135
692
284
666
118
565
138
130
426
954
579
812
863
749
976
530
228
383
204
563
48
978
138
384
582
688
264
3
95
246
19
668
942
681
433
801
886
515
950
25
8
554
310
421
617
454
722
347
680
4
885
537
302
867
286
66
573
138
512
792
875
773
532
463
72
370
800
274
866
44
65
668
866
243
236
68
439
182
243
110
513
575
539
234
944
969
777
836
915
688
877
383
508
972
14
758
104
228
917
337
780
283
158
384
291
18
481
295
77
26
759
694
914
907
400
844
588
646
769
360
49
924
834
699
463
257
638
653
731
921
36
210
234
229
490
9
288
593
369
305
335
309
19
280
135
702
305
786
548
785
889
394
701
907
421
368
265
0
311
111
340
46
392
98
719
557
184
602
109
589
39
958
441
980
674
688
637
562
873
872
998
251
326
375
763
817
904
466
668
379
941
529
712
895
118
11
942
127
356
88
301
738
872
995
359
434
184
441
496
797
70
554
572
482
26
387
367
890
936
22
750
817
844
295
706
31
850
779
525
168
306
591
909
716
528
170
53
539
370
584
955
345
722
197
908
250
115
90
91
538
713
62
729
219
897
420
431
148
855
453
719
259
559
642
552
999
683
201
159
92
491
929
538
195
194
435
761
325
533
247
118
869
559
680
667
575
183
165
810
673
283
773
87
476
558
790
530
103
620
99
553
528
807
463
123
575
834
378
110
906
426
103
698
631
981
919
823
361
794
326
744
769
336
863
435
152
859
839
808
791
745
315
215
252
482
727
751
281
630
133
385
226
768
302
275
499
392
567
240
292
71
274
964
442
387
688
62
443
738
377
150
261
132
336
566
795
913
869
412
541
417
768
893
419
186
415
446
71
244
772
124
188
753
606
779
918
384
330
380
47
240
639
63
755
353
131
576
721
399
148
78
199
928
359
966
81
909
15
286
453
349
970
606
534
404
190
49
138
826
259
80
258
936
661
80
455
582
601
58
11
648
473
424
195
463
766
440
23
331
593
393
194
742
174
545
445
860
229
33
635
575
838
272
752
886
64
140
387
893
991
432
469
513
608
391
68
514
610
479
385
938
842
176
811
196
682
539
797
358
968
248
811
113
287
743
948
903
884
832
724
628
527
910
217
204
484
15
944
476
397
975
988
901
670
225
426
924
804
735
947
461
875
785
207
221
890
897
578
422
925
215
990
301
799
681
909
911
242
282
465
626
77
771
987
385
816
384
588
871
943
969
666
837
649
920
515
286
836
946
471
511
974
206
765
388
298
987
445
134
190
191
525
873
741
393
714
529
486
968
677
916
455
173
375
242
119
258
690
970
231
702
78
415
668
305
541
439
997
618
108
11
915
656
574
658
473
132
286
81
409
334
657
349
409
527
477
129
960
627
762
675
881
993
796
656
683
123
426
224
202
936
86
428
246
273
321
828
37
937
746
709
816
5
603
208
575
50
809
869
658
510
918
558
293
959
748
440
278
960
759
572
38
730
480
517
490
695
842
921
894
178
755
74
349
914
337
543
623
532
430
771
582
824
809
103
743
804
234
75
58
181
762
423
150
493
101
176
285
502
357
799
294
588
388
467
541
608
182
590
427
952
584
837
315
580
137
529
387
484
587
411
195
934
502
973
845
515
522
347
424
985
198
919
875
707
370
564
419
108
957
587
105
186
596
81
731
655
632
770
909
852
634
534
756
726
302
801
703
290
857
353
138
76
849
896
216
979
360
98
836
489
435
16
404
502
877
578
91
388
435
924
978
974
684
407
202
345
303
272
216
444
41
886
565
948
233
885
545
64
546
343
876
652
805
562
760
561
152
965
542
528
574
636
236
839
244
771
744
877
278
326
412
799
348
823
214
645
316
529
578
854
717
65
278
744
893
309
418
869
864
549
402
471
669
413
401
899
246
588
411
171
245
191
992
958
302
327
272
794
5
873
335
706
804
796
943
842
920
717
324
319
153
102
184
436
964
181
4
870
375
856
679
65
529
839
318
316
779
490
248
56
15
769
93
262
795
810
507
990
138
661
980
531
480
452
599
51
359
518
665
669
363
907
920
939
430
713
348
607
896
92
930
186
335
477
71
199
879
977
349
663
871
250
5
701
56
979
473
649
234
557
588
602
92
15
897
540
744
794
229
914
153
826
154
189
113
648
552
434
956
228
506
129
683
56
123
425
277
856
275
194
33
270
586
347
560
26
839
41
618
990
189
169
600
415
299
604
682
95
798
617
860
384
238
177
73
715
458
492
908
23
344
513
7
173
397
178
755
55
557
893
186
865
984
767
972
607
650
68
708
406
868
858
942
656
740
907
751
295
6
776
433
186
421
106
706
253
467
988
336
322
904
253
475
46
450
18
774
823
962
248
780
177
759
895
123
152
697
426
744
383
548
346
343
335
350
370
748
131
959
966
531
416
756
573
280
858
504
821
460
506
880
869
229
20
745
981
913
412
257
314
735
296
606
711
242
625
206
173
402
387
117
594
241
628
741
872
487
449
541
12
802
948
632
519
277
610
688
217
588
705
679
993
577
710
850
937
646
652
419
182
912
825
385
670
61
426
254
586
994
439
692
643
339
353
925
969
119
216
191
406
574
425
56
504
691
245
963
678
304
821
254
970
403
144
295
804
643
647
403
168
334
600
299
742
499
838
588
743
742
434
313
847
942
835
759
22
399
584
885
584
692
318
358
572
941
958
340
130
848
525
706
597
303
575
254
729
566
262
297
310
872
532
364
170
677
840
666
780
266
716
820
236
141
21
245
529
643
917
554
435
879
987
301
535
929
873
671
592
841
941
807
946
695
817
76
929
17
766
290
17
904
669
853
151
607
766
847
676
472
369
975
314
101
346
273
455
456
490
659
607
944
360
515
390
832
798
211
10
30
112
278
334
485
999
218
540
199
956
426
234
434
296
566
53
893
696
81
467
16
678
191
762
550
594
521
526
624
239
207
200
782
58
872
442
780
70
577
38
696
259
472
662
460
716
723
759
892
111
618
351
909
824
310
133
31
439
132
95
713
784
298
934
176
257
557
7
147
157
605
651
646
31
333
797
393
323
490
283
565
358
912
54
682
829
724
908
232
67
817
725
896
941
330
962
301
663
737
121
389
497
882
253
990
844
479
995
319
935
56
159
524
190
46
285
61
114
917
123
276
163
836
515
969
689
50
247
875
362
303
661
29
358
788
666
611
207
832
795
632
940
15
854
822
269
249
911
784
136
941
286
143
346
432
422
599
281
142
33
494
134
692
831
945
872
303
285
178
683
44
945
161
96
453
748
278
22
381
697
73
182
784
362
54
540
354
953
736
425
579
188
257
958
379
954
515
467
392
986
390
261
304
706
919
69
309
781
201
357
349
550
634
542
771
161
620
