170
565
386
130
785
88
828
228
133
998
572
976
944
495
133
822
105
41
220
824
648
202
18
728
410
452
725
180
812
795
581
632
356
966
730
145
458
375
186
561
390
305
16
780
772
949
312
630
34
321
223
439
170
398
384
36
202
4
985
130
513
380
972
177
796
889
817
548
407
700
289
953
799
155
373
553
611
302
901
101
587
654
28
146
889
913
321
771
668
550
248
139
780
945
799
379
367
604
149
966
378
859
764
646
779
682
151
178
899
437
31
231
225
547
952
616
274
824
688
259
44
278
719
793
625
56
393
498
250
426
937
435
785
112
928
509
424
689
827
531
335
719
314
392
904
46
973
178
528
23
561
639
118
1
952
658
965
914
751
90
70
111
888
256
207
86
712
802
368
28
851
985
332
968
379
475
356
66
112
182
79
266
681
58
982
513
193
138
427
174
900
47
498
471
152
344
672
937
497
145
920
575
773
799
397
267
358
222
393
276
5
272
571
148
604
682
175
484
548
380
344
502
373
604
641
911
756
72
169
495
150
254
748
830
219
282
374
149
798
132
618
974
705
66
353
625
85
801
542
973
366
860
710
479
253
87
654
1
744
603
100
194
508
469
583
358
235
429
211
738
584
376
980
350
30
843
708
239
577
989
127
608
156
471
795
324
609
618
510
979
736
605
568
871
175
106
543
553
775
572
472
493
55
239
507
383
849
260
584
696
491
112
134
633
648
360
603
66
93
570
157
872
256
35
238
529
874
361
646
901
909
972
546
803
600
502
163
588
911
667
826
513
223
111
759
948
464
795
928
61
404
868
654
492
596
128
748
669
953
53
417
965
583
656
836
119
910
55
959
596
306
932
789
309
763
510
13
742
511
77
144
616
202
898
703
283
448
113
453
239
89
668
35
701
747
557
947
703
838
223
301
672
968
145
277
105
592
929
605
409
448
417
702
840
660
761
386
809
832
833
781
202
310
952
402
729
515
302
962
909
267
498
47
789
723
673
694
681
885
388
107
51
721
332
422
241
574
885
364
211
568
500
809
83
755
814
216
405
973
895
661
677
754
36
825
64
513
309
925
880
692
962
290
975
413
833
965
903
467
978
872
243
860
303
195
902
108
299
26
614
852
349
480
972
14
625
49
67
629
843
485
387
425
713
752
777
727
245
214
949
88
291
988
695
128
677
361
70
822
97
772
359
196
963
407
70
236
652
657
940
410
967
994
446
521
300
183
597
477
763
957
751
528
334
994
978
840
715
895
216
901
381
818
612
960
854
567
391
943
251
270
726
206
644
865
884
615
238
452
840
714
343
239
19
751
22
439
744
648
364
608
504
996
579
15
537
190
481
315
346
572
848
532
381
899
238
476
250
792
548
683
124
498
390
78
163
267
206
687
549
876
356
359
49
840
230
664
506
185
368
96
212
471
841
583
726
407
930
161
660
288
619
31
295
273
955
792
883
205
123
878
854
961
208
123
480
156
620
801
675
245
120
864
720
35
856
651
587
925
411
916
125
434
181
462
364
730
147
513
697
84
218
87
349
833
132
685
241
205
896
734
928
998
556
33
899
732
66
67
130
905
405
327
874
482
559
922
863
171
752
67
87
137
757
415
976
425
202
483
223
638
725
258
326
64
809
519
945
967
979
532
134
782
821
936
742
597
901
928
188
815
721
764
177
579
193
642
634
653
16
368
423
732
625
714
808
655
2
772
566
776
519
82
51
82
726
515
447
207
403
491
480
850
208
311
341
20
482
388
271
466
786
968
52
75
470
482
810
991
356
862
61
954
50
432
365
976
69
554
742
931
981
289
365
80
313
217
844
984
908
80
443
946
387
816
732
373
257
910
136
228
2
888
650
482
336
788
24
460
757
899
58
518
694
452
945
125
16
269
845
884
995
724
954
555
383
475
136
201
766
386
150
34
688
982
115
27
37
24
232
394
779
177
717
707
396
841
951
997
874
791
898
916
682
290
433
535
947
901
431
801
585
545
1
437
491
813
866
986
493
633
370
510
554
432
524
455
353
772
299
100
379
219
632
643
591
390
114
219
34
931
747
169
150
568
91
617
6
24
740
10
859
43
753
580
46
741
107
325
987
152
185
198
430
325
531
333
252
926
731
924
233
703
505
638
273
851
474
858
69
659
460
368
309
401
689
200
92
139
213
2
468
203
461
48
951
650
470
95
375
941
143
613
515
384
781
588
798
694
377
76
85
987
287
551
637
89
374
790
559
942
63
617
65
991
3
868
250
469
590
61
426
414
538
857
716
591
106
438
41
141
524
875
345
11
281
900
456
229
564
802
132
154
652
495
479
313
912
903
597
251
806
962
250
134
321
990
385
649
485
9
821
187
127
940
606
271
989
938
571
98
311
848
334
140
169
768
808
220
575
989
649
774
140
571
300
616
806
422
837
731
969
736
56
957
374
713
543
35
920
966
344
123
716
92
65
327
418
350
497
598
564
859
812
332
313
419
10
66
423
103
932
225
563
32
404
431
590
951
337
188
918
68
660
374
37
859
898
472
131
848
685
553
635
747
977
169
4
86
977
126
14
788
523
701
391
964
591
493
241
970
319
396
546
783
355
805
584
391
956
897
863
760
482
634
24
738
357
535
711
714
36
449
889
152
454
349
376
377
147
938
157
767
693
34
561
675
520
181
144
349
667
168
666
618
923
325
735
709
243
580
39
488
553
407
379
665
104
116
59
626
701
451
869
776
488
135
631
85
353
458
361
993
564
216
938
836
571
14
181
470
503
19
727
767
683
676
848
706
965
502
460
460
449
780
533
211
931
833
719
425
577
247
952
808
195
606
969
775
920
480
109
698
582
177
317
241
477
555
453
39
57
528
319
626
947
345
442
90
427
163
902
138
339
985
47
572
563
604
340
481
780
728
347
878
843
160
98
962
93
626
756
532
9
292
311
993
495
230
222
443
587
825
200
77
349
885
900
650
664
96
886
982
773
410
203
156
107
166
109
767
301
971
99
692
345
769
768
676
248
830
999
144
215
616
840
837
593
941
657
247
382
950
860
713
861
818
369
386
9
806
0
35
699
851
357
933
196
720
432
328
164
310
575
743
12
683
891
751
764
21
92
229
130
408
498
647
873
411
609
482
554
565
656
963
513
589
678
114
630
23
1
209
134
178
60
514
565
526
620
542
803
363
104
106
904
924
3
707
829
394
600
338
305
446
688
227
276
558
442
111
587
649
184
290
81
670
457
151
359
989
281
455
88
793
642
328
379
381
716
426
605
460
72
277
546
173
325
694
872
379
845
608
896
106
432
791
418
141
923
384
549
645
620
765
920
772
876
397
535
224
217
647
349
58
831
766
306
46
587
344
617
917
580
25
249
543
414
341
758
900
764
131
163
817
705
989
590
400
499
347
745
623
149
823
824
843
352
507
476
406
93
775
307
803
209
262
737
602
454
272
631
247
866
795
886
941
941
418
928
240
92
576
964
256
37
541
28
41
383
239
964
344
512
852
353
328
810
228
220
57
131
539
762
994
911
924
449
30
44
593
361
226
738
214
36
62
821
814
324
650
296
518
887
616
344
645
481
439
602
589
847
672
554
427
459
137
569
377
905
655
450
325
173
208
121
27
878
206
32
894
387
856
272
563
385
210
992
54
510
141
493
606
293
10
255
931
446
135
235
848
25
796
90
675
855
815
333
562
645
947
451
736
134
631
289
132
884
283
469
586
811
910
967
723
434
714
885
520
815
977
737
244
61
913
9
55
892
27
994
582
430
489
530
456
218
909
769
348
398
414
499
598
797
405
829
928
403
439
465
629
881
923
600
833
986
363
474
284
825
223
85
997
588
36
816
27
281
572
795
727
747
159
437
509
265
88
105
481
595
298
854
831
994
793
802
379
259
613
450
254
80
304
905
418
836
697
442
669
488
33
747
585
222
811
704
244
345
113
233
579
527
753
834
737
61
398
973
670
613
987
509
363
398
466
577
513
736
131
500
185
387
272
925
566
347
101
328
942
202
445
680
88
602
351
927
984
565
944
315
406
307
561
343
548
895
217
147
750
15
990
353
531
470
869
118
386
855
633
944
248
576
472
330
517
361
616
849
191
63
737
562
943
162
940
587
47
423
641
162
228
794
271
670
793
421
739
216
697
757
276
21
814
591
781
899
407
639
265
685
707
464
221
773
861
61
183
22
104
346
493
91
849
16
696
334
980
819
568
537
39
154
504
131
843
947
33
799
488
688
565
463
624
82
154
513
108
936
319
547
394
132
10
152
624
890
255
7
946
126
998
668
168
81
115
501
91
79
105
291
494
673
560
163
689
298
266
352
136
704
838
887
762
768
788
999
973
126
936
746
823
584
57
133
272
870
257
504
851
409
974
306
563
477
423
644
674
412
371
920
373
848
410
958
611
716
135
978
516
487
261
766
110
831
159
992
635
182
756
535
855
92
479
855
5
424
220
375
752
972
839
35
519
12
647
667
666
498
791
63
849
178
508
229
700
349
570
385
485
140
714
424
50
675
510
112
414
479
798
303
623
597
42
703
826
721
143
843
90
648
247
265
56
506
889
772
13
815
407
532
458
565
926
340
56
611
785
721
924
598
70
122
242
517
650
231
18
162
688
130
568
768
532
812
77
836
822
142
843
233
322
622
134
996
389
778
494
153
706
132
441
151
265
673
878
655
401
39
435
268
277
955
336
191
202
997
236
299
305
601
381
183
487
394
246
645
985
436
120
215
37
470
147
81
340
755
726
134
868
540
874
930
2
579
692
441
965
670
794
611
717
214
101
693
977
76
844
85
440
119
465
682
896
124
221
485
691
354
190
688
511
464
241
681
212
270
411
602
568
229
9
297
6
916
311
871
566
16
309
624
805
247
822
326
973
921
922
761
984
99
204
959
70
321
909
156
262
743
863
310
96
133
6
848
625
213
632
809
800
554
910
360
141
487
970
351
841
864
400
937
993
273
265
936
84
834
995
319
468
379
692
705
865
730
725
221
953
310
828
231
604
294
441
987
691
372
418
368
896
623
426
87
249
745
932
871
622
455
221
527
946
630
431
839
743
152
266
99
698
474
814
260
941
25
587
917
771
17
865
351
270
522
620
545
884
743
799
272
912
492
417
887
725
571
844
267
830
811
322
494
96
870
834
214
633
982
249
393
913
11
52
607
86
579
25
411
167
798
862
87
462
29
297
924
136
407
398
931
81
488
239
579
312
342
646
623
418
113
885
451
850
54
71
675
390
352
695
392
460
412
910
664
804
167
66
889
255
286
690
865
421
553
286
333
637
901
331
596
61
574
997
400
921
117
652
64
120
395
569
189
770
290
938
551
245
868
585
970
271
787
699
315
390
28
252
185
371
577
479
690
221
449
803
91
506
765
330
147
832
194
307
76
874
495
7
607
190
314
73
36
307
187
126
675
208
996
75
930
783
907
62
115
312
238
117
880
698
290
571
894
156
584
881
628
642
861
713
238
59
212
789
554
767
210
558
374
318
149
281
364
172
562
715
588
824
458
414
620
939
544
547
830
822
993
655
166
989
32
803
359
296
726
771
177
655
979
0
400
717
59
792
420
126
840
147
329
418
527
689
282
148
458
951
767
731
10
929
472
255
886
761
837
48
900
613
908
544
867
303
5
449
267
438
957
585
297
649
462
114
419
332
727
262
444
667
405
295
229
27
38
933
521
888
837
864
106
425
175
813
949
16
761
478
391
893
948
282
315
498
286
132
833
665
102
574
892
842
772
870
784
441
235
161
741
884
467
540
637
530
247
818
710
134
384
560
133
371
540
508
432
290
527
427
133
158
516
785
948
945
288
60
797
575
259
281
880
688
91
448
264
931
367
756
130
382
782
954
520
635
345
739
628
388
395
284
571
118
676
539
769
739
684
108
354
193
986
393
460
937
537
256
703
642
788
862
949
876
942
137
692
224
552
460
317
84
576
251
216
181
874
38
742
893
182
571
674
116
902
676
909
154
25
423
46
658
265
252
554
482
510
409
933
248
781
673
93
983
728
188
166
103
587
328
8
986
224
669
282
914
880
125
705
264
343
258
985
391
394
562
934
807
608
278
719
678
706
264
328
856
561
491
475
991
402
228
603
79
136
973
380
672
46
939
786
542
335
989
764
381
892
173
180
813
481
963
591
973
965
269
339
796
421
3
706
83
876
470
954
271
616
369
686
282
707
15
716
1
692
636
923
536
531
64
73
297
606
326
391
267
938
418
42
415
513
289
143
718
124
83
946
303
453
755
650
804
28
815
693
636
412
362
363
652
257
239
793
70
505
745
997
3
868
709
425
284
281
481
750
156
862
86
446
666
667
320
606
67
300
334
702
276
89
333
311
628
788
503
952
160
983
593
452
305
751
242
675
664
657
118
20
353
423
139
588
461
630
612
837
33
304
320
198
644
105
767
851
206
216
915
401
964
764
953
424
393
856
379
253
526
236
46
867
409
50
334
622
299
98
10
979
652
562
74
959
857
126
245
763
637
848
359
65
118
420
231
365
430
530
238
491
979
264
187
881
976
987
756
472
953
147
871
405
878
985
839
246
7
501
930
459
102
64
567
547
81
370
301
160
774
177
678
968
410
8
10
913
618
311
128
864
811
853
71
117
532
694
963
847
9
138
988
48
483
997
832
412
274
988
368
547
244
818
903
769
199
775
295
207
499
626
582
551
724
227
294
97
219
120
763
469
355
809
253
492
57
338
949
944
924
237
547
316
500
929
990
737
616
27
294
39
79
967
163
724
608
899
296
452
189
400
97
325
370
886
114
29
484
859
18
466
748
192
508
750
442
456
670
630
239
590
10
597
307
570
394
97
436
751
912
666
512
108
412
58
258
613
998
958
360
173
771
607
301
562
5
197
474
118
323
729
144
749
704
205
593
200
751
51
92
364
580
655
998
639
725
457
638
570
999
171
129
740
701
827
684
88
195
357
273
980
242
825
728
660
868
140
398
284
382
998
451
543
6
919
269
566
89
86
946
40
471
704
91
226
67
665
381
532
66
227
177
752
269
776
66
527
186
309
302
258
84
85
438
162
2
502
928
660
405
421
324
93
939
601
643
821
57
774
115
963
238
761
495
285
306
499
267
106
909
652
629
831
172
893
8
754
822
809
42
342
941
369
533
27
975
467
795
321
940
318
770
273
178
549
319
24
653
357
823
265
218
517
560
694
482
761
998
707
356
411
273
519
323
239
556
607
919
848
280
745
31
100
975
226
492
370
957
556
400
99
249
336
701
404
441
212
635
758
547
737
25
64
544
723
125
202
322
422
38
774
935
433
46
765
990
322
382
780
933
926
665
257
613
763
2
925
997
444
538
984
908
904
697
884
883
695
622
855
310
138
473
80
722
686
750
725
258
556
964
159
492
345
739
555
816
485
813
357
681
258
323
107
660
491
240
507
101
686
850
402
793
424
676
930
686
515
577
751
319
518
276
727
724
313
803
316
406
436
921
423
863
187
594
698
664
856
401
873
124
85
134
806
146
116
579
609
840
237
77
464
146
675
776
616
906
83
723
824
34
658
251
303
341
442
220
394
827
65
673
347
139
703
316
272
147
105
554
799
922
63
862
964
559
942
85
23
811
642
713
557
561
244
255
761
861
252
548
742
850
212
188
51
470
88
595
468
152
421
156
306
618
181
374
766
993
964
735
7
57
339
777
845
502
247
465
681
669
244
294
99
952
587
190
191
977
333
332
302
54
83
422
796
178
652
523
995
941
986
634
20
961
913
309
821
309
293
228
299
71
207
966
45
946
403
299
994
344
129
605
385
912
94
372
987
96
791
296
359
38
122
769
842
720
689
83
848
756
699
310
436
729
192
369
607
924
24
998
696
375
857
433
881
379
212
642
906
407
795
258
733
121
409
698
189
272
469
846
67
852
173
81
310
262
235
770
950
881
278
804
278
938
272
556
916
979
551
267
302
818
427
195
402
97
547
87
673
431
668
955
594
468
606
818
63
577
349
966
518
382
153
65
110
861
930
619
308
755
29
21
961
231
891
113
33
267
884
453
899
112
527
860
776
774
684
348
730
576
201
359
698
254
701
849
542
532
508
176
573
256
824
290
640
489
64
152
16
514
224
727
94
590
356
335
106
558
2
45
347
462
179
531
943
637
790
463
505
803
858
945
733
885
29
638
960
59
909
202
288
763
42
594
693
623
855
16
780
553
819
519
454
486
848
173
57
824
63
489
707
134
606
282
902
702
192
799
796
355
607
325
16
378
232
843
646
421
155
105
433
626
621
15
768
62
620
514
291
619
934
721
736
505
606
846
44
889
877
215
288
924
569
44
330
642
380
428
485
606
12
920
598
102
602
321
563
193
745
109
498
561
357
164
212
920
814
144
341
895
8
667
752
42
407
36
99
887
100
481
300
605
951
592
559
537
23
40
581
571
6
826
906
487
474
989
499
512
665
783
530
375
156
575
912
769
494
159
62
998
482
400
656
141
911
149
927
918
137
961
273
104
308
141
246
248
271
194
762
403
291
716
466
498
503
959
221
405
586
179
161
803
603
691
590
60
960
516
339
25
330
489
291
756
969
627
155
529
801
813
172
822
585
509
47
775
571
671
314
409
573
235
357
953
803
959
193
589
639
888
558
327
87
649
263
763
920
862
869
358
380
947
332
453
638
525
550
352
326
466
146
131
541
132
121
340
126
128
861
52
831
325
182
812
924
632
850
513
358
373
303
9
804
287
688
21
198
544
155
129
354
629
267
646
878
897
47
945
720
674
550
797
29
424
101
875
844
841
342
154
726
41
22
185
13
455
500
536
742
75
513
823
636
804
824
886
635
750
492
332
397
984
344
500
604
851
863
681
957
239
65
866
789
368
534
648
899
837
210
428
154
793
405
245
697
954
598
455
312
47
643
760
433
319
904
869
121
964
609
41
426
399
486
157
982
629
346
250
378
646
271
555
892
566
603
368
819
421
583
678
226
633
841
58
728
419
464
964
935
287
87
712
174
597
977
527
797
692
127
124
141
958
176
939
602
367
654
420
335
399
137
573
596
55
914
757
245
8
958
845
202
366
245
449
575
964
846
212
319
90
793
554
490
193
480
22
504
766
987
4
640
277
374
121
994
61
241
582
758
369
445
20
287
607
366
297
999
929
329
832
623
634
827
255
139
818
91
706
97
618
581
660
452
987
244
806
737
440
131
16
997
156
961
757
633
14
671
171
835
881
910
471
978
696
754
503
942
678
549
321
889
964
905
394
494
972
630
96
581
490
92
704
631
451
142
124
980
21
163
140
535
246
122
477
371
680
433
912
749
473
514
209
621
489
123
639
202
357
648
203
304
9
711
394
1
251
688
77
285
130
887
944
423
852
336
879
135
567
101
995
893
751
711
700
976
606
623
553
491
250
975
76
600
793
210
417
917
535
772
220
856
328
895
97
775
577
20
223
784
480
642
262
698
996
910
0
255
319
760
740
318
23
845
781
961
540
934
193
168
477
636
837
728
779
511
758
123
639
226
738
69
495
548
165
960
579
541
120
901
726
866
3
64
304
960
659
54
744
714
791
902
295
326
668
849
784
954
409
71
355
374
861
527
65
574
387
459
865
519
63
270
65
235
131
763
832
355
571
563
384
632
399
714
362
477
774
783
354
21
606
39
537
140
786
964
272
213
997
847
178
760
363
439
923
661
351
644
509
10
671
109
89
644
908
746
842
365
85
831
229
475
602
222
532
345
38
80
226
676
230
159
218
676
623
491
696
317
340
31
697
649
172
575
862
507
466
57
986
131
454
5
397
977
433
18
898
664
470
902
819
48
491
649
636
888
7
535
389
126
326
792
792
516
983
742
35
81
214
546
800
961
38
308
295
243
14
125
669
565
108
546
621
133
336
759
117
918
31
454
428
229
207
507
344
936
330
45
564
58
380
803
342
693
7
704
974
684
166
820
138
420
902
129
798
991
912
959
673
868
59
556
532
542
774
236
547
15
27
752
718
825
279
310
121
73
470
725
598
633
404
35
285
729
366
78
970
297
143
307
628
69
750
830
694
404
229
246
54
911
604
380
459
179
380
712
476
35
720
192
612
286
141
775
489
224
314
229
275
559
370
400
282
253
158
351
824
380
224
991
933
811
443
764
58
396
678
254
925
558
223
165
67
286
60
986
123
30
484
155
39
863
381
586
206
816
774
932
205
386
684
209
348
15
771
261
964
743
434
218
974
855
593
991
143
550
606
417
15
573
778
980
393
483
547
909
221
298
634
216
193
433
413
170
854
327
119
122
47
241
571
249
604
368
168
10
68
338
590
223
681
979
575
482
909
128
944
733
3
791
726
903
449
294
214
572
897
359
77
591
742
789
86
910
219
447
466
3
583
845
321
618
301
619
950
227
264
121
153
334
76
28
935
886
807
725
316
516
439
796
664
825
485
561
414
239
726
550
73
109
507
452
90
213
294
961
741
147
485
803
466
524
83
452
807
696
577
17
658
726
628
161
707
531
488
983
216
535
163
931
339
436
388
803
886
811
994
945
503
333
472
210
478
651
334
451
803
34
531
815
556
910
598
193
676
786
796
635
768
978
668
753
451
437
479
581
873
842
435
288
672
693
694
633
258
166
847
389
367
143
320
499
568
768
519
194
622
273
500
570
9
651
302
204
140
211
862
951
278
884
613
496
99
168
81
573
25
35
506
798
831
324
235
832
207
264
925
160
581
644
181
472
719
447
749
809
596
915
487
285
457
246
734
167
14
753
415
682
872
652
421
850
383
643
803
347
871
434
225
997
789
952
746
665
831
155
324
746
702
56
534
722
831
581
216
992
652
437
428
635
234
550
738
918
628
435
489
712
20
793
74
886
185
905
958
72
629
537
224
765
21
358
333
907
420
547
48
343
849
943
154
293
812
77
319
653
208
933
587
706
506
947
51
200
903
249
256
729
732
358
965
877
167
330
794
556
363
221
786
32
769
91
839
252
593
750
214
339
376
408
636
238
163
258
247
86
986
870
305
842
672
638
63
589
559
120
505
312
856
494
10
832
832
966
142
387
510
931
947
988
809
485
368
688
254
484
939
908
94
420
615
37
198
93
722
500
33
706
804
972
88
628
723
929
890
235
604
159
774
536
420
540
885
970
956
571
517
651
987
998
495
606
661
983
762
383
705
435
673
454
481
347
519
738
914
737
195
447
300
595
974
475
739
567
457
746
779
68
260
956
786
504
169
776
584
331
719
968
994
591
139
816
843
611
752
28
651
395
207
69
274
869
794
591
141
434
730
522
681
166
936
907
894
70
128
103
994
486
618
883
959
405
91
395
654
757
696
885
394
218
714
153
698
847
533
160
190
495
34
125
915
487
989
540
553
853
441
246
409
52
478
886
212
360
885
403
447
72
426
738
195
493
976
800
752
997
859
649
602
516
663
936
572
256
430
123
544
256
358
305
384
992
456
883
751
51
533
941
161
6
171
0
945
21
885
893
697
212
417
343
164
236
299
350
776
376
559
636
639
931
852
621
924
232
740
480
458
612
879
500
992
540
519
657
849
855
206
581
368
40
243
567
521
875
44
955
755
169
893
442
25
218
719
862
760
909
940
823
682
967
927
461
329
182
632
250
607
432
69
731
994
373
220
715
757
365
612
980
449
392
292
627
932
313
979
886
736
190
607
917
875
334
905
403
894
743
693
719
639
403
607
539
898
414
529
72
492
463
665
340
887
872
55
393
738
636
141
971
64
853
47
166
657
807
665
2
277
940
752
708
372
820
488
650
875
288
653
546
130
123
142
536
81
703
755
610
63
816
575
865
797
606
48
398
999
988
579
911
722
640
405
205
516
143
997
835
460
870
493
541
562
279
358
922
113
414
443
712
105
407
182
611
761
183
487
345
370
3
476
165
895
472
233
934
97
824
552
539
94
486
348
45
785
470
999
593
397
652
892
328
115
511
151
853
67
394
368
435
406
567
198
353
274
728
352
138
431
363
126
573
255
305
231
742
323
468
404
335
344
699
209
391
496
363
428
556
772
675
750
208
655
316
726
998
262
739
549
359
676
477
972
789
594
614
161
268
340
573
921
736
334
576
895
79
861
303
642
443
314
592
461
283
569
14
216
184
816
142
716
8
26
201
260
384
452
943
567
322
135
734
202
536
804
750
161
732
406
296
606
727
616
883
698
490
495
18
657
692
802
909
867
232
135
402
612
402
967
849
372
814
273
97
746
716
36
234
452
172
246
360
930
739
898
712
465
583
214
154
571
133
978
84
555
636
61
471
126
109
689
79
949
434
334
852
911
424
373
720
820
930
610
613
860
499
765
220
789
736
954
268
211
896
588
766
778
880
976
225
192
759
301
270
406
507
762
810
756
695
120
563
852
666
103
865
158
300
396
163
131
135
471
587
742
440
226
855
276
137
334
949
20
852
440
738
738
805
225
615
597
125
771
512
568
479
526
426
342
113
963
265
86
297
904
939
854
993
850
917
476
537
153
887
496
207
461
502
853
157
422
287
622
871
441
171
349
591
262
627
191
183
614
417
707
250
346
496
137
64
175
410
327
956
350
380
990
300
336
591
924
669
518
222
339
840
966
319
943
156
130
89
252
865
458
16
117
22
833
591
761
888
278
730
120
16
481
239
308
704
461
505
723
226
205
401
440
140
887
913
801
915
933
654
811
763
282
314
377
1
697
666
388
454
289
155
316
248
654
636
653
494
761
736
949
471
151
642
609
256
830
533
903
385
548
343
311
634
34
610
658
191
454
935
924
757
646
479
895
480
136
823
149
522
815
447
878
362
23
311
42
367
913
326
150
304
395
289
243
249
703
349
77
860
587
761
911
577
673
82
875
499
668
900
255
25
3
82
188
390
250
235
503
862
836
697
594
797
101
207
381
253
884
406
302
675
277
44
760
7
180
282
143
527
358
992
329
79
897
967
984
542
117
962
501
752
514
674
294
788
200
909
584
625
805
394
56
66
672
628
322
922
941
753
549
670
858
949
78
630
966
776
648
288
73
584
998
1
127
892
903
128
718
535
952
970
110
341
639
291
752
469
443
967
175
187
841
133
307
225
866
213
765
521
248
126
853
602
431
982
335
148
40
519
396
937
145
690
972
387
864
331
793
588
822
945
134
838
536
408
151
863
857
509
850
648
932
925
443
298
596
491
38
566
230
900
853
672
46
824
314
23
191
191
14
443
639
205
423
883
374
332
944
715
711
380
882
583
894
178
920
214
506
130
65
741
740
802
495
14
357
941
436
646
391
145
180
24
193
542
821
337
998
306
163
129
119
854
336
458
157
391
272
369
819
313
699
390
279
839
84
305
473
695
735
19
60
38
495
62
10
40
12
362
181
505
115
805
543
517
872
343
139
345
951
751
580
924
432
381
539
725
929
188
294
970
61
795
84
706
930
145
605
784
889
299
86
532
150
476
82
936
143
583
988
428
121
388
378
710
725
973
59
385
794
179
616
561
660
426
744
337
555
662
126
209
630
752
189
655
614
105
716
408
775
201
541
651
1
92
847
171
413
627
475
479
195
611
803
872
968
19
454
886
220
343
137
215
305
156
16
373
464
911
458
107
38
319
497
44
540
492
80
640
644
834
792
587
943
478
507
604
635
571
370
911
562
938
794
31
486
44
456
276
680
860
982
317
272
886
341
258
774
215
82
504
703
167
798
593
19
146
445
584
251
398
15
455
769
889
757
245
551
971
276
46
569
28
525
472
167
210
957
664
163
696
535
512
417
942
688
133
987
65
387
0
452
576
514
465
940
386
846
659
138
679
422
577
937
433
259
587
57
118
692
724
798
509
861
34
750
803
946
595
147
649
450
593
320
932
831
506
232
64
25
135
851
249
522
303
82
104
172
655
345
767
527
672
516
369
935
5
682
569
81
479
470
397
6
615
181
470
24
351
946
247
242
365
244
872
669
701
73
198
484
98
948
312
281
297
121
481
96
811
161
117
153
364
978
49
891
324
438
164
516
218
971
676
541
168
131
710
258
471
905
350
32
296
100
215
630
923
993
743
582
624
160
650
381
888
9
178
70
199
639
232
717
192
370
825
30
668
211
80
654
121
952
900
610
339
783
661
868
946
847
1
723
112
451
877
434
269
416
802
817
265
349
678
559
45
842
716
122
750
24
977
317
887
744
532
751
698
848
905
356
818
785
505
741
160
668
114
35
201
114
799
601
560
299
76
207
125
198
312
627
97
119
614
50
461
766
730
515
38
948
13
197
527
177
69
951
324
617
293
69
398
149
92
483
63
589
140
905
4
27
409
830
810
299
67
657
54
878
226
955
501
814
422
120
45
676
488
453
14
749
65
299
345
115
525
209
347
167
18
304
301
893
819
7
492
848
468
239
48
620
97
593
707
802
775
356
400
709
895
642
701
884
530
178
462
913
166
776
703
174
724
96
102
599
634
275
379
202
660
320
661
683
794
339
99
972
878
130
827
858
788
556
426
811
990
677
521
635
403
445
40
637
404
254
658
118
139
700
292
230
807
487
395
264
936
891
857
785
676
865
252
605
588
334
883
884
151
561
966
948
64
218
609
256
630
686
684
991
208
815
514
551
763
752
916
935
393
807
482
148
840
635
381
195
628
220
676
934
770
569
648
802
682
725
150
484
823
555
537
203
247
209
906
1
682
721
165
452
361
649
665
617
196
156
947
120
663
978
672
682
450
506
821
791
76
856
404
580
635
202
742
969
723
980
943
601
105
291
922
266
730
39
594
837
749
153
99
511
305
844
547
182
356
184
376
144
786
273
150
484
174
486
637
740
832
590
637
18
283
709
999
495
977
139
306
818
38
486
639
238
550
302
121
893
716
214
100
200
584
202
785
200
483
380
435
231
762
553
977
720
325
552
952
829
355
507
245
423
780
254
180
143
170
876
239
587
309
64
943
29
610
513
792
701
567
39
100
223
86
179
118
143
531
371
953
849
531
674
149
549
795
293
326
975
682
322
793
957
804
964
827
481
756
489
159
934
966
12
228
664
158
222
225
380
192
904
350
38
477
867
280
826
678
664
233
234
401
76
418
933
245
67
773
737
27
246
507
871
987
630
47
69
592
808
117
290
105
947
35
498
341
452
970
600
650
291
440
3
74
230
670
953
163
419
441
881
978
891
47
845
27
946
584
708
383
323
327
245
322
569
923
359
791
392
382
598
147
409
137
167
971
804
298
565
955
176
459
316
652
806
256
515
193
500
141
839
111
61
145
426
966
261
876
250
416
971
320
357
756
647
342
666
287
322
993
52
585
29
583
736
839
258
81
757
482
815
928
91
92
833
546
155
810
628
320
815
818
648
413
43
562
264
469
152
83
276
407
106
384
247
233
591
175
11
455
199
850
247
479
427
178
850
35
494
802
826
500
113
363
581
104
907
169
841
968
77
241
767
889
331
757
745
973
398
510
100
100
790
541
209
812
69
174
174
331
279
889
298
948
709
206
757
390
841
76
957
189
660
15
917
18
627
460
296
718
784
945
307
647
421
550
873
556
3
714
312
779
897
372
336
764
63
