515
590
8
639
777
146
908
507
293
999
173
194
450
167
480
4
229
480
966
14
345
129
689
6
192
523
147
85
875
889
601
473
624
566
463
262
299
626
718
473
616
48
624
49
28
847
492
42
803
427
949
591
67
280
237
907
568
466
358
300
257
67
577
101
144
674
496
95
255
284
549
283
270
754
150
302
161
615
504
770
149
756
736
428
59
338
465
375
725
276
967
181
174
158
442
485
918
437
894
374
643
773
175
166
211
1
458
599
374
834
383
423
208
879
595
658
92
334
25
974
36
500
640
587
245
663
264
349
703
157
798
967
594
200
392
734
468
481
290
231
191
901
734
758
856
24
145
636
929
445
722
716
249
624
871
658
249
720
552
528
631
148
236
23
759
297
938
870
941
125
168
330
432
779
407
2
752
67
584
390
312
941
487
244
759
898
421
918
576
520
181
979
489
80
900
552
184
685
971
323
953
211
760
404
749
561
376
201
693
428
746
916
524
994
973
99
178
240
961
43
301
752
187
498
657
3
490
720
304
815
838
809
421
493
352
842
930
42
772
461
162
391
908
146
649
327
558
532
871
292
814
102
763
479
582
904
972
370
185
122
987
899
111
691
492
312
50
646
92
562
176
130
740
744
17
413
3
520
216
516
434
795
967
810
536
38
795
714
6
265
390
714
685
222
515
246
803
432
684
846
877
566
367
470
822
770
423
584
606
202
959
175
70
882
313
34
15
75
429
388
106
156
717
436
570
196
813
726
782
793
616
893
954
833
901
179
141
858
88
342
534
304
381
481
631
971
552
836
276
257
704
417
613
159
962
485
206
40
649
246
695
759
658
159
928
855
462
901
429
53
137
493
199
742
792
837
18
187
863
515
443
517
48
526
538
342
896
575
301
910
995
67
693
814
904
408
433
517
559
641
160
925
646
408
269
273
731
871
595
485
300
564
615
114
538
174
365
373
348
560
307
594
736
457
810
218
540
844
242
398
811
395
629
743
467
148
924
68
946
821
613
599
241
553
126
389
137
119
908
559
98
979
564
713
379
299
154
759
347
80
480
383
302
807
742
311
891
131
880
468
834
473
893
340
739
520
947
745
729
386
800
642
246
76
644
543
496
934
410
944
585
143
973
707
932
744
855
993
51
315
213
100
38
0
270
15
998
171
962
98
247
734
184
216
564
991
479
879
292
629
574
275
98
756
719
143
706
787
333
873
159
438
7
177
738
645
413
966
205
760
911
373
702
333
893
375
967
416
505
229
658
454
489
26
809
141
296
678
443
635
844
747
835
74
634
214
875
5
69
507
262
370
494
405
610
404
374
513
916
779
830
805
78
666
599
523
843
309
822
740
724
429
975
491
867
578
26
223
467
628
723
644
43
517
387
598
968
798
341
59
583
653
363
732
60
216
982
736
740
417
484
102
295
861
587
612
410
714
764
921
873
629
107
483
265
814
179
341
506
105
446
425
412
817
722
758
137
458
423
94
128
259
37
495
970
271
243
52
789
775
618
871
430
93
880
829
235
111
160
766
430
886
470
119
278
11
816
942
856
573
120
433
955
937
295
796
800
534
28
533
864
371
561
997
807
840
870
830
263
78
95
619
560
444
864
193
450
807
34
976
341
557
605
973
232
901
37
568
854
215
921
628
646
668
62
752
977
977
610
394
191
830
844
539
306
229
937
90
260
185
266
945
85
965
881
158
116
581
338
639
694
229
839
430
5
45
419
692
592
61
416
957
240
995
499
79
522
854
333
480
944
453
789
476
67
177
905
336
723
868
140
926
94
477
65
877
855
850
629
835
342
448
539
130
142
961
785
389
307
922
39
302
882
520
384
813
403
767
809
6
873
815
582
640
522
859
996
398
737
823
473
732
665
605
567
407
708
780
544
457
210
454
508
335
541
157
549
41
377
385
339
446
865
672
876
690
972
682
443
37
527
72
353
472
780
969
249
166
456
497
45
293
330
966
655
929
894
911
314
523
186
756
230
363
832
733
537
335
634
512
675
526
700
665
955
597
483
240
269
669
124
18
5
528
759
421
508
822
281
309
249
552
233
187
76
168
586
736
619
163
79
222
887
916
862
367
945
359
867
741
742
942
917
341
778
803
869
616
145
851
930
512
912
563
378
131
961
338
931
559
597
27
752
683
356
269
879
453
145
112
439
333
961
134
622
797
345
236
272
731
919
916
405
813
361
745
145
784
778
37
767
229
147
58
631
641
558
603
804
967
93
591
579
348
913
98
749
894
799
215
533
650
285
477
933
696
178
29
419
806
755
830
177
518
745
533
434
644
840
92
768
649
547
485
283
653
755
212
964
516
694
14
719
352
364
906
607
206
373
123
563
544
567
7
382
158
691
815
101
466
302
34
777
359
502
856
60
853
242
385
832
732
76
408
523
1
59
479
519
706
264
816
326
546
66
893
954
154
69
20
114
909
877
963
697
173
257
428
705
687
931
517
685
664
252
142
699
403
35
760
192
704
14
783
110
834
889
987
617
437
667
129
407
417
265
529
109
32
658
75
174
736
337
675
550
254
889
950
133
96
235
792
880
84
786
20
89
498
384
215
886
786
593
337
447
716
773
873
577
891
76
428
744
564
49
273
865
393
385
188
813
580
149
109
449
90
202
260
682
302
10
716
831
447
908
209
319
360
718
183
832
945
810
952
209
223
911
938
128
61
30
707
653
661
741
473
24
791
65
475
878
148
468
909
966
247
22
492
521
617
23
215
160
952
642
637
136
252
862
809
864
710
158
895
659
845
184
682
273
405
211
771
216
350
1
880
143
527
508
774
171
93
29
229
803
212
151
791
86
224
90
884
709
312
140
765
338
288
954
930
95
466
388
914
316
672
558
383
592
457
338
580
624
198
499
716
390
815
429
913
201
246
248
893
210
288
11
96
567
611
38
518
72
489
383
940
718
288
758
399
635
875
996
194
93
424
838
602
509
38
968
983
52
603
220
769
404
576
193
628
540
610
192
898
846
422
650
692
562
728
790
789
230
503
79
554
37
536
617
641
299
462
292
286
67
59
713
108
807
238
705
774
935
321
917
226
566
605
824
214
45
468
225
787
402
747
301
306
900
434
793
479
365
530
709
945
658
594
51
106
719
773
255
562
155
851
297
146
427
378
37
415
955
562
820
70
862
522
107
382
974
938
641
662
239
486
751
588
678
915
736
903
408
985
583
802
733
805
671
726
867
866
885
66
870
436
122
898
933
544
630
977
496
131
846
315
165
806
254
428
282
883
313
695
309
142
85
252
224
123
652
34
392
632
76
188
20
798
768
642
234
66
8
823
445
34
732
123
843
894
958
580
307
173
500
254
235
513
933
532
608
272
27
921
991
864
438
232
984
821
698
116
634
178
487
853
593
779
518
208
732
34
155
281
979
206
485
863
526
12
475
445
961
745
769
985
956
965
959
778
646
261
779
563
481
102
797
582
128
281
664
439
429
311
801
806
568
554
719
776
986
821
483
707
264
609
873
28
986
734
188
87
275
970
687
634
331
689
912
983
583
137
423
868
546
320
732
584
421
964
487
268
171
647
33
371
72
421
896
223
175
940
663
922
217
287
675
87
787
911
378
795
57
590
759
946
551
961
400
954
111
625
129
622
276
942
881
472
453
137
433
719
101
908
357
120
79
121
891
756
430
84
673
214
435
613
603
343
632
614
545
936
41
285
575
363
98
838
231
855
11
385
185
126
329
387
794
132
198
724
698
254
544
908
783
709
263
354
480
14
816
99
92
479
623
259
600
415
817
684
719
219
119
88
427
217
142
356
586
18
868
43
549
57
541
131
34
227
795
569
929
578
4
76
555
770
677
760
966
622
149
170
125
920
532
803
308
372
386
411
946
63
260
67
743
737
944
310
509
404
986
141
834
416
960
62
43
789
584
296
405
268
449
654
189
715
566
941
608
787
471
156
148
431
18
447
149
514
647
376
123
701
305
107
313
957
680
755
825
461
307
446
146
237
226
898
635
71
658
635
210
529
802
523
253
852
634
284
514
488
500
245
170
242
202
6
743
683
551
225
655
750
690
767
801
653
324
532
228
424
131
265
206
132
535
212
554
764
193
558
979
487
772
697
229
638
931
499
827
335
650
939
210
762
809
367
325
568
811
632
274
835
461
627
601
383
105
708
333
659
658
833
643
411
162
832
72
109
952
254
671
589
773
933
871
688
597
145
874
482
819
88
402
516
172
284
943
117
38
62
4
884
178
480
759
23
572
614
526
643
403
746
903
113
364
900
776
497
225
634
733
502
159
385
600
350
509
336
427
636
928
85
665
827
115
599
314
945
428
176
685
341
338
332
520
271
418
578
235
723
113
334
898
802
652
752
473
357
571
893
298
46
596
999
225
733
27
108
665
963
119
912
720
375
16
288
813
739
933
365
826
410
346
592
676
192
934
200
647
485
874
549
295
416
470
856
353
605
494
393
912
210
577
508
691
500
794
417
979
64
791
407
435
544
711
797
296
461
217
221
216
644
543
109
991
854
489
826
988
95
542
675
786
827
78
823
482
56
650
925
750
660
733
198
328
92
444
353
473
237
992
203
326
75
349
888
765
804
946
378
981
480
505
173
467
304
545
821
689
463
494
669
57
273
875
77
591
671
301
23
988
332
872
206
47
720
312
147
782
214
382
93
114
211
186
964
24
38
255
123
972
798
402
112
536
597
788
992
474
951
743
356
684
246
133
106
437
990
924
698
549
920
878
646
605
669
925
252
429
729
748
131
303
329
96
512
896
890
357
228
455
408
925
123
718
335
747
508
782
290
102
752
479
254
657
265
932
193
327
552
733
932
308
843
806
427
662
409
125
373
842
923
393
668
971
546
821
843
710
559
604
951
945
834
679
515
121
594
730
740
179
349
692
869
778
878
773
32
87
657
26
650
735
323
748
818
294
882
574
894
913
646
677
153
985
452
506
77
556
901
355
633
389
143
88
271
763
191
696
493
40
194
836
365
920
167
67
339
305
402
101
699
905
647
404
133
3
665
883
238
572
343
770
812
410
81
842
837
995
421
291
773
291
504
814
706
400
347
68
613
656
124
253
488
362
702
364
798
50
62
143
420
797
698
149
138
324
280
841
253
958
89
243
220
558
336
973
157
980
227
282
52
391
237
978
127
872
837
827
449
618
94
226
457
429
332
911
710
889
784
598
529
512
264
362
407
44
694
484
26
920
411
705
899
571
936
937
286
950
825
772
257
663
767
863
642
782
680
956
5
829
508
576
375
828
615
749
585
698
390
352
108
192
584
13
910
287
699
134
879
722
295
178
387
310
683
659
347
373
146
744
98
914
769
992
241
791
376
608
455
227
627
748
833
63
388
130
642
191
863
852
463
958
906
179
281
522
390
801
504
38
526
623
41
286
907
341
452
77
313
600
604
179
90
685
539
171
141
900
82
784
3
719
210
951
950
826
2
103
846
485
781
653
656
301
343
36
85
993
900
274
885
15
261
614
655
54
832
438
286
927
538
268
9
613
716
448
551
723
264
201
116
564
390
709
885
806
63
625
836
672
61
34
873
434
69
417
421
524
826
372
755
463
703
578
910
631
265
607
49
866
287
69
855
146
702
435
544
758
829
431
540
447
210
744
335
910
472
383
313
579
822
451
57
816
900
907
701
843
108
62
632
811
291
158
121
178
203
363
524
369
838
676
240
49
89
49
604
461
771
244
238
230
760
805
450
398
990
829
667
173
259
778
41
642
449
713
807
745
840
17
799
755
702
420
693
827
61
129
445
325
137
284
634
409
452
424
500
53
512
395
364
816
297
847
391
211
948
568
877
770
416
417
877
920
112
801
863
153
537
235
893
456
62
780
806
793
62
358
769
321
431
393
979
505
337
288
606
642
697
689
150
362
440
814
424
868
704
193
945
814
787
693
488
564
303
31
17
362
602
667
543
630
582
483
821
892
369
874
210
347
139
207
255
340
197
357
957
331
315
887
432
87
413
281
554
139
904
626
357
575
971
981
281
480
665
22
422
891
691
769
655
954
583
255
475
517
33
578
865
810
692
568
111
511
460
12
39
627
883
591
15
988
367
830
619
148
477
693
233
277
484
601
489
803
64
651
655
569
577
49
439
747
527
742
403
162
948
418
108
815
247
372
394
599
640
83
642
84
501
956
123
508
424
478
653
114
778
977
871
843
817
269
779
315
297
183
688
686
978
342
475
658
189
452
268
217
620
448
880
245
445
416
872
940
835
955
893
147
218
149
639
463
701
484
337
982
661
511
562
300
615
302
610
866
555
508
726
169
437
945
275
891
674
652
819
978
313
134
383
499
595
545
946
426
304
560
349
281
672
784
844
387
762
420
732
194
917
390
519
480
56
817
990
595
584
452
49
954
222
521
510
908
898
179
876
344
928
205
723
62
189
352
347
988
926
917
157
517
421
400
297
341
570
989
373
255
986
253
302
655
142
968
38
459
418
6
299
364
0
305
168
419
272
946
266
246
143
356
849
137
802
502
433
345
693
961
108
213
380
585
197
877
484
209
868
980
967
855
905
610
555
886
127
682
910
387
574
451
216
983
484
505
205
194
98
363
918
25
639
887
586
142
947
922
878
390
626
20
214
217
963
927
990
98
787
568
426
477
627
919
879
504
499
833
540
610
25
301
32
441
378
515
801
480
732
871
198
508
214
21
298
120
660
607
334
279
418
626
745
382
885
191
678
924
1
421
531
505
770
619
129
932
114
187
589
945
803
58
242
911
122
540
440
32
217
181
973
801
72
882
54
617
199
214
603
991
889
217
860
68
360
266
92
87
922
861
776
359
13
367
932
331
412
734
603
157
350
862
776
670
799
518
142
283
101
281
616
100
913
153
694
437
392
245
924
430
502
371
937
437
422
665
761
228
55
405
967
340
390
733
611
576
868
257
244
319
957
708
930
1
989
305
618
578
510
609
743
341
202
195
289
856
569
541
877
549
48
87
49
416
758
127
850
548
452
838
284
481
41
378
893
712
327
645
38
567
853
898
71
55
466
735
374
890
883
350
756
323
537
398
276
542
850
287
681
702
946
395
203
621
910
159
21
838
196
281
750
638
314
779
153
161
490
949
148
921
695
921
170
498
200
16
677
304
813
442
700
994
2
667
620
56
751
944
534
855
9
977
485
133
521
953
162
231
79
904
254
753
507
34
923
77
615
159
151
588
444
699
14
667
784
65
419
53
729
377
275
382
337
457
543
775
277
847
716
133
468
212
608
852
448
387
402
450
316
985
430
982
139
703
925
462
48
227
653
872
904
333
826
136
256
653
136
737
491
689
764
887
996
212
326
56
941
107
197
603
890
553
47
640
797
762
115
815
687
284
30
589
959
33
662
217
914
481
654
517
151
909
662
312
805
214
853
24
364
788
118
645
813
50
454
880
967
143
774
706
503
344
944
753
395
832
858
317
427
689
282
705
676
964
21
349
27
597
25
441
458
914
699
563
634
538
909
41
333
138
224
666
398
450
450
767
768
591
827
80
167
234
610
456
895
861
55
394
240
269
853
797
738
578
742
179
531
948
594
24
514
536
542
733
839
216
781
51
617
737
150
509
99
782
825
431
580
329
983
731
185
338
429
274
810
32
292
39
230
364
769
95
155
325
516
741
38
413
271
578
683
243
773
753
322
394
60
41
902
567
696
147
739
80
662
611
115
263
714
916
397
685
581
20
252
100
702
791
359
701
891
591
642
352
549
824
368
978
814
802
210
769
728
352
793
475
371
909
52
628
242
134
526
909
90
162
136
706
936
942
246
612
126
54
761
181
26
638
353
275
636
462
372
571
233
52
695
855
160
235
631
450
833
553
821
455
941
558
924
818
70
320
920
614
347
820
557
350
448
806
473
967
584
362
735
402
816
300
945
488
930
569
929
621
242
144
748
167
433
963
915
632
219
967
944
487
703
283
313
838
491
230
60
564
489
329
712
33
833
851
211
498
828
275
197
875
163
0
120
993
706
221
643
274
349
0
969
131
213
817
827
649
262
608
335
220
984
271
866
989
889
735
137
73
659
782
168
757
367
453
966
1
677
552
981
417
959
511
945
686
729
226
789
684
799
401
420
572
924
80
442
210
585
778
528
841
194
549
262
282
17
627
40
131
622
865
24
396
348
175
204
620
104
32
859
139
360
892
297
809
934
641
340
867
696
161
619
350
662
556
338
51
807
933
540
395
919
395
86
236
97
854
308
2
869
849
674
465
631
815
73
861
460
317
68
733
585
167
838
660
658
471
705
863
331
169
525
869
855
554
52
520
178
542
430
570
773
816
838
138
718
188
192
78
713
321
69
219
880
314
485
279
882
819
23
632
403
497
472
853
759
218
93
890
468
836
655
401
883
825
611
355
650
440
610
367
290
911
156
745
512
620
68
436
651
11
648
722
9
738
183
751
381
464
911
254
297
932
290
131
844
873
116
296
80
615
908
875
162
349
964
188
711
314
799
525
416
772
151
306
154
79
311
63
76
207
331
529
110
25
755
845
346
435
710
20
538
564
424
88
166
806
34
64
247
736
339
543
933
440
56
843
290
614
997
930
985
587
504
70
694
176
350
393
812
379
164
876
733
413
276
105
89
679
450
384
102
266
274
102
623
317
49
338
981
777
284
122
143
89
208
2
39
813
727
732
283
494
547
3
509
4
635
449
735
138
400
249
918
747
922
487
986
814
676
971
215
781
24
548
59
220
112
641
948
532
706
635
69
607
847
126
845
142
817
542
293
397
407
758
580
344
270
124
561
776
541
137
355
542
781
76
928
744
795
54
688
57
36
600
414
730
12
256
523
646
354
163
142
732
484
124
44
189
706
563
480
310
569
104
815
191
815
279
426
841
958
310
345
551
848
424
617
219
253
742
418
794
99
44
799
569
730
287
418
166
482
862
27
140
532
910
533
198
11
975
382
524
565
436
201
459
873
448
962
183
63
59
221
260
438
765
707
282
486
433
58
191
147
378
439
470
522
852
699
69
995
49
23
964
467
196
702
33
781
810
318
609
85
412
441
57
713
353
758
42
876
25
672
403
880
724
712
720
630
712
827
609
853
882
810
37
798
340
698
221
384
148
728
165
460
669
715
789
335
894
885
30
327
833
623
783
500
527
240
719
757
510
474
405
212
644
138
652
711
549
314
186
372
832
140
832
968
161
325
955
756
79
451
112
356
317
301
327
917
142
822
470
499
745
493
927
92
453
740
884
493
685
986
6
518
764
367
372
348
116
348
873
900
64
477
470
439
722
684
71
598
687
947
82
403
886
862
497
833
847
730
897
954
376
710
587
347
243
477
415
13
603
284
641
627
973
718
100
867
620
978
898
891
20
701
862
362
928
586
232
856
72
171
727
954
26
466
414
678
968
288
429
103
922
257
968
830
466
170
500
453
62
553
845
313
179
488
926
852
148
533
152
427
682
384
795
163
157
313
570
51
489
22
712
6
580
239
857
39
139
838
596
737
589
30
836
34
95
935
30
532
798
26
253
208
659
215
40
583
304
961
829
854
593
219
526
149
238
10
450
244
804
462
951
170
380
189
99
44
131
166
506
343
176
103
754
338
381
804
914
730
525
133
425
739
611
810
995
792
883
677
261
288
434
28
458
453
79
74
182
42
669
897
127
88
537
279
476
117
278
762
518
522
640
40
307
743
333
463
33
685
919
46
95
647
743
782
615
310
412
465
408
472
264
605
776
740
291
93
703
525
337
701
591
161
982
487
847
100
458
615
518
238
952
79
300
141
848
608
636
768
708
486
598
642
40
222
642
823
234
591
807
278
769
810
537
683
915
135
248
656
902
645
717
159
199
382
528
95
449
189
604
416
286
157
212
164
177
495
567
109
75
151
599
781
4
652
416
613
762
930
307
670
997
222
906
846
243
605
766
527
86
913
644
162
379
209
646
299
55
580
277
505
330
794
445
556
885
495
449
867
671
925
573
514
723
901
474
637
638
281
59
811
276
721
143
81
338
200
544
505
14
650
816
200
578
836
803
689
384
568
119
121
127
148
799
584
708
246
984
888
748
342
851
358
125
640
449
418
612
996
21
308
121
28
746
645
272
425
365
631
336
602
214
18
990
395
808
284
908
390
80
444
562
488
666
292
774
914
510
320
64
98
610
71
278
342
921
853
367
317
201
666
931
434
818
307
999
654
859
171
479
280
574
93
723
171
819
689
908
284
283
561
656
799
3
270
128
205
472
532
563
996
729
559
868
467
760
464
103
984
91
392
17
961
95
607
900
963
60
801
201
634
603
975
872
5
163
141
564
725
851
773
146
978
595
96
31
786
435
724
785
623
597
822
62
540
30
765
849
540
591
609
139
310
954
14
933
777
760
769
148
912
559
285
653
994
833
354
776
962
608
588
90
413
77
91
26
189
735
428
741
49
81
891
412
406
108
963
507
7
148
252
245
796
919
288
43
290
583
786
731
735
121
747
125
648
902
411
497
185
391
184
76
800
941
37
746
62
422
194
333
571
28
964
715
781
727
250
973
924
395
619
156
278
996
710
79
178
173
648
799
275
657
340
99
331
353
74
191
81
187
455
863
329
300
124
442
598
820
710
50
950
127
153
631
330
140
441
955
456
831
95
744
792
737
901
614
455
855
382
257
163
696
717
182
132
295
40
6
971
697
280
428
186
632
352
840
975
630
232
118
383
221
885
232
443
947
422
544
625
740
574
914
449
119
1
702
146
970
444
131
649
474
270
79
925
258
629
443
586
772
574
75
489
502
101
340
144
284
373
950
379
900
164
328
846
582
54
602
117
601
437
758
779
243
370
720
291
369
754
229
55
332
280
143
467
605
539
958
124
143
315
435
714
234
766
758
559
216
825
935
963
848
565
929
78
297
544
690
360
872
77
816
489
482
713
630
496
501
755
739
586
800
727
307
882
811
550
999
583
706
566
472
950
139
418
857
748
574
350
666
808
340
809
401
716
320
30
323
214
459
281
960
831
692
915
836
463
940
106
241
274
646
841
810
899
957
223
139
716
569
30
212
151
265
434
716
436
180
715
258
536
355
497
855
638
934
516
255
108
342
101
103
237
730
629
496
334
692
16
737
512
451
988
699
217
427
316
365
718
681
236
256
601
792
304
693
107
34
221
875
727
432
100
501
763
114
110
79
243
554
1
953
924
418
278
644
26
638
187
617
422
628
940
457
95
408
985
983
467
452
11
578
875
613
129
286
113
312
250
346
494
707
590
789
20
737
926
650
677
133
244
106
559
768
71
848
684
37
463
343
986
113
450
424
291
864
345
768
178
154
931
894
563
357
875
26
749
476
760
361
352
917
953
165
413
225
675
90
670
476
272
51
738
988
190
58
293
894
969
302
98
91
22
311
214
802
893
749
859
344
297
78
893
642
992
951
356
555
730
274
919
641
688
357
57
113
2
395
659
499
444
764
318
808
286
968
139
103
559
801
577
336
717
85
577
736
372
898
537
826
713
333
604
191
801
427
259
564
91
232
786
378
222
150
425
763
448
205
549
768
749
417
3
312
88
937
520
770
865
740
208
915
795
30
929
683
944
232
459
146
508
485
462
401
51
296
488
274
640
235
194
825
107
603
517
324
549
463
622
430
211
327
404
825
61
362
898
537
402
991
189
518
34
941
483
138
143
838
990
361
241
494
748
549
293
625
716
929
633
370
207
310
214
425
841
689
771
428
891
701
882
518
766
981
273
348
77
90
719
532
39
58
568
841
152
114
903
905
476
490
600
215
847
134
439
476
108
678
344
417
519
667
812
527
33
329
452
664
816
180
949
166
992
35
9
432
674
778
886
486
80
227
149
850
418
988
33
414
960
187
521
764
588
182
916
432
802
32
792
930
856
350
183
184
292
615
487
624
751
873
37
435
772
553
909
542
860
666
504
553
673
159
874
722
741
611
446
156
262
589
281
840
32
714
904
902
728
571
783
309
665
165
823
126
244
743
3
855
704
749
272
587
204
147
622
398
213
806
695
151
305
677
370
998
918
765
212
788
311
209
293
930
412
816
402
962
678
713
580
90
68
441
229
607
292
181
98
965
273
571
385
957
133
955
968
679
564
491
687
631
406
991
884
820
534
272
18
171
715
75
828
186
650
834
315
873
430
944
682
987
302
822
714
369
721
771
111
0
912
352
478
121
999
736
729
326
242
742
369
693
865
482
359
540
608
828
567
668
533
113
681
451
78
154
437
633
542
177
986
412
180
599
955
271
761
601
864
373
36
425
940
244
315
473
968
764
376
586
67
790
549
186
220
441
358
108
254
296
290
786
118
184
629
917
876
357
349
461
148
532
871
804
536
771
174
556
116
693
719
945
21
642
755
769
830
403
82
192
889
850
849
992
423
223
415
518
588
992
50
360
658
696
505
554
776
680
237
623
598
116
193
709
248
148
523
697
757
42
558
730
170
627
261
746
608
222
886
926
983
610
65
958
293
965
276
608
392
854
124
527
11
340
554
489
576
568
255
911
906
236
54
397
398
479
780
273
614
625
550
848
721
904
488
452
947
22
253
690
596
153
944
63
871
354
750
843
417
353
781
878
868
165
661
174
64
10
610
3
229
507
371
922
791
263
930
381
53
487
448
363
896
541
917
988
45
417
672
653
592
333
393
410
517
448
497
465
915
56
970
795
504
208
33
190
227
857
68
837
186
53
169
329
928
559
341
88
802
837
158
52
687
399
694
975
154
922
484
618
429
605
320
885
52
301
995
920
635
684
609
224
956
540
444
806
145
313
470
361
450
996
675
236
260
819
208
570
63
654
756
93
402
613
681
510
916
14
407
990
809
250
878
643
88
143
45
351
758
816
556
987
185
328
850
576
922
349
868
214
63
9
579
213
764
317
337
0
718
806
511
715
867
33
950
769
802
306
176
168
299
192
138
128
122
781
281
982
973
433
541
119
839
950
734
311
280
495
578
786
331
937
969
250
421
3
685
599
829
322
409
204
28
581
228
534
353
472
994
88
273
35
384
537
90
282
993
63
595
176
18
821
306
188
503
736
905
798
792
967
982
667
931
280
365
915
735
832
372
756
378
811
954
672
712
113
925
889
824
737
624
124
517
911
277
979
982
304
772
845
490
191
56
656
860
761
410
927
62
698
277
374
525
322
261
74
569
322
428
670
71
280
243
103
157
995
249
177
66
888
667
187
856
466
584
598
46
16
896
955
670
593
296
969
983
443
157
942
760
936
59
253
42
970
432
350
249
213
690
531
343
594
929
214
877
629
274
800
894
916
577
468
458
904
499
722
980
160
133
496
872
240
933
923
981
601
195
171
370
513
27
564
977
179
561
433
77
970
297
891
545
568
651
975
390
771
56
597
56
46
659
596
414
789
935
564
892
73
696
571
38
220
776
449
732
623
402
263
445
471
323
530
9
975
609
574
423
262
403
477
407
377
715
831
349
387
652
819
450
856
636
131
937
849
663
213
547
730
397
6
560
680
577
490
99
118
175
326
208
766
306
551
692
388
503
467
745
622
313
28
677
448
858
725
486
773
258
109
100
311
863
993
690
119
882
126
291
776
681
372
29
718
223
118
21
364
644
261
63
843
322
916
767
63
589
503
257
2
486
557
673
340
781
452
552
586
136
571
677
187
524
570
107
210
710
534
468
606
503
242
962
285
554
519
77
782
931
883
615
6
942
712
536
315
657
723
150
972
239
669
516
497
298
430
318
751
237
157
295
244
755
940
751
456
14
696
636
180
736
631
35
701
207
18
459
560
321
722
463
386
525
814
30
535
73
314
745
72
197
956
48
938
556
416
649
41
138
52
454
804
198
301
929
825
549
512
743
665
96
757
567
390
508
357
102
9
508
940
704
49
661
673
492
54
486
859
396
283
809
734
0
969
322
299
742
32
508
925
440
440
146
944
659
246
209
604
983
683
127
447
487
894
943
568
351
322
741
439
973
890
24
235
838
56
209
660
382
229
167
190
378
915
852
31
510
974
327
279
22
856
310
814
523
276
504
893
765
211
621
394
367
954
971
70
484
461
806
555
35
116
178
983
441
771
224
822
68
600
267
828
576
878
438
447
480
374
212
906
98
837
691
654
455
560
405
276
301
180
597
526
787
498
139
75
945
895
668
193
658
402
497
148
703
439
345
157
265
680
446
134
682
59
49
57
520
831
91
264
687
512
290
912
98
210
348
135
862
66
762
580
99
679
644
253
640
608
693
611
970
903
755
699
448
587
573
454
998
3
833
607
700
102
201
124
379
400
753
222
308
983
928
891
300
948
505
3
111
108
477
183
528
38
814
141
498
207
914
752
158
305
738
477
746
690
287
584
66
961
392
973
118
867
57
298
64
539
380
41
64
281
621
20
142
897
476
185
962
676
580
453
243
916
203
13
995
552
462
975
748
255
251
463
226
794
546
861
147
674
152
124
655
881
9
406
192
324
233
634
398
845
200
816
962
664
536
755
805
651
36
221
716
872
630
481
698
607
13
217
570
420
922
167
487
265
541
345
915
52
65
702
472
744
792
876
606
57
4
132
874
425
20
430
815
856
391
126
523
272
704
504
897
182
677
447
918
764
686
841
498
596
591
222
293
23
410
95
476
684
876
588
807
500
794
670
8
905
824
99
537
799
813
655
178
187
999
943
855
800
350
697
362
144
128
120
866
287
841
796
215
540
124
358
8
417
226
601
3
465
285
443
560
505
626
90
923
391
378
708
381
183
899
663
390
781
991
536
297
436
329
351
803
317
823
422
385
747
920
530
189
947
284
515
436
954
266
494
968
678
50
969
821
750
896
150
218
518
297
961
135
18
598
340
533
379
626
570
333
920
977
903
33
564
439
94
225
285
737
813
780
293
556
147
924
537
993
538
363
735
10
448
695
468
820
975
328
995
464
339
530
442
992
396
276
999
194
441
371
711
764
509
963
807
164
830
540
452
434
815
941
652
598
360
983
543
607
572
8
608
87
912
3
126
400
979
569
264
754
904
470
157
253
280
898
672
910
253
426
858
760
153
746
858
824
550
490
863
764
567
234
607
824
42
363
304
471
873
276
171
659
230
85
176
986
436
876
548
501
572
890
584
237
597
632
292
964
245
699
16
6
412
226
650
138
536
672
155
49
2
538
988
105
503
702
151
630
219
670
32
6
808
448
730
623
21
371
974
880
138
304
590
441
719
402
975
95
411
812
733
888
818
790
880
143
528
763
924
37
131
58
807
644
229
87
548
465
686
222
316
494
592
291
932
777
988
376
961
332
666
684
280
281
21
253
10
514
149
570
605
867
910
975
86
197
758
597
529
439
244
213
827
962
164
689
95
178
823
696
197
133
319
372
657
441
663
170
895
934
73
965
868
84
754
71
879
146
64
741
455
709
83
733
158
842
73
479
955
848
196
293
525
861
814
888
819
523
557
609
305
494
857
289
773
485
65
86
208
922
374
442
168
80
736
409
433
224
452
863
532
968
31
739
408
752
652
612
884
299
881
887
886
519
464
66
678
560
161
808
252
519
29
634
89
282
437
62
145
889
433
358
597
820
60
95
671
948
20
236
358
765
464
679
914
52
155
308
769
411
733
722
160
38
704
55
213
593
511
15
49
240
419
944
891
642
831
732
351
403
11
644
662
621
543
870
359
874
133
611
883
681
504
248
782
138
428
14
962
584
331
944
93
666
958
625
458
237
933
991
445
634
541
888
704
463
192
383
619
317
691
403
408
22
0
76
252
408
804
691
698
259
731
438
50
810
519
108
758
257
240
347
748
340
853
563
504
