289
232
856
267
298
468
993
825
54
558
530
182
424
609
889
527
21
488
193
150
256
993
972
921
572
440
4
312
134
996
14
894
981
766
459
687
591
693
964
976
481
151
306
931
602
514
168
913
380
457
893
754
241
106
697
49
774
284
52
115
950
221
382
374
334
818
814
677
504
816
994
129
286
254
583
356
573
38
342
79
548
377
11
788
231
479
963
77
228
352
618
363
601
652
247
627
424
270
468
587
497
456
589
130
738
728
44
149
661
864
503
173
766
108
351
142
960
860
349
539
211
56
339
349
459
395
541
363
248
929
74
18
646
74
739
917
793
856
782
25
854
669
391
247
864
390
836
269
46
548
476
574
926
449
363
892
8
255
716
504
849
932
252
753
283
106
503
936
157
787
105
988
52
873
299
217
750
275
671
332
990
980
282
473
561
814
46
77
492
308
377
672
280
197
973
386
83
43
245
382
692
267
976
107
451
960
189
543
451
624
596
719
172
632
85
738
721
75
951
764
259
70
110
981
72
479
434
425
500
435
273
523
842
350
448
922
663
893
99
30
539
952
230
67
108
236
79
596
81
125
403
811
233
320
905
5
822
758
391
571
993
772
655
818
754
575
373
308
283
806
272
216
803
344
978
716
122
724
102
219
70
911
989
153
377
703
469
994
412
894
503
803
789
19
499
689
136
587
50
550
125
613
520
130
710
122
740
605
754
795
173
754
955
333
507
632
345
687
262
322
57
12
679
542
317
124
578
83
745
469
380
347
431
775
799
984
952
236
111
139
104
550
904
871
588
883
502
564
579
4
713
536
382
43
427
208
350
130
431
172
608
977
727
272
815
631
234
582
950
290
744
785
912
337
916
893
334
166
485
546
436
97
864
224
521
56
910
836
170
795
742
720
346
971
638
384
527
658
947
264
731
750
507
404
998
792
171
912
597
161
914
982
649
699
729
197
414
149
773
462
622
209
491
114
650
504
742
888
580
229
936
619
12
806
899
959
421
782
747
900
107
832
98
859
844
471
719
541
112
616
92
323
902
649
858
888
380
571
387
835
946
826
916
433
412
581
749
199
779
913
94
925
998
128
688
62
130
414
22
219
723
188
966
527
46
710
831
973
173
240
864
334
213
821
691
359
872
871
53
832
682
43
978
239
226
211
81
410
735
895
466
251
580
198
536
781
273
558
695
669
200
75
970
805
433
300
905
466
498
777
318
372
319
16
146
246
594
551
305
995
