884
276
36
653
18
218
686
784
913
974
77
95
901
246
33
37
776
80
356
731
772
217
921
627
353
767
288
305
279
567
58
242
969
507
567
636
910
715
370
693
725
460
342
767
300
823
8
96
165
664
272
920
694
206
981
996
331
362
827
576
426
537
340
434
611
212
520
345
418
535
258
923
723
518
498
310
872
426
568
878
698
91
571
445
394
48
302
601
378
539
507
208
805
560
568
446
663
395
123
199
938
456
810
664
823
614
483
591
845
229
549
19
361
359
130
718
107
411
33
510
64
324
956
915
177
872
51
228
767
580
403
690
858
149
54
750
893
793
896
974
15
540
923
642
464
815
800
437
117
298
411
831
739
674
345
751
917
438
177
670
89
939
668
935
181
96
162
954
241
148
138
40
513
442
718
704
578
46
249
928
334
2
398
383
510
554
582
447
667
702
445
361
400
861
154
65
560
749
194
440
447
777
247
599
576
652
554
665
643
362
994
114
888
446
167
44
149
118
880
280
15
891
325
873
184
852
666
724
926
505
945
451
956
301
171
681
231
893
98
905
111
334
574
975
360
787
58
288
484
771
82
445
310
89
868
705
158
181
976
52
828
328
541
577
83
509
961
586
43
602
660
651
659
286
922
588
745
389
323
871
639
806
649
306
132
621
389
767
100
261
623
182
646
365
720
892
360
963
773
244
720
559
106
356
641
846
113
643
680
422
646
599
131
81
360
747
909
35
206
749
512
766
475
701
415
157
223
809
239
341
76
21
186
383
642
992
655
626
423
371
593
197
503
466
682
882
307
509
780
214
305
448
468
557
336
261
164
187
110
380
316
725
481
929
812
662
542
739
248
429
713
821
999
628
353
413
786
459
439
570
718
683
147
979
358
463
611
579
857
972
234
896
491
393
560
394
706
945
875
297
736
645
466
503
767
271
858
692
926
754
95
113
135
445
217
532
225
86
480
930
569
251
813
890
777
795
158
222
34
68
941
477
819
701
159
140
429
203
684
899
474
802
856
987
914
609
405
477
122
720
610
854
17
365
828
486
152
681
575
920
814
698
400
940
357
705
227
72
684
868
45
157
26
726
917
358
4
490
980
203
347
575
789
891
685
565
794
448
70
878
245
628
867
751
600
394
834
965
770
544
9
309
7
136
650
716
778
853
248
669
849
418
122
881
614
230
360
792
893
692
190
397
54
839
348
840
169
883
95
878
857
758
584
187
703
102
559
823
980
644
892
61
114
173
257
888
760
386
975
569
184
621
692
964
270
180
854
481
695
818
7
46
267
696
196
361
905
107
820
154
574
167
42
351
154
898
558
98
535
147
910
253
230
745
948
158
392
807
933
93
614
173
158
234
557
938
650
667
849
85
436
3
757
643
734
31
301
963
628
746
312
198
488
624
589
114
771
687
808
229
220
57
889
470
128
326
954
191
206
727
667
198
341
141
348
475
845
800
510
205
703
803
238
949
290
717
391
340
835
514
899
16
872
448
662
993
329
694
111
346
579
310
587
460
235
164
151
156
251
390
506
980
372
595
422
518
824
944
161
85
626
581
876
726
917
759
279
444
941
406
110
666
566
910
221
416
96
60
795
697
484
638
38
171
709
981
451
501
381
918
136
471
387
971
960
171
422
73
185
809
9
195
374
360
875
35
676
937
841
472
228
805
747
164
196
31
912
100
497
836
774
451
686
327
114
968
826
953
64
227
64
574
872
671
240
546
341
369
278
474
651
670
156
759
724
875
385
676
624
926
181
233
663
18
856
649
963
24
966
782
271
592
137
69
926
247
155
539
945
530
421
774
201
841
497
312
637
783
689
822
592
894
539
624
947
991
633
297
419
95
801
269
118
29
838
234
959
712
640
687
563
757
263
370
103
869
599
550
200
957
960
713
727
992
749
587
103
279
39
154
44
705
758
155
338
165
875
931
111
988
709
675
870
900
302
218
545
198
937
68
482
121
250
640
590
648
801
48
286
310
317
225
404
82
458
963
542
253
966
474
818
128
229
882
575
387
223
57
67
176
995
375
310
334
947
769
722
466
83
938
86
143
575
194
454
446
216
673
616
537
186
796
677
321
557
808
969
223
446
277
961
727
98
641
577
505
270
86
384
538
614
189
280
743
64
977
45
945
948
585
450
716
707
757
698
481
592
794
642
300
231
200
104
672
833
784
151
445
233
771
195
252
630
102
659
377
853
922
720
391
339
255
256
402
260
209
671
974
747
915
803
325
494
879
339
261
836
359
923
759
70
878
254
492
328
872
489
770
955
872
552
772
520
568
39
728
818
619
23
154
577
527
411
134
527
606
774
363
464
859
115
867
379
593
623
814
15
847
47
438
732
416
234
493
312
415
883
818
706
208
734
987
494
634
564
324
429
224
277
454
361
103
584
859
370
761
170
886
256
760
745
423
821
886
619
516
270
385
528
371
94
124
864
891
919
88
459
731
38
219
292
890
137
807
529
310
832
874
425
736
182
573
74
332
218
230
438
998
998
297
449
96
707
651
18
776
679
782
139
822
324
65
151
300
430
711
832
390
265
136
162
616
93
308
447
479
103
243
487
935
917
394
707
140
613
697
14
781
259
432
226
882
997
374
763
70
180
180
377
351
721
942
735
138
282
537
147
916
960
547
746
20
294
795
537
556
744
257
722
205
661
368
849
218
403
880
90
69
582
600
738
670
764
785
390
915
792
94
883
928
81
976
203
31
438
477
937
395
984
216
633
318
348
148
975
51
395
562
250
534
856
186
285
903
838
517
274
117
940
873
803
879
645
198
262
493
392
238
524
670
337
234
895
531
842
815
518
184
554
95
918
115
503
291
382
149
699
390
287
949
345
885
110
996
850
563
616
755
256
649
697
184
423
859
792
216
891
981
259
302
18
908
242
633
262
193
595
172
14
864
361
983
259
887
977
803
779
57
940
627
603
867
818
750
941
262
89
833
707
155
441
48
567
261
715
581
322
551
326
649
29
78
853
816
943
793
40
546
675
262
461
563
813
630
996
515
577
776
708
289
815
291
165
843
71
117
251
257
766
513
827
904
226
853
197
826
616
545
615
794
903
764
354
37
856
392
898
676
813
645
983
542
923
188
635
555
181
209
528
27
678
804
639
532
931
1
975
258
235
523
849
161
603
455
180
63
170
580
97
301
78
465
293
147
402
855
790
187
749
78
692
669
487
619
46
810
146
406
110
925
899
649
410
899
796
349
744
963
343
415
269
593
728
304
570
756
496
90
627
959
82
413
405
965
372
394
260
229
332
879
198
597
548
697
944
435
180
624
826
631
114
788
457
212
840
157
82
141
26
96
718
108
978
325
718
798
746
621
84
42
421
25
955
544
67
502
413
318
919
197
319
989
135
991
786
627
432
621
249
882
691
693
530
318
239
905
988
715
556
113
843
468
417
992
514
808
787
341
85
575
291
168
362
939
635
692
868
746
429
124
444
991
55
6
724
984
918
124
273
842
422
497
789
448
700
360
245
467
513
904
478
3
147
733
767
324
9
928
27
4
122
502
893
368
75
29
304
462
916
515
362
62
725
401
533
985
690
845
306
387
776
565
642
462
411
143
498
100
93
934
978
549
245
894
90
561
474
904
913
981
723
458
988
442
340
446
608
572
735
618
724
262
908
648
637
634
630
611
383
454
588
290
437
179
729
689
710
990
257
139
764
409
936
324
130
932
272
347
697
389
302
92
375
903
570
635
477
78
858
669
347
664
642
312
314
15
73
28
517
252
11
1
469
517
671
639
232
759
988
348
829
271
341
895
207
697
333
332
900
452
49
529
408
901
49
405
291
295
923
408
187
997
404
622
911
566
579
261
786
583
301
653
576
822
998
679
648
682
146
830
382
856
976
138
204
889
856
604
460
191
25
860
525
302
825
750
503
271
346
715
364
520
485
539
990
703
214
232
151
829
892
741
681
351
715
942
34
992
624
545
307
443
864
154
485
627
158
677
409
853
207
892
315
749
467
521
842
118
914
181
30
246
368
630
846
821
111
391
374
318
223
753
722
381
621
47
945
361
109
704
280
467
5
662
17
220
480
795
769
422
772
947
555
240
185
428
76
541
237
50
564
494
945
519
373
116
802
455
92
674
620
946
905
902
90
147
340
360
858
142
662
987
641
526
49
353
259
811
197
460
364
506
664
166
768
455
178
642
260
894
986
667
767
455
296
122
224
912
823
349
181
636
150
779
141
281
764
252
227
264
878
517
503
637
839
161
315
470
50
171
175
840
855
529
209
556
224
538
804
465
246
159
660
699
493
239
260
866
417
133
148
397
715
748
106
157
500
731
659
526
4
908
422
368
375
38
78
140
678
794
34
18
574
170
891
431
622
893
121
907
138
800
210
256
615
543
816
287
682
1
822
237
818
760
855
827
407
975
707
899
453
503
998
214
505
594
671
690
22
553
874
361
501
193
354
933
487
439
143
815
887
653
248
71
465
260
373
197
290
577
499
614
738
253
508
114
125
956
755
170
273
942
466
984
380
4
544
222
742
803
57
48
447
828
307
446
349
940
315
370
371
654
291
96
537
583
496
906
620
322
275
803
27
873
820
931
525
869
678
369
994
669
108
632
4
442
614
208
761
635
775
173
672
540
909
541
846
865
14
2
916
57
228
215
111
246
845
311
443
872
434
426
212
649
50
361
579
123
130
280
690
654
43
315
964
30
816
297
612
632
946
85
336
213
898
764
545
599
26
273
106
921
392
995
547
716
104
232
337
923
669
531
843
448
980
664
932
815
590
336
504
976
975
785
868
258
239
781
687
27
365
746
215
212
867
426
489
633
82
712
49
759
667
395
898
461
350
320
618
733
611
87
237
932
155
832
997
981
498
934
859
508
747
25
276
549
959
906
699
85
972
303
799
641
990
302
32
299
61
94
436
962
883
730
400
881
248
775
373
672
188
156
241
86
464
937
711
641
841
895
940
636
562
743
87
622
605
983
156
883
93
896
572
412
291
795
909
450
156
657
578
416
499
738
543
526
48
613
251
378
260
518
857
441
760
973
637
66
689
979
712
364
682
632
440
926
55
232
664
676
817
12
255
26
986
180
95
624
735
858
532
725
989
290
678
608
657
557
85
930
968
693
881
119
712
147
859
380
377
124
652
314
716
650
688
544
758
430
973
71
712
996
870
478
431
103
407
918
51
227
132
480
366
49
770
515
251
492
354
489
480
875
381
705
585
992
753
863
122
117
487
495
113
78
933
226
934
193
127
639
128
762
517
914
590
571
369
161
534
529
479
155
581
346
873
900
228
138
662
980
315
356
799
997
901
925
950
939
559
477
962
478
430
343
627
818
916
376
471
56
263
508
487
221
622
507
682
288
545
307
491
529
988
71
217
509
575
470
107
6
85
110
390
223
791
718
356
774
845
571
667
42
584
930
207
883
63
701
725
480
155
601
685
908
593
187
266
762
940
578
194
712
701
712
965
392
928
659
700
264
900
752
71
203
38
199
906
49
755
705
133
937
152
606
47
79
711
683
774
153
689
944
726
747
818
632
940
42
173
585
69
726
61
908
48
416
654
790
484
643
670
469
375
783
635
31
821
912
625
3
985
901
752
691
667
5
808
353
54
124
554
718
772
330
229
177
513
645
482
869
593
29
404
892
943
373
671
647
147
793
604
959
206
475
598
46
341
384
92
815
512
111
211
748
22
834
784
446
223
285
399
414
269
211
834
138
304
871
802
444
605
888
371
116
370
70
167
198
233
362
865
950
190
994
324
152
54
865
712
532
166
308
345
854
477
209
956
76
535
395
966
144
895
320
578
965
665
171
695
399
921
109
460
763
971
143
617
853
536
642
595
177
417
159
532
913
292
971
285
60
752
178
568
232
846
997
526
862
414
237
178
660
259
63
232
105
204
234
670
529
976
363
805
383
749
338
219
442
181
701
569
496
982
890
20
48
613
250
770
364
750
49
19
643
258
410
914
588
973
408
862
894
122
367
561
77
518
200
36
990
670
315
117
740
430
855
422
795
799
637
259
658
884
659
376
486
826
844
420
121
97
68
535
241
659
858
147
188
247
334
513
297
466
833
252
131
940
828
666
455
530
145
724
932
285
54
627
946
735
416
365
706
413
331
315
126
61
463
336
226
381
263
592
471
214
435
978
961
499
630
732
366
794
98
250
374
453
542
546
306
549
473
262
925
653
705
15
120
878
292
731
866
900
264
323
852
100
102
308
626
72
32
464
421
809
635
135
685
840
32
351
708
265
405
910
30
268
529
399
84
521
940
913
376
343
212
616
147
50
732
965
10
807
743
369
871
468
538
898
756
369
792
703
490
21
887
46
312
375
535
279
726
298
939
853
177
51
416
345
257
586
34
642
518
51
758
365
42
352
570
676
511
917
345
286
65
471
219
244
198
401
520
259
570
549
101
371
600
812
791
803
482
42
245
390
169
41
866
190
472
40
815
835
619
519
959
976
397
866
292
323
567
928
248
975
620
318
654
624
473
317
246
754
602
509
23
214
48
804
294
65
150
0
941
211
419
60
864
545
658
914
408
48
76
398
650
687
783
74
34
95
384
547
57
346
397
767
181
37
869
442
623
427
120
308
104
15
907
520
53
821
603
891
778
814
483
783
963
143
177
484
117
341
658
498
450
407
390
381
420
983
902
157
953
142
458
872
316
979
751
166
941
808
661
282
62
634
567
488
918
370
948
423
531
997
346
781
776
60
34
641
118
273
654
425
279
807
751
96
381
396
660
308
721
22
444
321
352
743
388
541
112
630
740
745
152
411
948
977
933
783
821
161
81
838
154
675
605
282
836
385
775
157
965
467
48
898
676
958
188
393
399
154
780
941
863
686
400
964
965
969
741
314
370
720
167
610
813
527
784
307
21
382
687
154
838
50
179
490
953
884
318
565
811
218
751
829
855
160
663
363
472
163
166
419
911
930
46
306
531
361
796
542
638
475
223
104
499
611
569
216
694
575
898
974
244
634
156
344
354
276
154
445
473
88
937
740
974
763
888
106
568
500
348
150
491
260
668
491
169
970
276
977
688
755
380
128
687
869
968
787
705
271
611
189
444
655
868
378
892
935
963
420
473
261
101
457
687
325
202
397
899
877
96
786
699
108
784
608
86
296
294
522
699
660
903
887
894
322
379
338
213
746
985
151
128
375
842
441
15
362
21
885
557
326
538
757
442
879
715
578
959
759
259
897
115
223
474
880
298
270
953
102
748
849
424
844
44
575
472
716
943
528
682
68
452
377
565
215
219
15
223
112
574
678
67
148
204
740
225
91
924
959
163
899
7
455
99
177
462
145
418
580
218
129
27
800
291
108
62
212
192
791
489
985
501
624
577
591
755
79
166
949
385
568
676
460
904
768
86
561
940
856
605
910
854
987
397
292
134
393
433
863
454
741
165
38
98
434
953
485
212
516
878
825
500
774
721
751
508
280
620
441
465
298
868
830
949
457
589
933
682
900
145
342
89
5
999
485
944
847
472
612
434
112
910
83
521
868
997
375
822
459
715
236
393
288
980
920
548
495
757
510
425
267
58
684
484
41
436
146
732
388
810
110
35
838
384
944
740
103
693
655
324
469
662
143
505
913
528
448
335
201
355
388
153
0
586
772
477
710
830
383
480
605
322
665
73
537
978
548
626
195
76
45
928
243
193
781
4
359
997
842
769
812
657
402
430
695
634
212
798
9
530
379
778
365
733
727
553
991
30
241
46
235
119
611
431
