631
129
988
77
902
335
621
660
650
788
642
298
900
232
386
473
43
697
28
280
809
109
578
835
618
920
962
400
202
745
361
156
794
102
374
68
831
904
569
32
111
250
982
233
360
707
826
571
111
99
945
838
978
50
993
871
115
43
254
955
33
887
299
371
788
830
42
74
221
201
248
12
464
27
312
657
599
206
210
407
268
673
952
670
74
351
325
692
337
403
874
257
380
839
918
125
305
644
562
125
676
708
278
172
424
955
651
862
131
252
974
920
853
480
558
595
237
337
738
24
872
380
762
997
943
741
856
557
451
549
282
734
712
614
944
980
19
359
140
411
866
354
491
705
638
987
174
618
799
580
501
501
741
787
649
612
414
357
860
729
832
635
40
603
653
459
992
976
774
450
199
684
782
588
99
696
460
158
558
470
308
507
17
41
67
19
20
761
756
346
54
972
180
228
790
984
655
454
348
604
812
856
495
287
684
254
108
880
906
574
391
516
144
204
218
54
582
472
591
345
359
1
11
801
506
99
297
168
657
684
407
692
970
621
345
293
496
444
993
437
733
846
584
320
718
913
620
946
755
47
685
976
753
510
653
422
286
933
684
704
297
441
949
348
699
966
513
588
278
273
214
82
800
418
595
629
916
623
611
48
453
155
963
577
912
445
970
678
501
341
860
379
25
441
450
337
348
758
442
704
434
674
527
773
440
478
773
503
524
1
827
59
529
464
973
440
350
186
316
893
242
127
173
230
559
768
491
573
400
633
353
972
991
851
728
153
823
271
297
379
795
525
464
353
642
554
534
114
864
696
65
271
658
919
922
892
461
809
26
861
443
939
954
181
835
0
134
290
692
856
205
221
110
605
847
245
301
606
947
339
74
756
604
72
744
994
640
178
944
105
405
637
42
