727
578
851
718
623
70
754
217
990
319
127
82
770
745
466
180
182
325
343
770
860
880
657
176
955
408
948
463
893
737
31
199
752
117
733
919
639
778
119
192
412
452
727
823
644
628
459
313
615
537
181
418
682
555
971
678
307
839
375
576
272
411
429
352
253
979
708
271
416
468
115
63
418
702
698
814
21
775
346
153
413
634
162
108
820
727
167
783
765
476
471
101
116
129
146
358
161
280
21
172
439
387
836
931
245
392
803
874
985
856
170
710
404
853
475
477
558
73
73
151
526
555
119
97
589
949
369
308
88
233
203
658
97
145
493
937
305
598
71
79
948
305
975
781
640
285
812
201
731
797
694
555
457
633
844
513
799
932
889
302
95
801
227
189
192
860
874
883
825
805
850
970
649
294
293
586
942
406
256
707
73
998
296
69
690
769
233
296
510
825
675
375
249
892
297
335
993
838
119
30
41
15
471
7
806
173
104
146
922
92
540
591
130
970
917
923
30
616
771
243
765
434
740
837
139
895
129
791
120
827
640
471
325
146
699
985
582
624
461
807
982
20
52
266
996
483
920
727
801
104
238
957
786
193
161
683
304
229
686
111
745
985
418
600
34
706
138
165
708
484
118
750
857
49
212
960
129
374
13
311
197
855
813
843
55
443
300
941
84
354
588
131
391
810
383
711
124
569
535
118
597
149
241
236
60
679
967
948
62
231
392
453
336
664
46
913
513
908
387
799
796
442
441
768
512
579
941
510
597
157
583
473
878
527
465
347
237
83
401
547
367
841
693
647
86
712
986
626
645
687
529
845
691
154
127
545
903
504
167
803
668
777
726
729
385
933
794
313
72
744
536
872
800
817
945
927
242
962
784
194
133
754
770
147
638
485
618
915
783
389
89
465
98
186
815
787
875
829
576
24
848
194
590
712
5
740
102
27
560
634
738
270
838
551
491
853
304
495
512
82
773
477
167
283
557
962
199
26
544
553
832
894
409
485
959
334
210
51
642
950
173
700
460
98
508
803
422
519
117
445
779
785
758
278
334
615
561
807
289
99
676
253
772
445
936
630
25
183
203
493
88
107
284
565
668
49
810
833
9
13
490
882
320
237
12
578
232
32
129
597
451
905
466
55
98
355
712
368
246
974
171
284
356
640
305
768
612
920
694
983
326
203
58
546
418
313
628
606
243
489
105
950
606
537
72
177
653
762
301
847
738
680
584
830
922
296
273
577
385
610
123
183
995
405
890
281
182
601
18
917
186
248
821
432
633
926
553
537
449
200
532
928
619
153
300
541
695
87
56
844
438
83
140
798
3
79
357
356
367
299
842
780
49
608
666
150
470
333
984
112
994
32
480
918
995
452
597
941
693
616
840
750
752
377
903
864
931
934
624
494
523
424
536
288
972
341
940
229
554
738
803
277
860
397
558
469
374
293
69
596
506
665
64
626
331
461
446
129
621
572
261
259
644
775
799
371
791
643
614
791
728
816
276
355
92
597
9
905
722
17
449
556
609
373
265
445
754
806
422
364
15
198
315
320
446
841
333
433
487
429
84
522
182
355
376
141
684
107
101
711
816
324
245
746
870
160
441
257
482
29
572
422
723
568
491
839
671
285
349
944
950
209
291
330
101
144
891
840
594
387
839
154
783
825
293
162
509
894
267
836
439
313
106
451
119
55
324
862
184
205
922
938
842
650
846
177
116
171
305
536
185
489
203
126
753
661
541
952
243
963
524
673
588
548
181
319
870
549
287
529
768
77
657
596
582
500
457
245
341
423
902
561
373
176
723
543
51
283
41
663
642
427
95
773
846
2
337
845
524
367
946
226
161
434
63
970
374
187
657
737
325
465
118
46
506
718
885
946
737
415
173
132
864
426
353
210
928
208
673
427
598
274
352
871
384
911
830
671
14
251
66
961
543
964
117
596
829
246
157
490
686
775
316
75
704
836
933
838
480
473
587
747
582
688
526
532
321
633
419
993
83
808
14
338
440
533
783
511
200
212
494
84
495
852
980
784
726
717
895
885
951
378
298
658
474
199
839
235
519
76
306
114
863
199
763
455
76
927
655
707
585
228
236
434
735
925
503
359
494
193
164
329
708
23
49
443
333
833
776
250
15
211
479
391
112
666
909
52
614
967
211
779
907
410
420
666
404
827
571
507
508
108
704
8
473
427
822
532
531
580
652
12
724
18
301
604
497
926
903
758
419
704
325
245
562
290
777
71
647
493
114
585
724
947
493
141
59
923
291
311
456
202
7
933
451
911
330
356
70
655
413
863
343
15
674
315
762
936
912
22
927
661
913
741
75
768
313
349
142
698
301
801
664
65
662
98
408
539
33
253
283
385
220
389
621
87
726
162
16
752
348
906
694
351
124
651
796
928
792
978
557
148
416
190
191
308
36
430
463
276
221
281
980
745
991
836
202
741
726
181
958
263
329
95
25
512
543
470
531
703
316
34
757
455
392
113
370
326
189
917
307
894
36
805
230
681
315
982
554
885
508
450
970
151
212
65
603
371
758
620
596
754
748
361
377
836
489
911
580
85
886
843
129
748
400
172
427
214
18
673
88
802
901
123
271
525
128
661
769
21
797
783
187
83
401
73
614
330
591
813
25
68
451
837
964
867
158
396
1
116
155
648
305
744
884
381
729
677
186
565
807
410
591
147
636
951
833
304
768
186
870
204
149
190
519
814
313
598
498
575
387
696
808
304
129
780
759
316
36
827
941
808
817
509
842
750
556
171
192
137
947
499
962
187
908
649
694
202
732
698
760
98
789
988
733
668
851
762
481
363
244
716
109
415
306
131
328
466
86
649
425
560
530
391
870
101
738
488
60
6
872
555
660
105
436
350
302
24
860
845
709
328
317
178
735
680
14
143
271
813
86
599
704
906
794
250
312
389
492
455
582
389
666
275
178
151
98
568
96
736
328
130
321
357
452
458
174
702
35
813
673
281
728
711
2
714
406
361
210
200
309
522
952
267
958
265
934
601
869
728
687
497
202
204
631
695
60
617
367
541
939
963
771
186
624
943
178
676
619
983
42
858
48
693
917
956
816
591
99
868
847
128
478
477
231
808
436
257
761
673
925
114
259
946
873
518
762
953
740
357
93
833
794
366
531
180
465
589
51
801
335
81
30
718
793
723
459
641
468
113
207
736
916
583
974
576
191
71
35
171
949
288
655
11
847
10
114
403
729
825
827
460
556
503
277
932
148
868
401
404
147
193
154
384
57
259
409
913
825
106
405
919
889
305
454
976
397
760
239
286
264
388
902
780
8
121
257
640
292
326
878
740
29
726
606
519
415
167
80
657
331
531
486
579
50
148
694
324
336
245
215
209
178
307
822
156
125
634
580
197
429
924
157
78
734
324
24
519
595
657
950
466
441
254
49
106
478
246
354
260
972
412
375
496
748
401
519
209
520
631
676
662
338
586
772
653
458
902
899
38
8
212
344
755
534
526
242
231
369
281
607
572
964
163
162
671
529
106
175
190
981
796
331
961
311
245
813
782
893
962
338
471
218
292
858
182
632
992
93
968
230
132
105
951
750
84
380
10
902
378
400
727
200
364
383
425
760
551
252
148
506
346
428
581
558
149
983
383
657
24
423
960
17
640
668
706
477
636
649
453
870
230
102
234
93
149
483
114
347
878
926
396
991
955
890
158
503
316
140
403
39
986
634
323
199
707
307
392
428
607
261
292
293
161
95
872
496
921
659
224
593
6
119
146
126
993
825
765
930
604
605
654
188
857
972
685
19
272
130
374
312
552
76
499
560
55
85
671
397
477
140
86
448
802
235
553
645
927
805
469
594
538
549
635
949
251
360
122
986
19
935
487
94
325
451
719
211
197
44
251
895
724
80
570
203
294
181
701
974
410
43
780
716
760
441
126
278
546
594
589
151
105
843
504
576
768
277
490
184
821
921
344
52
732
317
463
895
790
193
131
390
486
510
501
155
948
684
548
611
491
526
492
670
773
61
52
235
558
461
601
133
549
840
280
758
151
853
89
527
518
669
607
825
351
650
444
99
217
788
329
448
497
249
562
804
291
247
816
915
971
745
969
710
169
517
978
907
26
486
500
663
483
83
316
195
641
763
117
161
628
67
608
457
938
621
523
548
71
246
360
548
922
861
532
694
483
883
184
117
441
51
660
788
544
624
959
848
87
853
211
112
240
765
134
146
544
504
603
355
518
566
823
666
161
11
143
729
105
335
758
873
720
921
853
906
490
615
267
660
534
149
420
140
209
823
550
702
808
165
886
484
891
546
889
712
914
48
823
28
239
357
201
923
242
826
139
499
963
189
525
306
842
917
403
154
83
821
693
515
22
264
329
795
474
871
331
260
393
689
838
90
479
544
581
567
108
60
274
861
809
566
0
240
335
883
84
86
251
291
886
747
781
605
446
173
296
137
529
728
404
761
322
95
663
469
469
729
994
169
975
356
327
173
841
544
193
954
747
298
420
76
694
539
483
0
962
333
392
803
510
546
270
916
5
904
602
591
389
157
40
327
516
755
818
319
883
32
91
534
52
812
474
765
800
192
522
829
353
672
790
386
558
572
50
782
733
377
644
251
50
463
465
897
806
174
997
168
811
922
378
571
372
520
433
353
529
636
191
841
71
497
630
921
214
611
21
987
909
413
418
285
368
882
555
619
201
826
276
860
693
819
554
653
285
457
14
685
828
820
630
351
536
540
357
949
674
244
314
160
608
256
919
329
642
580
792
586
145
146
27
934
163
975
231
137
932
531
180
237
966
916
122
91
513
910
694
82
285
985
415
559
572
814
487
490
749
375
605
56
555
275
79
898
932
682
452
970
693
955
239
213
395
88
96
641
620
434
637
428
148
711
54
390
436
244
142
837
428
312
245
491
617
952
659
398
634
416
902
603
76
836
452
392
790
955
228
437
510
573
399
374
698
985
316
872
971
958
33
437
476
652
54
590
96
541
387
692
65
165
545
194
765
659
14
883
795
283
82
731
532
482
847
637
324
781
309
921
863
542
355
311
256
997
506
845
53
655
83
160
302
989
377
298
341
35
313
33
703
939
614
944
128
405
305
20
629
102
173
421
11
347
808
487
541
312
462
284
250
185
608
288
13
171
666
744
158
752
449
7
22
782
731
79
600
403
665
32
602
111
767
457
611
382
637
896
430
257
790
655
557
527
941
965
193
421
375
518
197
167
843
833
499
954
974
548
6
112
820
733
135
110
993
599
354
949
205
967
768
59
485
987
808
750
350
574
503
197
301
314
367
931
346
858
923
145
235
395
96
302
445
159
870
13
789
581
814
468
804
352
7
636
113
882
129
418
672
437
434
273
280
847
774
377
442
159
729
144
894
56
768
899
992
201
742
626
415
302
706
85
702
462
30
319
668
546
714
6
934
999
151
51
516
832
328
404
656
596
90
139
178
279
340
667
569
303
201
231
877
294
170
143
72
30
945
127
483
358
257
214
188
376
89
304
924
332
375
784
399
748
49
646
813
877
342
705
197
263
307
809
105
41
930
763
453
180
557
930
17
658
56
38
110
91
229
316
597
212
672
394
267
572
603
309
17
580
180
689
135
659
809
332
993
403
694
7
745
820
806
922
988
138
661
275
105
965
846
795
339
517
968
381
128
992
67
916
259
546
377
552
460
520
79
684
350
729
858
687
553
9
871
997
30
146
731
377
400
354
273
545
914
364
802
558
179
83
742
287
302
850
272
737
838
617
984
901
847
941
154
206
944
535
612
653
220
599
709
371
775
893
913
906
70
443
697
24
511
914
863
81
120
280
495
952
259
331
25
611
335
909
418
64
154
412
378
759
90
100
497
853
395
371
379
249
330
888
259
72
464
497
555
72
283
176
273
146
774
50
461
457
337
84
191
274
171
394
317
191
835
965
42
692
807
87
882
652
747
966
786
856
547
987
13
798
516
623
185
331
28
305
129
245
858
70
435
495
912
13
480
857
261
566
172
139
215
766
283
862
589
617
444
519
323
293
394
873
655
223
461
574
208
965
880
473
718
279
35
195
868
282
304
897
802
875
459
614
215
364
210
498
876
878
468
70
332
43
582
779
895
582
528
951
78
178
838
779
80
404
227
307
811
261
528
26
511
216
914
658
988
133
482
901
555
311
350
508
866
552
660
265
41
127
350
258
194
539
41
469
806
159
751
130
450
650
973
594
136
33
719
130
121
580
551
508
584
346
877
562
186
801
968
527
970
342
315
572
385
661
539
668
530
886
180
565
955
892
570
299
792
515
837
187
130
574
191
521
773
490
151
326
295
170
160
801
867
119
19
201
174
76
480
908
737
84
724
647
740
656
12
755
972
769
256
840
724
158
363
465
231
507
47
515
45
718
781
931
451
631
194
499
229
611
821
865
855
269
868
877
457
770
431
172
32
319
524
477
297
105
937
440
881
657
417
790
856
634
677
401
309
192
124
953
474
271
549
711
935
821
833
922
484
237
158
539
128
393
501
263
175
475
117
146
393
544
625
178
821
281
508
935
108
312
373
60
858
644
485
202
62
984
157
634
403
822
221
573
984
403
463
554
898
23
938
962
945
196
931
20
959
953
917
432
397
898
593
674
968
701
817
29
400
731
414
442
306
432
105
156
403
234
366
896
84
450
21
910
590
698
803
382
971
332
805
898
564
410
884
831
304
831
340
558
857
960
798
293
275
705
62
909
502
592
982
47
459
72
681
848
804
181
725
815
139
606
783
871
388
596
754
989
807
205
434
584
853
213
555
735
636
218
631
835
557
227
156
755
451
109
115
910
38
409
101
681
677
940
160
92
642
748
111
939
224
844
912
422
591
941
55
789
384
618
656
212
108
278
618
375
430
100
70
690
465
738
23
960
812
706
499
22
803
670
319
866
607
904
194
965
493
364
584
307
963
715
326
203
791
125
813
255
458
401
815
98
313
372
119
448
189
556
541
647
344
687
583
520
184
717
539
474
481
943
776
939
818
442
189
956
497
852
873
896
610
346
130
368
42
275
97
14
955
421
882
740
560
250
985
761
304
350
128
391
23
600
597
428
528
898
304
186
599
911
10
525
234
537
186
905
576
44
961
902
290
650
589
105
902
587
674
440
978
272
196
729
733
693
490
87
297
729
724
482
333
107
709
211
775
514
323
657
966
193
443
202
438
958
114
626
845
6
534
617
866
182
852
588
829
192
306
250
393
168
404
265
134
426
980
277
60
387
602
540
58
520
995
265
700
38
846
954
42
479
170
568
141
6
411
948
588
207
59
680
757
606
685
241
416
546
124
607
45
702
490
46
342
820
54
972
238
814
901
887
825
698
264
426
621
345
470
428
878
365
856
534
320
405
18
391
717
70
610
422
598
231
849
434
758
273
806
313
371
761
314
956
813
596
550
795
89
342
328
546
623
406
901
279
622
706
968
335
114
610
232
717
220
884
288
574
392
595
880
764
780
580
417
540
876
392
966
166
794
863
206
473
834
655
141
176
660
896
882
877
187
899
268
232
802
991
69
309
110
503
241
71
231
875
967
196
376
514
670
663
110
633
979
236
909
218
462
180
861
540
357
693
59
515
904
196
436
316
948
826
693
944
819
745
839
778
696
857
238
582
528
475
360
991
780
241
266
477
395
759
461
626
20
83
240
392
962
485
503
552
280
554
609
345
75
235
728
452
783
301
650
968
522
613
324
350
988
114
901
75
264
78
192
197
108
386
940
892
724
262
214
311
246
946
38
224
406
347
247
725
697
445
767
884
38
121
166
522
216
228
44
72
89
909
779
378
305
536
140
837
340
331
733
125
385
716
488
808
238
229
214
899
81
549
226
823
850
852
203
206
964
11
721
432
554
926
505
597
782
383
779
806
516
432
345
997
86
101
842
781
625
531
380
200
52
705
303
339
560
802
94
944
395
355
729
839
695
71
662
441
39
333
399
924
786
378
660
740
736
809
225
44
353
212
18
192
317
21
658
246
326
901
355
465
26
280
160
442
228
828
999
419
466
580
610
329
713
949
820
326
292
972
889
423
372
553
334
297
889
901
359
275
823
427
111
680
924
454
738
811
949
751
287
351
584
193
257
186
428
332
29
726
157
217
157
516
436
72
243
613
659
780
377
614
934
512
869
647
373
153
899
648
606
903
130
72
671
80
464
324
113
747
785
713
16
798
211
238
903
997
829
744
288
736
957
27
1
567
721
778
330
836
254
108
603
597
60
307
763
685
779
890
875
599
510
442
33
838
405
745
616
387
368
96
660
955
511
567
139
628
976
903
935
405
928
891
176
823
466
500
87
164
333
440
670
291
695
758
410
636
656
953
362
14
377
999
170
547
795
92
344
388
972
624
407
774
925
937
810
625
695
94
776
401
619
594
637
163
672
225
266
206
599
298
3
699
931
665
598
394
445
976
740
722
163
9
167
245
944
771
251
150
215
734
353
336
577
236
182
20
742
175
155
934
296
985
54
589
955
84
445
405
960
966
482
683
489
392
170
76
951
635
640
426
79
80
967
60
243
451
340
905
916
947
674
409
45
121
534
8
891
90
331
160
641
882
48
746
664
511
525
448
652
319
181
986
553
359
229
59
412
890
907
119
190
978
306
259
171
453
145
249
233
807
267
191
564
416
473
635
62
346
731
445
492
378
759
569
115
256
264
807
513
764
783
1
561
839
639
800
974
883
778
524
488
192
401
478
381
933
89
531
854
535
89
423
978
808
784
843
33
55
899
38
494
791
668
435
328
831
998
404
762
574
877
859
245
481
411
465
287
203
692
669
749
120
787
938
748
45
301
685
885
711
531
546
383
350
214
530
199
470
923
323
474
251
134
916
491
446
530
643
871
200
838
918
102
409
508
466
500
133
491
827
677
533
724
480
584
894
641
370
922
823
121
937
19
444
625
747
30
258
997
362
185
175
291
97
341
127
312
91
783
221
484
231
661
196
129
4
716
273
161
885
70
800
85
754
977
407
578
659
874
346
845
497
49
796
303
330
46
710
796
816
185
96
654
616
271
849
254
498
600
669
402
265
702
986
898
481
16
550
341
432
420
377
345
403
763
867
623
382
581
82
820
607
430
177
603
511
425
424
384
246
152
732
48
610
534
332
581
204
899
735
334
103
839
829
434
213
866
808
645
80
327
758
163
162
993
366
1
474
926
221
515
548
408
332
480
235
634
488
977
741
688
789
441
579
31
327
631
100
251
15
574
21
167
119
341
255
695
586
818
668
474
811
682
967
644
272
388
336
919
938
659
537
769
228
90
233
368
878
514
194
322
389
966
120
634
672
928
744
92
538
228
466
194
807
602
5
863
36
873
726
584
440
543
956
363
449
421
84
999
268
807
644
507
685
817
981
547
303
453
730
380
848
386
71
465
596
814
72
606
845
571
96
226
244
168
347
985
342
254
384
127
62
803
30
817
275
316
817
310
806
522
625
339
26
335
936
867
55
379
78
957
157
135
355
415
450
634
160
89
753
273
722
260
15
433
748
466
603
913
647
575
169
675
489
364
570
801
832
780
764
836
553
928
194
351
82
741
920
146
543
69
229
883
709
435
668
870
977
768
641
709
884
226
325
587
214
316
478
635
195
153
663
254
262
42
15
712
761
119
368
676
342
930
614
166
597
111
289
182
395
215
225
733
899
956
54
135
268
159
313
968
126
165
691
300
241
592
448
991
781
570
542
643
512
300
120
519
423
340
770
924
989
781
504
603
329
512
415
794
174
585
912
614
828
764
741
403
727
854
393
262
617
152
8
27
297
118
55
442
375
254
578
733
210
980
81
148
472
723
518
793
906
557
709
520
130
507
184
582
401
864
918
923
321
831
768
185
524
790
328
596
504
178
70
740
119
690
400
629
559
655
332
120
362
600
998
122
963
157
249
666
590
210
28
408
602
387
258
633
959
822
845
479
198
3
153
157
737
256
769
576
863
90
736
818
284
6
269
752
163
998
900
938
121
87
925
483
968
310
716
182
420
651
508
504
349
62
256
277
626
13
552
763
454
351
892
139
266
491
320
350
639
498
988
59
838
260
303
878
942
862
855
397
16
528
336
156
691
685
111
344
631
84
129
137
272
523
917
392
969
603
738
472
802
446
374
417
320
397
421
743
752
478
858
401
143
483
485
357
361
966
673
81
252
760
137
477
352
137
294
532
357
449
431
250
313
381
614
327
365
254
915
848
498
619
143
711
133
990
919
889
461
372
971
149
469
6
10
373
570
357
108
269
90
122
668
112
903
203
559
977
23
290
637
959
89
967
43
658
246
126
691
642
426
747
793
720
558
66
922
971
939
411
379
148
820
682
747
694
752
669
694
388
883
670
391
551
545
736
730
303
86
727
451
574
629
168
782
52
706
0
372
941
126
744
326
399
991
893
298
104
537
766
919
876
838
510
238
339
533
418
447
121
713
973
813
920
321
294
7
712
567
171
708
966
64
543
682
330
79
926
667
954
550
34
309
420
922
158
285
681
977
119
479
293
51
443
180
443
394
761
600
430
312
832
118
154
595
452
467
312
448
59
716
112
81
61
549
777
700
554
31
612
26
533
125
767
471
486
708
77
373
830
92
202
680
827
439
756
806
715
924
566
237
630
352
94
64
220
227
718
16
493
514
0
611
471
231
514
675
410
993
592
741
480
768
737
12
112
785
786
979
281
386
511
980
516
44
528
791
930
98
552
641
268
466
616
664
50
198
562
449
747
927
370
39
539
360
543
849
562
114
423
758
209
425
936
135
288
314
683
649
219
975
362
941
43
681
506
870
312
377
684
839
116
467
606
294
779
167
255
345
951
141
911
475
336
988
492
355
408
640
993
362
348
414
105
543
182
700
809
832
207
466
100
319
443
807
152
39
341
2
605
961
801
838
766
975
480
176
824
724
46
664
247
711
247
602
144
210
848
288
809
611
371
406
373
846
658
641
907
84
420
428
446
669
61
753
416
70
319
649
207
726
887
0
9
867
210
584
868
132
447
928
566
194
302
176
899
264
941
764
381
108
988
419
542
433
62
851
41
730
152
786
62
189
318
995
812
930
801
867
872
999
261
232
884
633
126
245
179
769
674
4
265
233
721
601
232
505
242
414
309
618
984
608
256
549
137
789
234
657
254
705
393
968
766
436
511
301
38
409
921
605
459
909
179
15
720
330
513
584
851
640
312
639
385
263
58
850
514
987
993
331
511
828
659
707
200
792
915
978
618
688
632
704
566
924
263
242
324
595
524
668
486
532
230
199
193
274
584
8
254
671
675
69
200
560
617
860
981
881
108
354
847
373
45
149
493
931
161
79
186
744
974
295
383
670
771
534
932
598
653
514
425
223
541
730
619
498
103
63
323
57
934
315
688
612
843
402
844
920
685
913
972
621
914
79
105
674
171
30
956
198
733
350
391
702
100
151
550
102
682
376
172
342
405
689
9
315
351
585
33
366
927
13
328
133
637
502
946
500
618
526
735
320
941
94
587
864
322
39
708
24
518
563
396
683
22
719
439
476
876
240
638
569
755
998
337
453
90
777
308
544
404
47
608
798
481
136
274
97
117
542
321
715
678
732
305
716
803
65
908
939
479
545
360
117
405
729
668
168
470
493
804
43
742
943
516
900
196
838
680
45
792
777
2
108
767
638
349
437
585
228
654
118
988
81
459
951
401
697
980
211
108
556
445
704
842
586
317
207
859
453
417
448
646
675
498
462
636
535
629
538
972
331
681
847
86
692
787
257
627
834
69
538
945
171
789
915
181
571
729
131
161
529
825
375
981
849
277
414
129
737
765
248
385
795
903
19
1
126
179
673
376
897
811
177
465
741
470
256
379
846
148
124
259
638
107
613
288
478
751
824
148
794
33
369
746
423
886
125
322
259
976
554
898
81
955
507
455
472
565
459
393
224
144
765
556
784
452
454
562
46
981
712
558
908
756
459
580
971
313
986
245
783
86
848
230
975
711
613
711
63
358
856
785
44
739
539
745
723
608
454
913
862
314
233
78
132
371
625
972
316
277
558
173
846
457
559
280
334
142
90
438
805
509
980
368
294
216
657
493
778
75
953
712
537
618
855
421
350
42
463
284
733
261
940
286
859
629
347
373
26
281
407
944
960
981
170
515
699
843
404
221
571
456
555
507
140
578
576
762
678
301
138
522
555
109
449
757
836
229
312
463
80
230
608
624
698
147
590
836
262
193
232
100
72
444
201
886
546
101
518
287
880
240
780
80
344
209
368
398
203
182
139
515
787
928
904
539
569
819
700
833
20
125
136
567
447
243
845
636
983
439
502
304
511
726
979
916
507
382
711
492
430
636
551
902
744
667
628
276
415
457
560
612
712
963
914
874
106
625
141
915
720
604
475
26
361
468
105
808
950
686
936
172
663
547
832
850
282
332
536
576
153
248
182
395
254
632
567
392
846
850
372
710
832
369
858
81
913
510
676
858
293
160
47
865
531
558
178
917
557
853
583
370
667
774
347
809
75
39
246
421
959
793
446
665
580
393
623
296
938
520
31
204
724
245
817
104
662
371
481
729
86
581
126
343
673
77
481
841
659
68
865
286
74
531
216
440
863
992
821
323
986
453
271
444
457
859
978
532
252
756
465
772
400
141
761
554
759
82
526
473
712
523
612
935
912
780
596
895
469
499
145
999
235
178
806
213
477
205
190
738
225
117
607
664
688
699
643
288
40
120
805
372
321
329
309
699
544
440
32
106
275
981
47
504
546
715
409
818
606
279
496
101
273
236
942
75
553
466
633
908
234
341
234
269
535
921
534
870
437
698
871
94
772
778
538
945
579
324
933
97
735
254
629
74
487
779
473
127
519
550
327
995
456
43
833
642
952
63
444
422
707
240
733
549
493
398
791
279
162
81
821
501
429
68
912
165
281
127
358
794
655
707
264
728
85
487
279
534
671
391
394
780
581
660
198
164
337
62
770
245
619
133
109
226
171
552
775
185
546
668
41
79
13
246
673
664
894
572
758
925
241
30
973
638
649
338
374
15
869
125
478
808
810
557
993
219
101
635
395
610
749
166
868
537
635
610
334
759
872
456
460
946
393
511
137
280
729
168
729
490
627
687
72
387
666
189
293
766
160
563
315
501
327
193
660
646
343
932
34
912
621
869
532
587
412
430
33
533
306
88
140
625
762
785
644
171
497
1
358
766
775
731
233
70
197
40
406
41
197
614
554
447
922
600
802
3
477
224
2
354
568
128
810
393
267
173
221
107
546
268
879
239
791
335
418
200
433
528
205
718
552
718
74
425
739
805
786
614
160
440
376
515
544
250
870
636
717
233
736
864
800
60
963
413
811
539
953
815
904
461
749
512
220
247
221
762
460
184
48
456
194
18
750
91
28
2
670
15
665
577
616
989
464
331
824
92
728
804
243
425
126
626
642
909
38
478
544
533
641
156
905
613
334
770
57
998
480
846
870
487
69
15
179
687
847
806
721
424
496
437
708
271
534
333
368
408
777
134
567
919
685
679
72
369
497
53
924
273
10
296
984
662
380
993
218
625
631
424
411
373
266
603
848
791
998
952
932
869
985
715
973
147
734
171
713
272
46
974
501
807
509
917
793
890
595
675
292
120
85
911
904
55
103
256
922
141
433
240
312
248
299
913
23
318
782
380
839
382
297
161
197
477
453
889
30
509
629
87
323
520
949
501
494
130
966
482
870
324
786
73
482
125
387
237
504
395
603
824
185
79
527
179
251
431
333
904
98
997
647
739
588
684
499
567
623
298
672
516
794
97
775
198
941
216
475
74
101
799
415
937
56
944
955
799
569
952
403
397
721
116
180
474
563
481
162
144
433
964
419
355
616
360
506
517
869
325
402
148
466
741
79
268
849
11
714
625
324
949
569
109
103
720
976
208
923
730
440
614
447
946
354
218
125
83
281
968
630
448
297
639
891
754
319
733
249
693
199
629
424
129
788
684
944
555
216
962
97
107
784
563
933
953
578
837
268
137
502
892
116
741
94
288
91
554
708
912
27
426
926
168
432
816
256
78
857
19
287
659
800
849
429
44
760
565
318
544
402
772
598
868
276
809
372
290
999
560
919
945
883
575
140
485
257
680
913
287
172
211
577
575
13
656
653
901
978
627
883
760
91
880
757
862
240
798
672
809
498
584
807
635
405
526
388
936
750
506
283
714
375
46
643
610
108
619
754
714
441
37
620
888
42
98
135
84
878
113
501
466
281
455
447
451
29
340
907
294
316
316
922
508
813
322
337
561
120
239
985
942
552
64
469
300
764
30
712
795
705
46
752
440
648
473
707
861
455
478
268
122
783
282
426
593
386
18
198
751
302
943
446
558
811
705
875
968
301
487
971
599
573
913
868
959
18
913
326
308
248
190
188
752
395
800
63
21
106
666
566
832
930
624
573
302
918
802
473
313
576
977
398
971
199
815
69
884
797
291
278
134
539
993
781
404
843
904
892
315
745
69
365
481
856
974
762
890
189
32
308
682
394
265
220
860
337
250
32
249
946
988
229
597
379
804
150
427
996
81
511
432
652
921
144
317
387
668
953
958
588
944
359
527
470
235
488
591
801
63
216
204
568
336
753
662
30
689
408
216
145
229
946
824
598
713
435
720
727
870
278
85
904
692
358
509
234
122
703
710
249
427
2
977
129
50
876
364
712
750
994
15
359
80
274
7
315
121
889
462
154
121
317
964
244
354
806
111
712
699
606
269
991
264
585
458
697
143
675
237
771
725
61
749
762
199
868
345
375
517
566
812
934
656
249
351
380
637
442
425
372
529
495
218
262
772
458
637
406
530
618
539
892
100
455
212
397
302
250
817
446
305
999
413
336
352
672
162
172
296
807
743
515
177
439
519
347
617
871
605
874
640
597
787
904
102
939
578
541
456
753
228
428
681
871
917
491
749
476
296
672
713
792
782
561
782
474
329
992
885
479
286
385
308
416
865
218
254
886
443
838
193
77
286
557
33
658
689
236
570
226
310
660
635
673
953
538
941
988
660
963
458
899
149
545
211
150
473
446
418
467
369
587
262
353
715
854
949
293
796
511
340
542
817
29
561
39
860
873
657
392
931
126
742
465
469
884
344
541
582
424
733
471
610
801
179
539
406
18
921
195
538
439
774
908
730
374
409
773
716
979
135
148
588
439
468
301
394
750
856
679
877
820
642
269
857
708
235
646
844
949
953
809
559
617
100
856
896
954
54
528
812
140
515
499
377
169
951
282
337
573
295
490
426
799
583
945
707
304
547
189
569
843
977
322
144
617
156
94
557
103
916
955
616
895
336
728
807
664
29
108
501
51
136
672
113
731
455
336
27
664
150
606
857
560
358
538
744
274
983
10
910
593
422
426
332
785
834
129
618
489
737
240
106
948
559
455
654
798
942
581
925
416
305
219
256
328
962
822
99
25
172
600
855
378
50
754
269
477
190
672
669
382
374
665
564
182
561
329
540
283
728
180
29
790
791
545
225
72
322
361
182
673
212
348
12
615
411
862
190
552
144
210
957
533
722
291
0
971
74
651
104
630
561
378
904
299
949
669
633
667
250
448
787
24
414
121
753
37
861
699
11
542
563
83
934
857
176
339
257
751
605
465
806
27
157
771
185
774
582
305
116
821
119
262
248
832
556
852
201
79
44
860
777
810
379
31
364
349
740
372
531
335
238
783
50
454
656
578
612
369
791
66
830
290
315
544
441
917
914
106
377
721
772
990
794
986
886
34
835
152
698
611
266
127
619
552
631
908
862
915
669
457
371
580
475
662
884
417
264
356
29
133
533
543
841
3
996
695
989
160
694
683
733
67
675
51
885
786
842
440
499
730
65
322
847
162
358
477
172
525
179
889
840
186
168
917
663
34
51
448
534
469
458
27
675
17
577
718
426
208
23
781
139
612
339
727
423
882
436
564
944
657
454
128
512
245
832
47
410
548
754
759
821
445
179
557
447
240
273
885
918
117
474
25
794
981
495
773
398
991
97
765
925
864
707
316
273
354
231
570
510
544
468
537
357
75
693
396
293
652
973
515
605
591
295
184
292
376
410
848
432
988
345
590
749
902
336
74
166
149
202
761
951
503
960
65
51
109
476
67
153
410
267
6
921
376
457
916
501
665
79
755
50
943
359
82
38
448
528
637
131
218
933
304
49
895
567
724
523
717
379
392
127
293
846
312
657
829
693
786
505
52
882
587
48
778
696
77
482
226
807
787
574
597
323
75
265
971
551
126
135
224
975
919
515
617
507
421
919
10
967
575
220
414
335
827
13
834
48
683
223
94
58
733
960
225
377
614
537
160
411
690
870
538
780
250
114
779
285
714
527
299
355
878
555
267
211
552
710
155
219
793
648
219
596
826
39
876
843
133
22
761
671
877
378
280
86
799
142
327
992
331
806
580
732
171
712
878
441
102
150
161
436
409
368
82
369
972
551
224
477
861
588
587
64
451
583
516
968
952
556
960
240
243
431
57
647
698
152
715
205
257
586
176
753
473
973
993
981
344
851
874
499
104
64
201
105
975
354
178
311
851
216
58
442
744
287
822
408
767
992
463
988
236
21
804
260
796
954
436
125
169
144
863
600
580
764
751
310
174
775
680
303
635
918
841
904
819
658
407
355
94
834
245
816
36
996
921
450
678
467
501
20
732
401
241
922
828
142
162
99
412
249
393
652
708
43
466
889
707
75
143
348
388
323
769
232
868
354
291
910
211
211
635
614
405
115
789
171
764
232
213
45
372
980
905
458
306
417
473
294
978
278
156
550
684
776
568
973
769
876
261
830
40
792
583
440
72
977
271
287
617
279
869
159
875
157
971
324
546
37
153
309
101
113
864
446
273
955
157
621
199
429
733
764
383
309
831
989
104
224
59
140
589
288
253
174
709
160
949
71
126
172
510
449
591
13
304
192
681
858
757
379
34
266
261
805
942
910
295
337
81
4
4
708
22
509
633
804
893
600
921
927
348
448
972
38
285
192
481
32
936
823
115
219
845
263
619
253
120
391
273
232
137
664
272
708
518
676
590
119
312
370
68
784
303
438
920
953
851
414
477
290
536
712
948
633
404
359
305
559
649
164
836
247
618
120
882
648
571
648
191
482
425
945
154
581
675
283
558
340
124
354
841
593
126
815
538
522
293
110
516
905
309
937
401
929
672
425
453
732
912
100
353
250
350
402
887
587
900
937
193
606
277
369
489
562
991
554
548
209
26
457
840
101
160
802
462
426
745
135
662
139
953
150
671
801
72
800
231
30
159
390
917
832
514
734
176
841
126
948
684
186
288
940
745
592
463
219
799
351
399
285
306
155
955
608
621
565
222
168
534
570
206
741
47
656
62
702
252
777
783
352
526
634
386
202
219
614
164
648
479
635
294
575
611
22
928
472
288
26
194
262
480
955
447
25
666
633
118
29
456
560
830
212
622
428
701
56
257
506
189
893
410
402
604
699
974
0
734
633
811
242
665
164
633
444
957
240
170
759
606
502
463
944
935
595
737
404
821
945
561
537
13
686
677
296
523
986
887
743
40
47
955
427
55
425
324
842
172
996
564
22
481
517
887
198
919
929
962
631
205
393
726
231
264
983
667
178
871
850
530
277
994
957
211
848
359
735
319
817
992
563
515
683
148
543
442
174
984
281
686
935
706
966
587
448
554
556
448
811
846
135
963
664
0
873
447
549
654
570
228
125
717
56
220
657
235
815
445
243
416
249
480
570
504
969
61
432
984
890
881
791
394
372
93
145
798
414
724
119
615
7
57
249
8
958
802
741
313
850
181
643
394
108
85
652
490
913
249
850
932
75
217
539
319
190
78
735
577
208
781
497
343
738
440
283
715
387
393
49
739
668
668
640
34
502
720
439
941
351
921
507
4
308
901
105
83
681
200
293
403
547
991
535
162
742
774
645
220
738
990
75
677
240
175
983
604
691
437
169
413
842
330
695
243
793
208
583
143
511
537
982
506
443
909
374
300
88
167
804
990
895
637
70
762
59
834
875
204
871
801
301
501
988
992
810
573
951
623
681
354
111
507
279
985
316
604
33
896
979
559
131
53
838
904
807
79
704
536
122
623
870
367
800
954
241
607
240
862
752
109
953
78
891
747
4
500
562
270
932
610
411
146
760
878
35
365
849
239
52
639
94
656
804
436
645
0
742
139
420
82
50
822
37
528
79
574
144
152
697
346
755
896
62
972
981
331
234
992
904
71
834
298
92
306
869
787
616
490
78
679
443
222
215
719
817
716
520
878
281
687
197
665
651
756
205
288
239
938
927
380
392
299
23
316
600
211
629
616
605
853
806
401
185
644
957
547
71
29
450
448
521
846
858
290
183
707
575
916
313
29
678
365
446
55
974
515
749
15
312
344
721
508
818
603
57
666
782
30
597
720
816
128
501
794
260
686
859
688
709
834
801
210
307
352
69
622
508
369
385
840
378
510
46
740
413
75
321
763
8
13
142
312
462
513
9
574
527
915
115
824
430
368
545
52
698
32
25
549
876
875
110
771
912
63
250
441
644
843
387
755
821
812
646
978
801
913
744
710
120
652
876
487
564
360
790
47
167
930
350
751
427
869
569
149
284
270
609
959
810
832
388
623
707
285
130
538
573
363
928
534
809
974
273
448
331
127
212
864
46
521
537
802
620
387
837
449
419
727
118
409
835
727
608
889
348
694
813
964
813
258
931
899
223
572
479
800
560
865
855
489
827
993
877
335
460
721
104
979
721
47
669
500
909
570
954
695
414
291
475
675
670
820
813
23
558
83
512
851
686
778
946
272
874
175
350
645
503
571
108
399
675
233
426
523
521
334
56
491
172
103
344
468
651
803
180
376
227
606
754
140
882
310
83
384
455
694
913
502
280
485
630
945
643
386
153
692
790
166
396
907
57
270
521
402
33
524
291
41
136
521
488
896
544
857
772
645
471
419
625
519
779
155
626
757
734
205
799
808
45
368
723
458
411
109
633
674
867
779
789
414
554
553
39
91
683
119
161
