101
686
771
587
886
910
580
765
231
197
625
345
627
478
618
890
36
47
759
278
562
800
606
721
465
243
440
654
652
311
906
860
854
331
994
856
399
996
903
349
387
955
955
260
678
126
597
761
884
385
910
933
597
241
214
154
45
301
599
758
634
409
206
430
991
424
2
94
605
829
685
579
272
702
319
998
904
606
698
773
302
926
449
191
918
271
97
771
877
838
913
125
215
116
886
599
283
881
247
608
899
221
472
164
779
90
809
280
26
74
190
832
550
608
74
223
786
757
372
961
795
162
892
736
744
149
935
58
311
882
277
659
877
815
148
556
133
620
493
816
658
869
341
159
656
397
990
745
516
553
947
584
91
118
723
146
544
279
44
986
783
743
449
186
855
464
910
351
637
534
136
513
203
212
593
446
375
24
593
994
992
364
161
436
619
428
281
296
19
568
818
805
55
109
29
538
366
228
121
930
349
318
652
808
97
770
801
169
264
965
168
21
322
853
683
161
517
626
324
101
766
377
780
749
563
103
70
150
837
550
610
734
907
23
254
744
601
828
575
891
151
936
317
207
798
182
644
67
334
3
207
189
979
145
639
351
270
688
321
466
176
171
437
554
697
141
330
702
38
158
159
202
496
158
701
755
409
740
977
206
10
443
29
773
96
466
702
815
678
582
424
515
187
879
325
273
515
308
773
45
476
899
662
161
263
137
861
333
358
962
805
726
309
630
196
776
25
569
310
113
141
133
640
76
779
741
990
567
935
16
337
9
671
792
920
435
791
39
287
698
434
677
869
246
226
193
679
283
736
177
306
33
455
399
966
746
171
194
710
943
687
46
43
991
692
769
608
486
661
699
697
349
383
201
172
788
327
646
826
945
787
871
823
891
514
201
772
760
319
426
558
615
632
200
16
762
990
954
339
324
965
689
789
523
843
10
199
330
758
963
929
526
917
487
680
379
648
72
384
954
972
616
300
9
870
820
418
863
433
910
764
954
627
29
561
567
809
459
762
93
659
67
632
887
339
364
58
356
270
63
636
21
69
65
60
874
197
357
662
513
26
593
904
924
19
539
455
414
238
729
8
858
844
898
451
399
567
635
769
908
144
865
374
828
774
640
825
262
817
207
233
276
772
833
130
38
680
896
13
915
613
759
877
539
163
868
598
83
663
304
40
341
138
197
521
812
907
539
496
217
469
774
261
77
395
176
783
460
95
326
525
90
402
930
846
565
445
237
341
302
295
422
787
973
535
324
792
952
473
996
652
879
390
975
592
672
795
730
146
218
404
11
669
832
241
622
935
452
230
9
484
420
393
706
623
982
661
971
41
652
955
495
386
348
576
380
428
767
769
485
832
340
578
362
88
576
839
54
299
180
426
677
87
242
931
952
72
461
62
423
775
557
933
817
686
428
174
619
471
712
704
451
860
93
239
175
938
726
719
287
735
472
653
20
898
948
752
131
393
238
6
482
365
494
820
158
235
203
998
375
564
15
892
400
867
675
525
199
102
695
277
925
118
526
450
346
321
868
172
400
967
837
651
746
249
724
691
626
229
660
698
388
734
247
522
314
713
184
425
980
778
751
493
739
404
992
398
307
448
704
172
379
413
270
407
194
590
722
814
400
441
853
7
126
435
20
580
587
793
290
231
76
729
424
732
702
919
356
341
635
147
636
763
343
144
205
984
462
992
844
513
381
762
288
568
457
6
939
553
727
415
459
26
537
615
81
365
234
552
620
58
622
638
819
5
393
891
726
383
659
82
191
25
852
589
27
203
218
746
903
506
684
456
360
896
521
288
99
485
506
198
334
451
1
774
481
903
885
371
468
467
211
554
815
41
930
686
544
930
907
509
700
381
307
264
421
51
7
511
460
918
611
739
36
338
87
789
107
724
134
867
941
175
36
443
942
301
915
240
652
74
930
194
879
781
875
250
134
256
863
298
351
966
545
795
635
252
268
720
404
312
625
304
275
366
17
145
266
170
243
808
947
71
482
877
147
798
78
842
351
890
446
668
417
512
295
99
39
437
236
164
936
47
658
349
460
621
229
616
823
202
693
633
497
413
167
970
293
452
553
790
620
183
710
377
493
617
506
86
756
120
603
107
316
814
852
487
354
656
999
196
176
459
381
319
874
943
853
701
856
516
176
159
977
321
509
69
928
243
430
233
526
714
869
770
763
24
868
530
946
586
936
729
785
809
121
416
74
642
593
881
153
433
358
635
17
437
990
44
573
596
918
32
752
159
703
910
98
465
741
857
224
681
757
251
87
158
507
165
260
58
389
220
699
791
760
638
186
767
181
451
48
168
703
822
656
435
867
257
468
37
660
336
992
551
955
382
869
848
136
117
622
523
551
33
746
3
481
203
878
90
494
796
286
465
660
727
56
458
591
17
30
425
725
620
470
777
965
119
783
619
435
785
642
480
298
812
219
552
247
207
522
532
949
828
218
29
659
576
118
719
270
128
307
248
908
529
558
915
414
904
322
681
625
48
134
895
26
529
353
970
363
662
475
807
207
791
153
719
501
389
244
439
276
252
911
854
756
698
163
808
812
878
634
608
54
364
332
898
219
333
792
790
452
930
131
128
654
641
366
716
401
385
63
814
269
336
183
240
482
484
83
822
907
869
929
547
13
953
457
854
626
922
685
54
876
610
671
738
968
398
310
238
489
729
435
888
318
959
430
961
609
314
425
967
893
561
253
494
763
636
689
734
249
133
588
568
240
624
259
35
896
51
275
347
970
736
141
113
409
855
721
877
598
0
920
471
239
239
786
78
796
384
200
376
422
738
424
56
659
504
523
685
866
650
564
463
903
58
479
532
124
555
403
425
973
612
613
428
766
337
211
678
67
130
362
694
708
749
789
648
842
255
194
909
706
904
274
372
982
389
365
302
106
158
64
831
482
375
324
937
637
292
508
778
653
286
603
21
814
458
127
934
313
217
382
55
597
370
899
312
232
547
581
891
287
286
205
565
872
776
362
329
608
13
218
470
134
687
143
865
579
222
787
205
92
681
946
166
133
674
779
830
124
328
274
263
671
262
421
263
827
921
249
889
779
942
536
247
345
378
25
29
548
219
357
42
206
931
209
664
920
158
413
722
244
441
911
333
351
906
709
943
929
878
998
652
66
45
419
128
619
874
383
919
158
366
879
743
507
981
480
663
329
136
749
457
621
849
970
930
657
374
688
467
236
268
156
296
474
196
870
838
520
323
291
441
638
260
648
674
657
416
204
760
84
230
104
558
434
557
109
98
379
957
778
110
25
62
345
271
677
217
645
315
995
442
619
800
319
271
281
935
354
666
807
399
365
778
521
941
256
448
806
129
408
173
872
493
611
121
512
270
465
942
141
221
265
347
649
535
621
805
216
888
219
319
350
351
328
690
468
563
683
919
119
531
436
921
29
922
623
865
84
769
193
121
585
423
606
809
162
804
36
984
705
243
551
434
573
485
554
64
270
147
607
974
141
963
579
173
838
499
361
921
899
588
689
996
822
998
149
113
290
961
656
685
407
819
515
800
520
406
669
434
170
97
119
832
412
926
793
85
798
172
660
93
911
251
525
69
159
692
763
334
661
275
125
649
494
165
259
364
675
267
327
19
429
841
351
745
368
360
107
285
257
607
677
178
389
769
146
599
584
199
651
221
839
702
600
343
810
27
866
595
786
355
227
654
866
728
357
991
405
293
531
401
132
426
48
748
538
635
602
989
270
59
978
386
700
30
836
906
729
859
373
33
736
112
733
905
678
97
275
883
734
400
959
893
178
784
208
966
600
421
795
45
276
370
972
616
343
494
580
736
60
289
600
289
755
120
241
623
348
624
133
323
153
671
218
238
288
781
34
837
564
402
784
570
303
266
645
387
942
819
926
907
481
215
118
591
133
765
492
43
832
545
641
547
193
628
984
710
801
462
754
780
66
736
845
304
50
598
344
200
939
505
598
353
955
171
444
848
764
379
872
851
191
321
313
686
241
12
37
522
786
934
827
232
357
953
542
331
697
18
978
410
964
820
382
597
503
768
422
703
58
256
75
962
956
251
537
497
102
906
726
966
573
601
282
444
235
66
415
174
273
123
958
830
667
223
331
59
488
298
423
665
924
886
744
924
724
107
567
175
61
788
885
798
785
700
891
437
863
582
757
831
974
324
281
400
757
440
498
86
250
126
92
154
14
82
827
389
482
846
669
45
200
612
504
687
791
186
41
206
668
947
818
729
130
729
159
995
663
73
750
276
498
639
312
269
548
504
512
665
146
503
39
702
764
935
490
251
670
911
41
788
432
371
812
680
75
583
12
180
147
870
291
576
396
473
961
311
354
644
220
228
145
466
523
903
181
904
703
167
111
463
990
522
149
795
582
648
653
993
843
982
446
773
853
902
114
465
825
243
372
345
937
906
730
467
851
20
775
341
923
400
896
519
158
285
328
167
124
917
979
291
921
318
467
368
0
554
82
170
532
798
893
245
853
79
226
471
339
960
494
800
730
720
788
506
499
161
117
459
314
483
201
497
121
143
640
429
456
424
640
56
479
115
803
986
979
423
764
465
48
527
917
614
489
189
752
964
217
673
625
818
413
86
508
360
944
197
752
94
26
780
503
23
358
838
145
708
183
686
364
909
102
190
690
915
75
273
663
385
357
625
902
329
551
466
671
851
306
182
30
63
409
306
171
780
261
45
970
425
397
176
871
384
825
233
344
339
819
746
678
342
771
798
880
276
350
204
62
942
762
116
992
102
553
422
145
417
511
514
235
851
49
281
920
949
36
75
858
417
791
994
464
502
487
436
973
831
685
6
94
725
341
891
512
829
550
284
604
29
425
593
793
183
912
589
188
240
756
216
597
834
938
519
553
413
156
110
272
893
360
357
371
629
623
64
796
713
660
104
377
465
22
463
22
625
172
913
78
981
773
869
982
242
737
11
22
992
127
264
412
708
803
613
375
161
963
966
326
534
399
518
427
67
627
583
911
381
683
391
98
161
82
878
663
773
478
748
898
538
555
896
39
870
442
34
280
158
726
818
715
32
532
682
926
606
348
78
888
766
616
556
213
823
320
606
253
519
527
917
401
527
181
799
579
576
682
929
66
318
660
271
775
506
997
120
255
902
797
288
229
658
55
829
290
915
474
170
852
115
566
721
576
804
273
307
734
909
446
12
984
23
168
490
246
489
280
356
289
824
225
680
329
707
348
676
526
938
349
597
424
14
1
662
699
491
826
408
458
147
505
64
574
956
247
719
44
649
712
835
449
199
901
930
610
486
44
742
668
535
845
372
380
604
923
535
469
602
918
778
660
492
361
506
857
306
149
681
220
190
33
623
90
943
956
827
227
806
881
456
48
518
398
442
14
681
305
776
234
717
326
67
856
197
329
268
116
419
765
173
980
596
664
277
472
676
235
583
359
857
17
196
583
851
235
204
25
232
925
412
814
766
17
50
834
818
534
884
932
277
148
430
574
574
991
914
256
203
798
729
659
33
767
240
285
235
680
766
8
926
820
953
470
779
817
961
518
318
922
332
100
236
582
96
496
825
892
904
629
255
368
549
740
123
415
374
220
1
499
19
984
503
467
50
302
727
619
996
544
198
371
938
320
290
606
969
436
289
281
20
556
380
14
673
4
426
653
532
450
497
414
455
238
335
429
635
201
207
2
528
499
471
868
432
957
981
945
578
471
642
364
723
64
223
956
790
872
804
437
444
3
840
374
439
900
74
854
352
883
533
971
360
653
67
80
124
622
504
219
257
550
735
784
967
357
3
549
371
460
547
956
668
290
264
750
814
791
171
674
125
177
655
410
889
512
742
118
768
240
648
375
858
35
174
730
30
856
852
158
73
836
364
292
926
451
919
579
729
651
543
301
302
390
721
762
991
170
654
855
362
62
120
202
673
891
705
628
498
820
478
851
399
492
115
387
584
787
185
681
684
332
514
140
343
526
293
264
773
773
541
920
173
388
332
799
528
290
524
980
409
198
446
335
279
687
788
876
677
821
24
467
610
494
920
186
988
230
857
920
280
782
176
486
396
775
56
4
846
675
805
780
181
353
839
663
69
715
690
859
368
509
346
446
416
685
236
442
417
153
744
213
707
761
475
11
221
650
536
250
237
660
542
138
828
425
485
879
374
387
826
380
135
376
378
598
153
388
588
722
426
124
702
324
106
898
873
669
827
66
825
448
993
96
572
721
369
219
509
82
213
274
80
484
557
90
125
558
466
217
130
429
723
34
352
377
123
5
312
551
778
266
278
288
7
258
203
453
871
962
145
493
895
45
104
741
190
613
6
563
662
606
538
152
521
215
817
487
751
358
482
501
590
278
332
623
283
800
367
155
884
763
704
172
712
497
846
949
454
208
465
497
250
9
890
405
134
496
301
955
485
665
796
196
578
675
917
224
824
700
500
853
715
825
563
794
395
976
541
647
192
356
762
683
153
236
572
129
471
857
193
441
774
57
801
902
756
821
919
849
170
451
69
857
696
953
80
140
100
799
938
103
602
431
550
446
504
60
126
745
992
876
352
44
401
84
727
617
839
470
734
259
718
537
703
609
126
742
234
822
96
762
337
937
239
693
816
62
58
613
762
144
446
375
390
129
992
20
528
639
7
564
348
685
760
794
94
27
779
428
773
187
387
813
973
42
283
24
964
462
76
931
220
2
835
438
431
771
39
958
249
286
128
75
935
641
587
714
725
435
970
888
157
112
224
188
108
492
234
62
262
107
529
354
658
83
812
36
752
583
587
551
758
282
790
694
314
132
556
333
914
91
783
109
999
856
76
818
752
573
568
131
835
553
350
830
110
48
894
445
308
641
63
305
867
581
741
577
817
977
454
415
559
504
30
479
950
977
74
373
806
568
529
610
374
3
671
963
989
771
451
742
607
845
616
593
347
284
25
929
953
461
646
867
841
335
547
531
382
245
511
47
2
537
825
239
171
854
567
316
323
946
641
610
949
790
410
859
739
332
750
585
485
460
55
343
756
435
986
629
924
512
574
990
680
748
109
799
743
518
554
575
804
64
698
765
11
201
128
243
479
231
793
901
481
185
686
646
539
239
943
575
731
695
76
236
723
389
711
894
477
238
477
382
987
273
764
44
964
153
270
813
283
515
964
530
186
761
630
803
748
537
470
463
671
350
828
222
256
457
868
942
705
891
148
614
821
913
481
571
476
284
714
340
906
43
396
852
282
472
204
539
225
533
35
625
485
425
307
809
515
994
496
93
911
424
730
220
342
220
887
773
248
603
877
798
402
572
629
997
615
81
35
394
559
805
866
456
967
435
204
343
944
86
511
583
956
226
340
194
866
230
553
126
131
893
341
157
749
984
747
179
669
233
464
260
297
46
983
120
19
337
28
253
930
736
238
366
843
597
109
421
813
36
722
914
841
996
718
447
744
916
387
258
726
516
7
677
837
805
78
126
829
710
351
310
486
92
119
905
504
741
746
297
394
833
632
902
439
213
731
110
798
805
495
965
88
717
835
657
773
949
676
893
215
287
232
776
440
782
575
457
368
101
390
682
158
897
22
374
807
19
497
735
813
494
796
72
503
985
448
692
390
842
27
138
647
312
403
878
276
131
403
292
53
90
966
763
341
480
223
900
367
403
67
974
847
931
823
752
117
476
587
866
388
832
864
952
992
612
333
507
262
429
21
814
446
935
349
122
19
338
737
847
211
417
118
887
161
704
946
696
592
369
872
687
210
915
775
531
71
80
642
197
97
794
859
618
244
793
104
242
827
235
343
936
637
401
846
774
223
257
571
781
139
669
738
374
910
304
621
528
702
864
45
438
794
485
695
804
597
868
202
222
130
136
909
333
467
774
173
487
916
891
732
914
610
612
453
925
370
409
852
938
556
392
411
860
965
162
846
513
452
387
960
348
940
499
695
138
528
388
762
174
182
736
507
355
866
617
319
758
307
308
649
446
434
979
287
633
918
437
733
436
805
460
846
150
157
26
57
913
553
209
511
503
95
334
826
461
949
793
57
182
220
988
369
639
477
677
598
34
232
66
215
537
852
616
671
737
505
24
223
705
784
959
736
781
28
184
807
899
842
336
746
809
643
949
862
345
986
780
995
699
313
14
199
933
742
646
599
689
379
1
781
899
179
579
138
982
64
970
428
938
554
593
467
83
226
643
646
65
564
434
491
920
363
523
963
684
46
112
75
202
392
530
223
229
950
464
977
828
329
392
319
501
379
801
267
744
422
931
163
818
296
563
857
285
283
527
613
392
904
51
735
688
292
853
33
675
475
755
208
492
977
207
467
112
904
947
827
772
171
119
267
921
776
733
378
469
860
61
931
15
57
170
182
863
819
304
71
688
912
112
771
242
805
873
811
792
349
365
450
675
956
149
313
809
234
890
241
614
196
961
392
533
252
578
748
755
880
110
189
376
632
298
320
51
409
764
173
544
967
688
402
369
983
248
528
863
858
238
171
259
165
735
344
589
373
495
710
735
776
122
751
176
599
382
784
153
776
979
60
909
944
843
511
529
478
12
478
685
210
287
812
455
132
436
606
123
817
308
304
641
335
883
553
259
522
560
809
32
264
722
460
530
655
912
246
817
6
85
965
442
504
543
591
439
813
578
264
676
770
206
733
451
209
842
407
133
52
595
671
486
171
581
624
660
533
812
627
995
795
263
923
999
847
514
928
592
147
767
841
907
335
913
738
707
506
444
254
147
409
532
229
574
942
480
966
85
656
610
33
573
0
719
739
666
979
470
556
436
803
846
781
861
529
648
42
595
861
494
104
256
998
262
552
300
557
368
409
660
3
112
380
617
522
423
385
791
57
149
495
504
506
163
776
909
213
376
474
128
439
194
810
329
446
127
628
771
67
687
261
178
66
511
305
220
645
397
816
417
868
883
956
16
233
530
230
383
136
37
614
414
444
534
552
137
341
425
99
201
861
939
318
565
441
78
12
26
157
380
230
580
784
669
719
480
359
664
979
888
285
586
352
241
656
413
967
885
855
200
36
32
479
319
64
537
581
71
128
983
14
696
942
829
458
703
509
220
191
191
