537
720
410
482
257
491
382
143
922
941
393
15
341
670
223
525
669
307
683
675
30
189
253
342
697
747
534
877
169
607
43
136
517
582
436
350
586
825
104
486
796
697
647
655
658
495
835
347
595
945
772
838
496
553
383
93
488
856
842
505
482
935
190
466
778
478
250
104
379
813
504
37
773
975
526
511
404
471
627
305
133
899
795
353
629
677
897
36
751
313
153
797
706
808
207
413
237
794
975
429
384
691
490
487
560
292
153
338
806
682
641
947
70
708
804
785
143
469
512
881
691
786
214
280
524
446
297
487
329
136
528
168
196
550
874
743
738
323
389
276
662
267
851
197
922
624
34
633
643
797
518
463
199
927
30
124
494
996
191
827
122
939
665
486
149
571
308
211
54
392
70
707
895
584
356
220
22
867
522
317
413
145
721
81
472
565
428
861
683
663
111
84
365
840
909
75
117
614
741
46
344
79
943
976
388
867
624
346
861
954
752
843
113
524
396
117
921
15
885
992
494
899
213
504
350
994
961
138
554
259
863
180
13
29
421
49
307
241
891
244
811
720
623
540
779
59
635
582
686
434
653
73
837
204
331
690
823
741
984
239
382
797
96
673
264
893
844
730
926
341
66
502
805
417
580
199
894
178
179
952
92
328
976
291
530
213
158
813
662
109
136
575
766
618
379
312
358
108
855
454
898
749
271
396
278
506
171
805
248
125
278
639
407
239
665
578
242
396
715
751
535
887
99
702
446
300
556
175
562
340
587
770
252
515
416
835
243
573
7
141
620
263
642
279
545
931
525
803
481
811
309
475
493
254
789
39
706
456
103
505
424
827
420
922
542
668
992
373
919
193
509
688
253
278
578
532
320
46
967
18
651
702
88
21
332
614
492
886
334
817
208
18
501
676
325
825
613
939
787
167
271
15
808
525
456
348
290
234
744
742
940
914
276
99
24
305
697
412
273
273
86
829
492
526
996
652
11
851
749
694
349
886
437
989
622
398
394
573
894
5
228
726
232
336
584
540
601
571
303
906
299
737
142
190
726
281
266
93
538
357
25
263
250
316
256
629
744
23
189
727
290
321
320
458
366
575
203
463
528
391
794
990
84
524
897
793
897
287
418
557
677
850
631
891
863
343
857
654
109
277
742
548
938
338
561
335
539
444
625
470
207
129
775
908
281
598
565
722
627
332
296
240
969
423
866
30
119
745
639
17
463
900
449
186
899
588
818
568
19
946
77
149
124
477
826
958
646
122
460
180
167
453
449
120
889
528
53
892
189
832
491
76
371
39
170
547
424
907
223
993
586
318
517
242
98
455
749
162
886
117
636
653
218
244
184
651
882
736
654
224
559
838
291
282
372
882
972
779
220
51
165
391
323
779
379
831
157
259
879
667
582
707
903
175
862
126
202
52
264
828
471
655
665
273
226
167
520
794
421
496
862
544
472
972
562
894
340
113
57
853
649
302
801
470
18
247
81
991
778
504
415
695
525
541
701
267
917
568
72
763
768
476
807
455
890
679
365
586
300
20
698
537
9
870
84
981
33
208
30
155
468
353
66
165
500
30
336
818
23
264
979
704
968
116
36
810
225
753
78
284
728
68
669
427
691
55
659
978
272
496
841
455
957
165
358
571
728
814
71
497
997
731
699
854
83
60
594
998
657
423
857
200
58
44
93
743
241
365
250
953
179
121
598
533
184
80
158
717
989
152
797
995
26
197
221
592
259
576
683
935
181
398
620
201
566
361
197
417
49
221
596
151
622
680
425
682
914
68
40
478
383
401
173
734
418
107
532
947
749
299
325
738
121
634
769
59
354
751
355
918
127
841
325
88
644
881
566
523
286
559
221
435
2
533
629
469
178
112
5
770
397
58
379
865
706
269
948
995
689
458
322
280
54
40
835
191
99
952
706
826
752
492
228
616
690
792
809
795
133
192
164
354
383
25
313
194
235
669
163
5
871
958
655
708
162
347
224
552
485
568
39
292
645
447
287
919
474
821
67
62
624
768
717
70
567
764
747
431
609
37
328
964
47
102
788
142
936
48
833
857
432
14
291
470
241
965
187
767
624
873
825
233
78
347
987
691
849
71
686
758
927
193
247
685
311
919
479
579
467
954
241
603
974
510
481
162
398
769
427
610
78
768
317
696
35
941
594
197
481
541
228
513
265
222
205
99
689
245
667
469
144
381
573
436
364
124
934
94
938
759
108
132
617
654
909
135
596
650
128
95
634
931
379
590
932
927
94
226
714
12
939
874
82
166
745
952
550
851
276
413
57
332
762
18
590
927
44
586
836
735
599
989
738
5
110
391
675
216
510
680
646
71
886
636
566
991
592
498
424
817
552
986
126
875
49
184
375
6
110
373
184
375
116
124
195
175
449
850
947
181
216
62
569
972
229
961
526
943
71
327
278
568
511
355
773
408
28
153
225
976
112
356
171
214
58
248
395
812
360
137
247
867
857
147
791
861
965
419
665
479
154
330
660
269
412
66
403
119
719
433
80
265
620
875
442
777
694
212
748
225
296
306
987
437
757
185
708
454
283
416
568
989
388
72
158
747
955
669
107
973
56
685
0
653
408
6
487
595
4
412
147
490
243
624
436
919
79
164
196
189
17
802
641
892
746
165
343
792
376
87
145
749
9
705
740
855
6
401
641
632
311
389
788
355
503
263
365
350
188
793
243
508
413
935
848
304
360
475
53
190
775
652
578
155
518
736
186
957
596
552
737
940
404
323
75
944
439
610
355
12
199
723
868
265
306
178
336
325
25
849
770
538
852
575
226
779
949
543
925
305
469
935
501
852
407
801
116
588
831
879
873
504
733
967
933
493
908
862
637
648
594
897
940
864
932
318
611
2
584
273
384
495
118
875
785
643
675
20
299
756
555
873
587
59
730
329
584
303
776
89
156
196
543
543
845
651
282
156
348
859
59
491
112
693
361
342
288
309
669
719
532
812
583
572
286
595
890
252
651
786
80
110
880
566
131
864
658
216
482
533
150
458
484
72
914
869
932
829
430
239
976
31
602
168
592
356
326
67
288
276
152
337
842
256
269
720
571
512
759
963
200
77
943
700
493
733
776
549
209
988
56
515
666
231
275
267
776
565
965
7
321
150
924
225
393
509
424
672
307
786
928
272
88
288
891
252
994
885
415
895
118
568
641
304
309
996
913
963
629
883
601
339
360
662
363
526
337
440
596
362
542
347
345
563
902
650
628
774
849
957
851
175
62
411
925
623
813
970
546
130
626
114
294
468
906
775
521
939
686
373
998
152
177
222
278
767
799
655
664
750
532
336
8
163
317
530
105
558
279
724
400
565
59
838
951
69
635
838
82
622
68
696
233
136
103
48
579
258
741
955
627
921
495
299
586
613
688
522
153
687
127
30
232
471
948
939
104
859
758
630
874
25
423
557
858
629
150
364
643
310
86
538
792
322
399
154
716
330
745
237
639
529
729
45
478
46
450
293
582
768
409
948
780
273
756
304
268
827
87
846
812
783
93
456
699
869
504
256
892
198
390
505
281
29
480
933
198
724
823
808
532
690
853
379
134
138
150
901
235
487
289
484
712
747
798
801
753
663
470
297
212
317
754
752
507
833
969
105
732
102
953
568
398
740
33
856
394
607
360
608
28
228
390
632
100
36
758
177
798
19
964
634
370
346
145
384
632
784
823
957
428
407
707
553
25
683
815
750
774
998
857
469
570
158
67
590
349
152
23
604
604
37
551
15
304
306
431
707
356
366
528
926
97
941
401
239
697
226
91
802
36
305
786
120
721
825
707
891
261
456
583
143
761
489
923
699
483
529
128
207
980
384
509
280
953
826
31
887
320
421
723
887
465
861
264
109
134
674
844
402
169
67
569
188
177
132
243
91
560
179
984
887
475
409
677
878
551
675
370
411
772
104
137
266
673
117
848
480
805
756
943
904
373
676
40
784
798
673
524
2
409
756
380
734
334
581
450
133
118
268
548
832
977
864
73
23
504
199
68
573
329
428
499
833
733
614
595
903
79
420
833
485
27
39
815
778
736
232
593
176
875
737
323
10
738
568
929
41
370
61
986
737
910
540
178
32
956
190
435
854
117
162
591
591
385
201
917
446
269
807
965
524
275
525
233
366
475
716
707
60
627
292
45
902
536
250
681
433
408
504
973
711
550
430
218
349
921
62
722
629
82
845
651
60
880
798
388
830
249
296
51
973
791
408
113
129
332
393
195
505
356
479
894
303
766
476
181
74
390
866
754
701
938
22
303
813
279
622
976
728
335
169
703
664
441
436
418
662
598
646
965
404
571
785
448
387
104
448
734
491
171
552
505
177
354
15
636
586
524
657
975
646
202
602
329
512
263
406
965
250
25
435
571
357
795
504
457
373
848
815
286
947
14
141
660
333
933
899
776
904
10
157
894
886
981
743
429
370
475
712
549
271
137
46
336
160
998
273
708
251
203
860
956
623
41
669
293
229
839
486
636
163
423
988
186
490
636
133
265
625
107
799
605
946
370
939
434
91
177
944
893
647
244
259
970
243
906
588
298
277
117
140
751
461
694
155
502
968
684
559
206
905
841
310
11
648
913
276
706
927
352
768
241
791
671
673
541
594
147
310
78
865
738
938
539
277
450
398
94
538
552
545
227
520
226
963
658
363
2
303
727
619
615
870
610
318
185
640
544
624
585
974
693
581
315
251
964
461
593
289
14
310
957
999
586
424
346
480
574
657
920
167
331
72
346
422
62
271
606
382
960
162
496
249
756
493
75
971
104
561
357
55
442
558
46
326
472
389
909
10
692
260
343
185
738
517
165
572
944
360
912
439
177
860
300
523
69
973
614
919
281
287
156
254
110
360
23
457
193
940
39
789
46
754
556
607
506
876
644
372
452
884
549
677
166
761
737
960
894
929
745
538
523
232
608
872
743
31
245
292
208
600
948
100
570
285
954
239
245
897
178
345
6
734
425
606
948
797
666
595
82
989
287
16
236
162
886
465
591
143
683
172
474
446
551
781
75
139
13
388
47
337
605
576
266
124
639
478
447
390
77
521
597
981
253
453
486
737
770
247
748
363
918
292
274
25
614
962
69
527
602
131
862
967
807
733
388
273
555
47
578
605
757
295
667
69
214
806
621
960
960
204
257
393
201
504
14
230
652
416
228
580
812
263
276
880
70
740
385
473
250
703
26
905
597
318
448
593
527
710
743
668
932
541
778
780
992
524
495
1
548
83
292
736
80
100
661
840
828
609
132
111
303
321
11
683
563
325
24
805
627
65
502
976
625
190
332
608
512
301
868
405
227
958
210
446
769
78
262
578
462
919
961
297
615
601
632
34
49
422
848
14
590
108
110
937
861
883
17
233
285
718
591
774
910
406
521
634
99
146
755
322
784
587
364
458
29
836
318
671
204
887
531
918
61
521
28
746
994
16
631
539
177
235
645
753
959
183
876
647
3
659
344
325
214
505
281
654
701
693
33
897
344
465
132
762
147
391
508
160
598
464
609
946
490
625
889
402
907
645
153
491
693
69
384
735
524
765
92
681
612
896
108
426
217
539
729
327
276
503
522
55
267
24
51
121
4
50
664
84
478
852
811
201
731
61
488
355
638
882
250
71
949
513
20
494
179
496
142
271
429
351
433
9
438
340
185
207
146
77
414
668
251
911
327
909
116
533
916
342
519
477
613
124
229
197
549
426
50
387
701
895
329
89
870
277
348
327
263
501
344
131
271
605
512
331
983
995
801
331
335
67
821
714
723
764
271
679
474
49
49
25
347
28
957
252
877
421
407
31
841
496
739
898
886
452
624
92
385
687
888
227
574
287
691
213
479
611
575
163
8
112
710
710
5
792
20
641
729
805
188
214
436
780
430
164
759
508
870
894
735
877
956
535
92
885
380
890
109
61
722
974
874
27
348
174
766
745
211
350
271
178
710
201
27
637
789
840
224
122
656
13
319
313
818
397
854
794
381
380
786
327
171
619
254
357
438
676
930
649
197
830
154
328
339
636
289
519
549
887
219
1
168
628
268
543
901
392
400
505
179
928
640
683
327
830
542
947
497
317
149
622
566
85
231
482
686
194
452
862
602
23
21
486
460
336
770
771
514
301
78
687
120
154
669
310
113
187
862
200
994
445
19
747
859
696
218
669
418
88
752
14
854
331
929
828
230
797
566
449
684
127
643
575
257
46
92
284
461
479
563
872
283
224
425
339
791
890
679
820
781
835
807
84
408
343
628
600
547
495
290
149
287
802
36
118
418
127
304
106
552
605
241
33
337
409
737
756
159
391
169
300
425
684
894
322
361
632
82
534
695
873
940
931
640
690
100
768
23
850
824
730
317
721
916
460
864
230
417
257
806
499
461
64
380
378
138
485
943
33
398
953
126
176
111
512
138
996
664
152
651
868
637
81
217
184
327
456
796
825
820
637
920
115
926
949
496
447
950
250
45
158
61
341
540
184
487
942
954
266
380
42
356
118
788
996
55
901
327
622
464
87
350
174
410
586
241
294
850
193
742
971
120
300
299
95
252
77
48
554
835
339
516
371
501
855
314
605
771
596
319
989
682
115
819
967
55
148
658
288
990
210
182
374
147
437
819
707
212
419
102
585
369
432
43
135
977
425
281
321
386
497
404
639
325
723
208
596
459
246
300
350
248
294
74
877
131
63
626
596
191
805
630
837
425
95
605
641
485
457
719
781
864
273
554
864
116
793
279
9
780
443
212
829
364
195
375
445
907
870
795
319
976
688
874
83
630
891
912
646
78
987
183
347
719
223
380
405
861
562
950
833
419
103
950
960
950
91
407
891
591
364
148
607
796
512
528
912
733
640
62
889
286
43
845
209
605
15
528
801
930
882
752
514
38
534
110
268
841
923
880
882
340
479
823
417
280
321
811
550
721
347
764
815
106
525
942
273
398
789
119
721
144
461
457
687
824
677
159
173
715
447
621
53
821
626
344
880
110
30
975
843
750
382
853
339
214
836
556
249
797
454
776
921
315
902
205
268
894
71
501
614
406
83
874
402
391
338
52
729
515
636
464
961
73
768
630
914
982
925
469
988
78
589
981
308
831
850
272
21
195
312
438
715
552
602
91
147
109
593
967
567
451
919
203
398
717
242
851
119
246
500
172
901
526
599
778
158
496
637
454
62
187
437
636
761
355
554
693
990
699
605
557
967
210
675
834
508
983
490
255
15
354
580
765
346
200
526
709
676
170
851
204
675
83
313
699
436
604
117
490
710
870
770
161
412
187
428
739
745
874
803
383
373
373
819
316
486
32
416
424
946
961
887
453
472
454
864
49
391
703
104
856
62
817
130
264
123
372
741
409
511
50
953
463
558
581
635
341
68
427
576
416
859
864
238
61
810
161
454
264
7
248
150
610
412
793
771
901
319
120
419
432
228
124
504
586
694
164
105
268
514
21
203
32
100
605
4
896
603
943
528
500
71
323
588
468
195
449
904
142
605
746
306
4
75
716
221
605
184
336
737
206
899
1
148
293
568
386
85
130
400
980
297
835
836
44
47
338
599
358
646
236
425
664
566
457
479
260
675
668
704
235
758
342
435
995
47
235
972
381
173
632
389
469
725
990
921
471
121
288
468
250
839
958
654
444
434
628
934
170
7
642
123
538
406
168
734
703
56
533
395
480
495
220
294
758
113
740
779
711
438
659
382
324
105
494
136
651
636
575
19
802
11
844
965
337
795
464
32
210
19
232
978
80
824
500
816
609
311
167
301
98
204
845
777
485
455
233
948
617
806
736
994
775
957
821
617
244
74
458
197
336
469
48
388
297
828
779
293
788
78
788
44
258
541
340
352
259
318
162
142
154
213
666
302
397
265
667
139
7
286
266
345
723
410
608
110
751
95
509
98
379
647
519
299
557
614
275
297
762
833
990
553
562
316
625
589
793
209
991
536
758
277
693
240
858
356
29
244
22
205
110
436
113
672
571
727
429
547
222
967
909
260
809
810
461
569
401
34
134
603
896
668
420
657
253
542
222
441
890
345
898
305
554
317
842
155
13
540
735
63
369
270
400
11
663
52
327
222
623
201
280
442
880
106
287
759
376
303
389
252
85
537
183
904
558
443
571
455
200
485
359
392
433
971
8
35
195
724
260
856
365
446
116
882
652
815
274
3
65
15
251
89
656
385
888
54
772
184
375
741
762
846
937
16
944
936
104
527
129
613
583
379
193
597
350
720
808
758
288
896
92
738
474
181
327
501
451
454
362
530
771
179
85
244
553
268
36
306
308
755
719
316
198
98
494
786
304
423
703
460
814
212
710
132
161
570
615
728
922
62
323
555
153
340
429
931
491
8
600
253
153
395
207
596
707
98
656
665
584
259
438
493
536
329
777
737
313
303
684
486
187
392
555
81
672
500
543
406
602
623
184
773
627
684
894
522
595
559
75
366
266
160
200
675
195
460
115
101
568
925
434
452
208
497
382
502
778
344
423
178
860
751
968
310
436
601
991
553
234
565
468
437
73
499
202
93
57
152
87
989
146
714
812
454
246
933
641
288
491
563
761
434
747
498
236
357
747
591
783
646
477
264
309
987
81
895
736
341
623
507
832
899
778
441
399
351
809
695
46
818
695
681
888
506
669
981
409
108
337
424
634
605
358
515
820
746
999
697
582
663
16
431
197
76
252
806
582
20
517
557
483
943
811
478
464
64
420
587
442
112
588
714
595
25
753
188
188
47
678
267
15
544
946
313
7
365
356
61
62
488
54
257
739
613
595
879
959
981
45
626
970
902
535
752
215
262
908
589
688
310
555
115
167
724
128
213
643
608
680
947
763
712
144
856
642
903
145
847
519
888
276
220
175
560
639
703
890
233
82
306
583
499
617
532
268
726
333
159
310
546
441
875
145
615
446
293
700
537
468
394
637
202
765
886
557
811
607
474
231
278
439
425
962
739
356
555
304
866
663
866
946
200
957
722
795
602
886
294
846
814
277
301
316
386
972
892
798
860
244
645
403
872
630
204
486
544
841
10
864
901
272
843
493
324
839
514
830
500
954
645
626
252
306
75
865
442
773
521
823
989
817
20
50
756
565
488
960
327
827
959
975
731
790
918
386
372
588
433
885
330
632
119
206
998
815
608
600
574
908
306
125
676
914
883
79
133
54
57
739
645
639
94
250
631
779
631
981
634
455
355
605
224
450
360
165
832
399
904
228
747
557
812
227
699
892
583
631
64
926
43
91
236
88
473
85
838
4
569
283
4
108
762
962
209
765
763
51
942
838
40
386
565
643
144
996
120
738
579
717
632
737
9
740
754
570
462
219
67
573
162
6
860
568
92
199
921
765
734
436
764
16
531
206
71
84
21
223
310
769
892
991
418
411
505
250
521
274
168
1
331
346
412
708
464
943
204
593
181
206
227
76
822
626
949
499
797
706
38
685
496
924
293
830
689
592
981
297
799
603
268
899
97
167
683
784
235
83
526
668
961
12
263
464
816
312
707
398
84
706
126
955
308
415
786
857
786
644
538
542
374
842
684
476
986
359
5
646
240
338
847
171
48
715
190
2
470
653
256
131
720
537
698
286
773
679
423
818
336
235
275
572
844
922
470
729
218
456
789
362
461
336
554
268
567
463
155
112
868
293
528
253
484
273
862
280
654
751
224
606
424
569
230
910
739
360
725
310
539
725
886
472
133
752
283
896
545
51
35
901
958
965
607
497
141
823
13
543
797
876
970
945
421
497
509
338
641
479
662
278
908
689
413
324
532
814
127
126
466
693
514
989
600
896
346
707
742
855
869
222
29
777
800
446
772
873
717
332
377
451
228
38
111
745
557
235
821
551
320
544
96
47
84
324
855
58
44
166
436
916
224
529
186
811
447
98
849
835
689
814
318
976
467
154
920
178
100
816
230
198
772
178
932
639
29
615
501
376
241
607
474
684
619
637
416
484
105
824
463
749
535
621
302
244
31
237
708
510
620
71
234
280
255
274
421
647
440
104
575
845
870
594
781
346
25
180
179
395
756
829
98
665
25
94
812
656
837
532
831
202
530
124
773
440
731
722
661
268
218
149
137
670
109
714
720
409
384
324
62
457
420
437
632
84
420
860
324
250
520
219
532
554
810
307
827
186
166
166
112
506
47
361
464
182
309
36
128
55
218
264
999
36
395
643
994
242
236
859
618
45
388
301
208
842
256
824
784
443
299
467
99
53
59
680
174
202
959
596
488
206
340
923
649
608
663
165
566
455
725
263
306
398
822
623
246
846
23
592
592
14
719
965
65
857
769
126
24
533
89
93
317
795
450
332
480
600
99
972
808
583
370
876
511
272
760
116
282
241
109
485
167
264
436
976
279
522
55
479
579
715
61
564
211
802
712
316
720
600
555
551
379
142
856
782
935
512
216
234
514
865
348
933
401
300
872
679
529
228
807
880
121
209
626
556
228
783
929
808
950
629
812
824
388
703
699
530
717
697
538
610
647
488
704
99
906
262
287
887
378
666
926
820
520
370
889
691
407
470
346
469
972
58
337
620
886
888
111
859
813
687
920
395
96
876
263
59
246
691
563
204
62
130
767
294
442
562
192
130
958
971
695
638
327
19
918
990
494
827
63
965
451
287
376
31
807
295
323
498
945
534
962
473
834
798
616
700
581
286
442
272
374
226
332
830
619
573
160
123
159
446
289
900
987
596
669
355
800
126
737
466
56
476
943
803
762
68
499
593
467
106
459
47
906
527
452
971
948
716
89
519
806
747
239
676
25
130
100
979
584
350
405
17
93
776
239
45
273
246
509
138
946
168
488
908
670
941
805
649
806
682
336
589
823
271
110
97
218
630
920
802
514
593
363
9
405
614
476
445
748
937
986
825
405
767
252
314
480
338
129
810
78
614
878
746
676
206
753
480
808
44
61
756
907
820
87
440
204
355
164
36
206
385
853
124
143
80
587
903
873
128
93
483
742
697
792
690
428
428
486
731
800
86
255
439
631
410
220
185
919
202
763
569
803
562
116
101
150
241
617
156
247
909
420
457
851
81
443
296
17
85
783
688
446
443
651
397
97
585
279
377
264
592
931
582
721
808
801
386
941
541
803
520
998
467
236
55
42
913
907
465
391
165
929
626
838
76
876
291
197
332
892
138
44
624
458
248
746
975
529
286
879
129
996
197
169
335
175
985
77
742
786
641
227
608
848
437
469
591
894
484
768
918
86
546
208
711
955
722
362
474
711
766
322
720
144
504
485
413
362
931
633
211
782
515
729
345
295
814
653
352
773
861
222
501
747
467
38
487
163
313
238
367
433
764
889
407
172
556
630
489
281
921
299
357
778
460
556
54
124
503
571
945
430
242
594
483
245
811
660
239
628
809
753
760
721
965
264
409
155
806
631
367
735
848
629
791
498
808
817
201
609
222
524
873
340
151
0
270
593
709
212
64
332
862
336
955
276
950
123
627
321
970
140
58
2
130
365
541
627
842
555
440
963
749
42
113
875
647
382
248
178
405
44
784
870
291
838
842
166
346
478
855
234
691
98
936
956
573
53
596
384
231
63
181
741
514
274
567
72
750
893
798
22
80
38
883
231
149
72
402
218
941
21
84
675
62
900
964
802
436
75
175
789
466
856
757
493
64
633
839
446
690
124
956
207
136
440
372
298
239
34
103
622
795
364
691
295
879
935
985
127
459
538
875
622
337
491
580
709
844
249
780
57
685
476
158
538
19
277
159
19
862
583
805
740
200
983
730
858
289
567
868
857
510
221
539
256
870
267
478
554
40
400
434
381
555
380
160
75
380
872
633
118
902
755
456
265
753
226
349
665
881
615
890
234
370
930
187
54
13
477
327
768
682
904
741
503
922
846
701
838
55
959
453
232
602
812
348
48
569
745
815
319
979
452
13
647
841
356
248
588
915
316
971
419
676
159
882
394
116
262
627
742
168
989
912
716
167
283
869
975
259
160
572
920
266
705
186
540
761
54
325
367
756
213
621
646
988
424
253
642
797
593
637
56
691
581
980
990
273
462
759
696
645
555
784
840
507
706
421
108
333
414
623
730
828
764
419
310
645
390
153
27
931
402
494
32
652
877
448
610
587
761
213
520
98
38
841
148
818
549
762
437
841
255
257
609
870
27
600
815
811
135
978
546
704
286
219
170
984
320
446
413
794
287
141
515
807
485
232
799
570
699
389
529
505
957
336
864
487
785
527
597
115
574
69
522
920
889
89
898
722
866
546
738
258
701
617
301
22
813
523
829
440
467
89
261
417
332
166
316
746
560
501
787
447
190
653
392
281
214
914
475
550
47
768
189
910
694
902
169
173
80
29
907
664
374
276
637
566
263
714
760
988
901
911
838
133
973
206
646
484
577
75
890
288
867
285
67
483
343
488
892
774
195
67
107
917
91
425
724
530
796
573
440
465
315
863
971
400
270
501
562
280
151
352
811
780
17
557
927
429
379
116
154
799
786
560
236
52
156
467
79
731
46
565
96
765
334
218
43
683
445
886
144
759
852
989
66
78
407
514
165
423
743
988
319
83
266
976
551
161
965
327
610
588
745
254
709
787
363
804
85
773
678
971
90
638
523
318
810
267
768
899
193
558
55
972
878
358
541
216
730
959
427
634
521
937
129
843
282
319
470
808
3
895
341
538
38
857
1
910
112
45
632
681
584
174
310
578
181
213
89
884
951
739
889
630
568
710
938
128
28
519
610
340
251
702
222
327
119
811
641
291
56
842
924
714
989
618
848
561
190
26
616
806
925
768
908
336
706
168
280
754
717
525
684
939
375
271
492
637
849
537
912
879
486
37
326
818
901
407
306
85
934
483
847
293
853
947
344
484
388
393
144
356
307
446
135
608
171
925
245
800
633
726
801
144
454
826
619
611
74
256
968
201
224
171
379
930
469
392
128
590
730
751
420
955
969
125
680
969
725
371
701
125
186
440
513
336
771
30
87
324
90
515
621
602
362
646
823
883
880
571
472
153
680
437
393
753
100
519
578
0
47
439
518
175
392
832
291
268
506
299
838
582
448
873
813
101
870
824
318
915
666
831
102
699
874
511
923
77
679
616
386
427
902
813
133
875
23
173
52
360
879
975
716
943
224
73
93
436
921
469
222
727
496
369
515
239
563
321
798
712
902
259
900
100
990
791
198
300
484
985
607
97
918
524
606
571
967
477
873
108
679
137
329
962
637
940
37
464
456
591
247
745
445
221
227
40
555
642
341
942
826
369
65
400
994
152
678
373
24
866
108
537
683
105
165
769
749
69
728
292
869
366
392
793
609
770
755
107
56
611
198
550
438
320
46
348
992
582
497
345
943
579
67
895
210
32
861
551
220
648
599
669
141
673
926
38
965
893
193
569
618
645
837
903
58
651
17
928
188
251
956
244
193
878
449
970
969
442
396
160
559
625
639
216
310
931
6
763
941
667
265
598
189
780
975
869
948
966
94
784
762
785
65
593
233
116
355
646
769
939
80
873
17
547
27
465
210
378
618
573
445
224
478
365
773
948
230
933
311
757
258
879
246
190
285
76
387
380
660
471
297
591
796
621
342
434
384
60
614
401
343
423
834
919
324
364
726
793
415
355
760
387
793
923
619
372
765
266
419
632
665
544
628
106
492
657
171
452
577
853
854
373
106
494
159
805
184
86
939
912
678
914
513
140
734
62
510
321
299
86
670
861
430
31
13
121
268
656
307
75
547
832
701
912
37
765
280
246
198
110
513
691
456
174
624
622
950
917
451
160
965
261
671
318
622
750
177
278
575
70
826
652
818
425
809
832
94
80
738
429
785
369
724
392
207
388
121
867
116
605
422
837
821
498
362
232
885
42
300
719
315
272
772
346
673
283
108
160
487
972
248
839
598
60
592
658
793
567
62
808
733
504
859
413
641
769
100
671
296
416
681
823
635
481
142
994
892
316
883
715
574
916
254
919
600
81
688
325
632
843
741
336
740
483
245
90
891
343
23
879
634
58
334
602
571
838
587
528
576
735
41
247
798
109
400
587
508
829
137
421
618
701
329
536
710
402
873
850
209
248
737
411
872
781
13
237
911
426
575
719
345
591
764
120
90
266
283
749
781
460
560
351
697
848
671
756
158
665
835
472
534
486
126
151
350
997
475
890
139
921
511
196
274
441
406
672
440
239
786
913
736
210
966
973
619
497
521
255
561
627
534
864
509
648
184
961
111
309
115
743
899
248
14
667
855
257
964
77
747
121
865
156
264
538
138
573
882
803
285
638
954
590
80
670
308
303
453
131
632
491
891
711
244
267
864
415
286
947
906
809
366
348
29
234
266
570
358
610
428
250
606
453
294
532
491
294
942
393
353
841
540
18
621
677
344
948
937
229
240
179
267
26
479
402
97
887
338
469
223
824
307
547
993
799
177
603
252
260
959
937
414
353
656
565
278
936
156
161
86
673
627
869
597
203
497
521
953
566
579
758
977
715
853
577
1
233
837
589
159
117
442
844
882
677
799
490
842
913
676
182
82
790
363
621
386
384
648
533
801
780
657
467
752
727
421
993
858
383
217
256
975
140
621
693
152
745
678
859
308
813
260
294
265
137
291
127
943
934
656
809
894
212
585
678
632
217
799
382
240
268
79
846
386
45
91
209
820
59
952
861
858
9
185
397
664
206
312
870
288
951
836
409
115
331
399
556
844
251
78
613
784
629
420
860
994
108
816
523
387
125
154
77
526
231
269
592
409
288
118
848
656
193
938
521
444
845
718
369
961
67
376
513
213
957
523
998
84
93
152
367
160
435
359
181
333
573
37
362
275
900
727
479
28
654
861
855
222
518
98
41
819
948
0
430
499
778
248
24
963
956
831
946
759
715
308
682
619
174
997
199
207
181
690
241
40
364
65
620
347
17
96
408
965
762
594
905
471
502
672
557
829
710
673
663
988
743
164
216
835
535
810
12
987
745
265
248
552
23
450
470
114
827
164
538
69
922
434
797
323
365
959
619
508
581
722
659
788
411
836
986
843
810
462
845
881
666
792
153
784
777
276
784
956
711
33
219
389
294
644
766
229
588
696
861
669
759
590
609
962
172
288
822
365
972
743
212
368
220
44
288
51
215
75
447
855
906
116
807
194
948
380
857
385
839
592
254
76
303
985
277
42
478
299
559
5
66
479
47
609
116
481
177
886
14
972
326
766
88
376
537
608
846
174
137
209
938
394
60
140
177
799
92
169
37
737
744
609
919
852
778
2
62
882
944
589
856
513
706
165
68
106
255
106
618
134
443
395
144
875
305
523
802
28
825
218
340
351
839
236
7
288
904
662
126
603
793
684
787
263
549
344
859
653
899
430
331
584
418
754
518
686
842
547
132
549
17
481
840
889
806
945
718
193
709
793
655
673
624
639
354
794
886
508
817
982
410
990
341
336
771
451
511
632
619
793
557
372
247
594
749
906
370
381
472
977
118
648
118
104
184
545
778
846
967
932
801
73
392
678
501
346
233
201
208
701
768
912
207
222
927
594
486
863
719
515
594
558
742
662
206
395
895
471
557
536
196
500
176
97
546
820
493
930
808
40
461
624
21
326
960
535
182
236
456
187
297
249
630
931
722
479
860
719
263
365
920
434
537
953
362
898
858
411
307
252
245
228
546
197
998
85
387
964
119
556
174
923
620
761
538
619
405
911
612
15
437
631
136
881
339
934
338
433
212
262
58
204
795
906
418
721
895
970
989
823
487
863
501
530
716
536
497
20
171
83
905
752
366
200
832
42
230
87
645
978
462
970
598
23
495
589
618
664
564
457
304
989
257
336
617
789
349
266
759
41
41
158
457
669
372
93
532
839
892
489
279
592
155
307
659
463
84
881
645
573
456
509
378
683
298
635
62
95
51
891
312
694
594
548
221
3
340
474
328
709
211
662
547
943
839
380
893
81
334
746
520
380
625
948
861
219
140
708
631
861
401
518
336
150
99
170
700
693
738
267
400
161
591
396
766
796
669
698
505
890
890
333
279
658
161
696
527
315
670
200
208
602
821
73
828
935
767
715
272
608
826
492
153
853
643
847
508
211
779
578
961
172
699
429
485
339
397
846
307
989
905
818
119
947
441
582
551
580
922
323
502
624
239
624
493
207
347
329
152
703
579
45
707
860
310
174
439
722
266
658
853
911
116
598
990
868
602
81
268
769
481
382
305
200
167
932
490
457
748
512
231
357
842
330
714
831
110
981
513
372
754
671
922
43
320
832
730
424
725
976
305
706
511
265
142
516
900
524
875
833
305
831
373
472
532
364
810
463
135
373
198
412
946
810
164
975
475
485
662
307
268
197
738
507
641
895
721
217
164
964
812
713
79
715
557
