582
57
738
752
733
947
728
478
334
152
182
316
449
781
961
468
109
609
368
319
221
923
5
809
497
550
91
128
456
607
754
304
922
595
151
541
364
399
209
199
245
109
439
707
893
183
629
236
982
36
166
661
242
476
155
593
348
706
785
561
802
693
560
2
736
274
23
585
512
698
125
451
93
724
347
797
496
119
822
332
345
317
720
634
679
903
894
207
26
561
396
712
405
634
451
726
682
579
261
541
838
865
40
799
339
89
102
277
356
127
150
617
123
474
66
339
126
31
401
846
305
121
319
182
741
514
73
929
421
209
277
983
825
192
213
463
283
248
748
983
271
963
41
95
720
654
377
931
862
505
433
956
699
109
400
953
428
608
171
487
325
512
891
690
437
370
217
327
385
45
433
504
28
640
892
682
852
21
807
335
112
273
793
707
765
848
370
157
168
898
807
284
902
996
211
171
111
268
663
411
624
613
433
883
312
874
730
238
74
99
513
794
394
818
886
912
107
105
521
805
716
601
873
28
107
137
312
117
761
121
275
262
278
434
392
413
445
397
456
503
56
100
972
568
14
297
540
63
249
425
65
645
204
380
268
715
441
915
360
381
665
319
91
814
269
66
738
1
857
28
354
833
344
933
722
766
827
657
613
804
754
389
23
898
909
317
797
732
804
463
302
534
707
359
464
973
105
784
371
627
328
556
883
967
487
433
753
375
442
904
640
291
491
586
741
7
842
977
15
389
840
32
470
356
665
592
209
217
872
464
359
896
364
489
687
639
464
923
307
375
217
159
839
688
920
563
760
568
495
835
447
896
816
610
220
260
593
236
536
508
620
815
778
155
659
854
179
635
473
761
758
755
827
117
519
271
581
435
492
626
633
432
808
131
458
25
140
825
510
592
481
499
466
895
41
121
912
984
747
353
20
94
772
959
76
932
795
596
309
544
301
201
194
900
191
384
424
993
226
735
261
608
321
835
326
398
478
661
496
826
538
27
726
959
843
237
185
969
511
330
598
286
399
127
937
266
312
412
519
358
627
827
617
911
395
974
764
750
414
251
893
706
813
822
971
646
702
324
69
471
313
519
738
639
847
779
311
839
773
307
362
757
185
777
22
33
52
105
832
501
789
424
461
17
631
118
174
761
856
765
156
196
26
85
462
56
607
262
433
495
173
721
143
640
369
11
936
156
0
55
965
710
216
943
428
206
588
711
941
434
607
694
26
377
792
770
549
918
468
166
756
269
146
618
16
781
943
856
932
98
650
534
168
622
753
381
268
83
466
341
706
343
590
330
996
789
207
80
805
532
315
414
900
150
144
26
698
967
23
545
277
312
646
185
69
455
301
901
99
77
755
948
250
475
392
142
581
2
970
604
536
110
558
667
875
654
452
261
57
882
526
236
327
641
385
675
855
15
65
20
964
231
803
255
8
51
51
333
849
573
622
578
403
936
34
256
191
176
986
910
896
995
702
477
646
730
295
434
620
824
39
996
436
670
543
324
842
249
322
524
653
897
711
702
178
158
244
186
995
17
629
587
573
756
124
374
159
143
883
176
454
432
813
780
109
630
130
133
954
330
185
742
100
283
344
84
464
421
814
372
787
181
762
326
322
923
237
174
749
724
545
491
490
538
797
413
413
547
873
248
789
323
364
920
554
231
5
911
387
935
310
778
724
439
268
333
420
242
875
582
708
836
607
989
451
290
125
589
903
248
959
695
855
343
79
276
931
856
867
365
181
466
262
201
713
396
976
146
998
391
595
212
393
83
62
147
391
349
511
296
576
130
345
279
987
242
982
801
708
355
477
257
867
625
140
412
566
943
97
210
934
501
26
308
503
263
149
489
288
933
545
33
187
620
923
868
727
776
453
152
448
500
720
798
952
432
947
80
959
366
988
33
150
177
322
641
682
442
373
811
947
232
998
772
308
923
608
410
949
565
896
295
523
454
968
561
90
315
110
808
265
59
260
115
459
749
185
511
798
216
725
565
532
625
153
6
95
515
652
165
18
518
635
626
762
750
448
511
707
895
595
656
711
322
918
988
593
23
17
690
784
319
231
114
623
604
400
722
369
399
877
721
561
638
162
532
640
640
861
226
480
150
709
373
133
288
29
80
476
609
960
879
267
473
751
264
207
933
62
821
533
636
940
746
344
408
393
265
289
311
154
551
653
374
23
162
760
401
998
578
207
513
417
866
595
10
178
250
673
504
326
217
807
278
367
188
409
802
756
429
625
368
491
378
917
802
807
460
811
201
205
416
415
730
31
734
116
848
459
355
257
545
414
277
651
704
202
730
857
327
919
782
957
343
254
263
422
86
808
302
554
251
244
365
24
672
640
183
147
109
735
104
843
173
657
635
614
295
696
106
356
588
718
461
696
359
4
178
634
94
198
941
937
20
650
196
150
200
375
250
547
813
946
206
755
239
651
999
907
687
462
142
286
179
542
368
382
829
900
278
350
550
981
403
677
959
745
306
60
68
391
378
985
862
199
479
548
467
728
453
758
363
543
131
98
210
617
26
700
949
175
737
654
651
744
823
625
481
334
404
447
394
102
651
695
729
18
56
371
109
444
274
548
648
528
581
237
803
940
0
196
986
204
14
93
871
341
426
833
894
340
308
932
181
143
378
451
573
592
637
748
313
202
250
368
810
116
881
163
524
923
685
549
721
501
304
864
400
447
58
657
714
463
463
876
216
918
667
265
932
13
778
579
419
728
271
662
972
672
809
120
80
571
357
104
454
486
132
323
113
218
883
150
808
140
913
918
34
751
632
891
139
348
347
843
136
377
24
290
307
696
793
639
355
542
653
675
388
196
655
578
934
714
688
195
860
519
397
380
124
318
727
239
142
522
435
889
10
761
350
81
219
519
831
214
722
818
601
736
232
674
627
689
163
659
485
285
204
147
505
940
739
519
404
464
920
730
368
537
655
989
959
398
47
625
150
407
623
121
971
398
709
813
509
483
5
249
63
334
786
917
240
472
540
685
306
858
22
737
700
175
266
735
807
606
228
195
370
359
144
888
410
422
696
729
105
925
526
17
481
196
507
776
997
260
10
934
685
762
43
986
261
503
431
580
632
379
437
625
870
337
848
996
63
558
677
305
339
915
596
853
872
746
930
49
70
630
648
966
50
987
469
890
645
140
699
8
9
435
560
510
63
315
899
736
640
681
712
569
694
233
362
202
126
189
12
411
445
936
764
671
852
913
917
708
697
363
728
543
243
457
454
14
354
943
157
31
432
947
724
815
312
155
948
188
242
120
77
587
136
503
394
174
832
968
346
181
37
464
796
493
260
217
958
814
113
274
906
887
596
57
766
268
100
676
862
319
253
511
584
53
857
639
172
327
513
317
950
48
742
239
993
15
408
712
570
146
697
512
854
794
807
822
433
382
981
409
860
648
534
158
146
348
885
652
39
710
763
227
190
802
253
99
725
359
522
601
375
61
70
340
414
486
342
142
18
209
33
30
59
281
510
402
615
396
152
577
192
15
691
463
237
255
449
609
547
330
102
736
760
860
820
283
309
406
548
509
165
800
290
990
430
351
915
254
434
306
798
867
754
230
68
539
176
170
749
589
360
405
393
810
611
546
839
162
759
949
909
640
502
696
501
303
24
855
456
390
768
306
979
902
625
392
682
709
107
767
565
571
534
98
334
906
185
276
395
298
48
353
318
98
592
84
550
475
639
835
794
718
469
455
298
982
881
895
274
864
2
939
148
839
507
774
657
132
457
85
404
994
204
181
898
455
695
345
417
815
502
680
276
755
300
365
849
159
590
840
936
465
632
930
536
284
137
590
615
84
853
242
909
805
471
165
374
572
257
970
570
295
514
227
755
872
242
585
763
828
757
7
615
738
673
7
835
255
702
508
91
799
866
583
4
862
414
701
933
284
256
220
893
782
693
974
458
945
627
583
187
50
456
441
323
793
403
207
554
108
301
878
458
312
475
599
715
578
771
992
115
859
529
155
46
834
589
55
165
99
834
210
254
517
213
792
689
930
512
349
626
455
378
542
943
763
269
326
575
981
876
444
957
637
63
994
840
685
949
368
921
977
580
7
289
473
975
90
84
879
165
718
285
764
530
402
318
925
12
633
861
266
116
164
30
311
39
909
977
788
240
655
49
167
412
689
654
817
106
561
632
62
173
605
480
766
71
972
396
456
220
195
863
207
903
660
459
796
125
905
388
322
140
607
170
913
392
717
138
458
850
827
90
290
413
335
783
698
431
338
621
586
704
393
130
70
98
240
887
168
756
258
180
845
573
803
111
460
442
214
273
961
52
906
365
96
769
631
294
164
61
639
339
927
884
375
738
932
471
124
886
360
801
507
598
895
773
41
708
203
478
561
951
383
50
484
910
434
852
690
696
423
229
230
877
417
142
856
586
964
92
740
853
511
896
8
878
109
682
836
430
362
505
817
567
307
130
451
992
366
715
667
547
657
867
805
60
886
512
33
672
356
748
85
808
137
884
391
176
403
230
559
609
222
895
211
815
679
791
893
543
943
874
95
361
708
3
295
774
906
662
117
87
614
530
729
105
602
338
457
688
308
663
624
367
74
988
475
58
512
741
516
352
594
436
10
160
989
657
328
614
263
806
561
642
207
461
485
390
55
942
404
842
790
472
370
750
842
59
244
947
570
432
710
310
898
838
782
882
32
914
523
993
267
706
680
815
715
734
661
531
19
491
244
34
451
349
817
786
818
425
234
328
17
188
398
62
211
628
354
373
496
513
102
922
481
862
431
128
189
602
733
499
690
222
668
28
520
939
529
270
503
209
906
323
721
878
336
763
793
321
944
291
715
562
108
950
125
736
177
450
27
766
850
402
465
291
585
363
97
900
877
22
780
952
960
825
149
712
95
242
377
138
405
129
747
417
409
904
132
666
963
730
879
212
510
237
890
285
799
669
249
534
715
566
493
714
727
406
274
0
377
158
534
626
388
915
789
498
721
492
697
664
184
290
246
978
430
663
668
297
952
332
245
955
558
988
247
539
931
926
436
785
529
971
188
759
873
21
868
401
944
287
136
256
301
511
996
723
6
276
480
618
211
78
521
1
586
41
308
414
161
141
142
271
43
374
632
563
217
954
950
707
522
228
349
948
709
293
620
100
3
425
892
54
426
901
785
756
875
371
907
368
949
967
126
839
443
602
276
282
320
552
197
546
875
736
533
696
653
327
772
399
559
874
466
799
169
966
321
382
317
165
405
340
266
320
222
955
669
27
318
721
609
322
14
588
855
934
907
945
889
915
182
9
832
433
137
177
957
693
556
468
532
508
576
727
221
724
675
273
37
982
730
412
89
315
5
708
106
130
819
67
500
292
454
671
360
372
570
281
154
30
943
619
541
339
975
293
929
454
97
563
751
510
922
727
963
857
933
614
376
465
738
82
2
93
650
540
253
679
179
779
491
157
862
781
242
55
726
273
291
380
203
951
751
944
628
701
212
318
564
455
509
758
619
313
656
740
149
348
617
749
199
739
492
262
317
840
304
954
337
328
70
448
431
576
241
519
507
803
855
879
484
193
742
934
938
85
234
195
138
779
994
338
410
380
50
861
120
815
267
91
221
150
399
183
399
202
721
408
28
580
817
392
642
802
957
180
731
706
307
111
438
421
442
531
449
27
257
949
106
31
239
964
781
862
938
109
255
74
699
438
666
85
366
581
809
740
799
500
131
675
272
532
412
103
223
675
887
211
740
828
896
426
513
265
77
725
290
775
797
786
795
341
729
826
617
346
743
677
784
947
501
109
540
446
106
507
540
631
368
641
312
516
150
541
939
470
834
687
835
999
836
280
525
874
445
15
206
459
878
424
101
780
237
515
300
137
650
303
580
394
752
953
360
898
680
349
354
720
487
887
282
129
567
903
349
984
787
119
786
196
539
594
352
884
168
82
907
89
585
70
509
328
724
566
145
403
745
701
763
475
576
250
707
707
667
667
880
628
558
583
873
177
498
821
918
646
801
542
550
394
467
36
754
718
759
566
118
353
390
385
88
121
530
548
425
360
908
800
944
745
50
978
278
141
526
175
572
687
524
971
432
656
204
149
415
983
741
850
276
969
963
333
926
288
383
88
168
588
685
730
386
347
131
141
597
174
709
666
988
865
173
684
638
694
31
829
95
568
163
793
182
335
28
253
50
996
189
171
277
834
67
662
555
839
550
444
875
622
633
4
52
379
737
13
755
914
754
945
616
492
748
333
377
311
405
598
134
808
176
985
84
152
979
158
285
320
206
826
324
354
919
744
702
486
75
364
292
598
439
412
205
815
828
523
569
60
713
714
480
992
538
453
536
96
214
576
757
715
807
892
275
175
755
386
40
385
127
75
205
631
266
129
458
526
735
398
505
932
637
335
954
753
577
636
14
327
227
839
960
771
790
246
189
871
416
871
564
893
897
47
49
906
593
838
835
340
242
467
461
9
397
544
874
46
168
970
457
865
573
7
136
516
806
299
781
311
723
665
856
160
222
579
116
281
54
607
276
870
480
822
930
89
829
433
866
708
988
874
966
34
535
964
563
307
995
672
320
635
441
198
318
717
145
268
619
753
351
294
649
55
741
50
924
310
840
534
320
462
663
385
544
134
118
882
235
683
417
713
97
494
539
401
252
793
655
414
490
358
661
944
966
19
278
996
718
638
715
348
463
592
327
210
76
617
398
286
718
41
269
905
845
278
408
726
229
311
562
300
356
100
39
802
191
783
110
856
804
163
442
237
971
903
152
218
797
935
354
947
958
592
906
101
552
198
754
977
316
756
744
579
429
206
136
663
408
454
297
65
915
850
945
535
967
583
876
237
128
540
64
269
321
733
948
345
460
841
567
430
383
947
636
711
443
2
315
795
229
869
571
692
271
991
692
141
257
2
193
991
929
667
722
24
178
274
119
408
120
109
473
601
769
680
571
379
271
923
45
842
267
767
377
861
363
86
742
907
724
942
490
995
707
50
917
816
716
270
72
31
966
204
44
655
390
816
776
260
183
332
210
648
196
825
566
623
76
395
284
349
892
823
916
54
138
339
492
489
13
994
226
466
362
955
614
275
634
342
31
598
847
650
277
177
237
349
910
919
61
137
610
791
484
880
321
195
947
292
717
432
672
284
650
132
361
951
625
9
265
238
116
764
778
818
572
130
410
410
622
96
83
718
228
414
554
645
839
911
154
71
522
359
25
680
82
874
31
890
794
781
358
501
28
51
197
14
345
822
671
401
224
296
97
428
765
100
313
258
561
62
570
849
864
996
139
217
760
216
855
977
677
283
951
191
929
743
380
939
121
409
585
217
251
209
4
993
251
655
717
605
908
340
775
806
507
642
908
379
736
793
886
840
414
127
663
119
522
699
601
181
136
967
650
795
880
351
544
479
888
522
514
463
283
788
287
90
759
637
591
699
644
914
135
826
104
878
330
857
960
644
339
144
529
676
928
517
701
303
48
219
728
465
804
598
66
67
795
697
207
601
216
220
674
350
662
365
952
250
836
665
377
670
116
472
505
100
429
498
876
685
856
930
913
864
599
397
5
900
473
719
184
683
659
554
221
611
553
236
394
137
321
164
952
908
496
624
244
332
934
967
620
61
125
190
861
452
895
857
1
716
125
287
990
229
228
42
153
499
177
186
290
94
758
222
993
251
484
6
614
822
392
79
478
210
650
884
554
775
448
525
769
79
106
759
253
61
111
192
763
394
517
829
748
61
605
810
217
590
900
596
99
432
445
687
984
977
437
944
538
863
415
270
249
776
21
425
881
982
792
126
622
709
62
511
475
139
371
260
682
979
147
376
526
869
323
194
301
261
927
53
433
151
398
583
765
756
498
283
613
724
739
539
182
456
907
893
652
58
12
432
579
84
270
660
957
345
76
844
345
516
446
657
573
611
250
780
114
311
555
567
462
539
780
352
519
599
694
499
627
544
828
155
365
213
624
877
426
160
126
266
553
975
670
279
672
791
927
258
995
516
111
50
456
575
679
667
934
629
291
901
188
127
15
705
822
211
485
904
793
375
748
447
824
581
290
90
103
223
321
588
189
752
312
808
863
253
344
104
230
743
567
303
770
909
842
965
585
50
106
247
448
296
625
559
2
448
543
903
142
280
277
670
722
759
770
285
718
368
123
737
724
664
109
109
371
253
591
683
810
294
635
31
873
1
291
511
587
381
280
595
705
989
877
373
968
492
218
885
890
787
901
252
706
589
530
707
561
300
595
0
917
370
611
179
313
429
573
867
392
175
314
712
987
761
494
877
602
980
356
28
503
804
760
501
342
426
770
13
689
948
995
423
759
955
31
753
652
216
99
326
668
723
488
923
961
730
885
968
29
387
587
510
377
447
913
647
243
338
40
454
406
67
329
780
867
924
395
836
38
638
752
220
531
741
487
832
351
699
100
877
668
908
187
734
348
966
604
534
494
458
361
956
269
467
339
860
182
306
969
279
834
996
962
89
210
817
370
931
649
833
153
109
467
988
713
602
547
878
702
751
929
734
32
249
907
754
131
138
802
209
632
832
446
572
572
402
588
730
790
496
667
478
142
590
870
959
489
916
395
884
729
101
402
354
865
114
834
995
839
843
981
44
626
937
692
812
842
763
221
628
230
451
184
488
193
635
361
168
38
858
184
635
347
421
653
417
538
668
558
506
529
994
971
433
659
976
944
999
104
727
649
589
335
471
965
41
740
393
57
604
301
102
262
439
862
914
924
847
52
745
853
924
735
892
574
753
400
247
352
225
530
826
237
271
317
818
38
839
277
659
337
823
977
637
232
404
375
777
317
242
382
278
961
979
219
579
612
859
829
27
862
678
684
129
900
775
635
350
287
853
318
566
878
188
119
3
443
518
883
932
867
548
217
175
215
861
899
406
864
417
877
904
591
922
298
599
658
128
461
329
955
224
13
997
851
728
202
228
27
985
196
930
27
809
788
79
347
333
890
799
502
896
276
370
863
682
832
472
596
327
528
693
815
882
269
61
636
230
335
708
764
330
768
780
687
615
544
636
209
791
579
602
131
715
47
29
946
784
386
473
477
416
352
127
247
617
281
808
869
956
1
207
74
107
498
904
773
904
28
449
724
23
308
923
538
319
194
132
52
794
732
61
121
654
432
251
871
919
471
661
74
771
645
672
904
90
37
186
336
72
26
81
769
257
240
191
183
600
744
437
384
211
474
873
492
838
645
301
75
810
690
909
40
18
87
61
915
170
671
429
205
197
670
402
820
561
26
369
455
889
182
795
99
7
976
120
195
763
794
937
758
797
670
686
594
91
370
329
263
863
691
517
671
849
941
430
585
292
776
438
420
711
391
9
481
490
586
550
625
323
116
539
29
332
279
828
605
755
666
135
864
590
924
327
786
272
51
418
404
133
53
681
588
342
288
133
45
337
813
184
642
744
702
871
636
236
112
978
83
229
684
308
721
369
128
398
234
320
67
379
872
128
237
479
515
593
260
673
85
62
555
314
139
446
893
400
887
855
855
348
922
247
244
132
216
774
586
598
980
43
641
771
402
529
268
75
67
589
240
890
139
959
825
110
478
707
276
524
249
123
975
367
438
586
765
580
735
352
798
716
787
525
218
359
246
708
750
89
946
174
399
412
204
471
340
666
538
49
488
445
256
882
116
742
673
285
107
182
747
123
95
523
347
299
698
634
47
997
679
598
451
71
366
419
811
442
246
234
560
92
860
833
270
650
658
597
977
266
844
439
511
915
811
472
561
185
932
522
675
409
531
829
859
509
712
723
846
988
964
897
670
537
445
738
320
926
269
81
449
406
953
162
697
348
373
622
199
67
509
538
524
298
606
203
44
947
130
8
399
353
515
499
143
548
719
333
145
11
33
157
493
500
232
821
931
306
601
202
427
92
296
934
639
486
636
99
69
87
360
445
139
742
717
893
391
569
309
94
551
187
570
702
538
537
253
651
906
594
691
583
169
513
810
593
232
968
169
25
711
867
453
48
886
725
824
906
650
299
163
393
28
60
380
839
83
817
499
879
953
487
119
1
515
301
342
969
794
324
33
698
799
747
717
340
236
276
262
166
141
287
390
706
981
496
828
989
44
559
999
15
510
525
217
397
687
238
561
472
315
719
0
633
362
980
13
652
856
486
685
758
467
552
130
765
37
189
700
691
130
584
21
653
11
440
965
886
849
997
166
91
605
651
938
651
163
514
249
797
423
151
255
734
544
715
210
677
738
414
409
309
328
720
895
535
605
676
471
464
139
953
890
870
101
62
684
835
655
593
580
828
765
396
762
937
177
396
723
48
70
112
471
344
554
818
628
879
536
805
707
232
251
268
384
373
647
962
416
405
720
284
643
947
334
215
744
963
401
935
792
64
142
757
218
679
172
724
686
378
880
720
525
906
756
651
989
900
398
885
923
102
540
296
361
679
902
302
615
264
828
31
965
123
942
314
143
550
323
439
337
948
232
127
650
609
810
329
725
39
303
210
481
425
839
536
563
780
992
491
202
389
110
649
984
587
474
220
584
226
585
730
114
897
934
584
692
785
594
107
291
26
110
662
695
795
547
849
396
758
297
604
4
366
52
136
930
677
205
262
826
631
877
550
525
669
132
606
512
94
199
589
179
328
895
515
527
511
670
199
497
840
309
980
99
333
249
73
522
494
780
676
410
567
496
802
77
723
846
893
10
245
365
467
722
799
118
791
127
874
451
382
85
440
512
688
402
857
858
632
258
168
635
434
146
537
464
40
774
161
986
170
375
290
312
344
196
402
606
212
305
623
95
481
93
825
29
610
821
835
761
496
822
799
934
972
888
558
488
141
461
185
730
23
297
968
125
737
580
100
660
336
347
538
84
205
108
342
665
207
176
913
812
519
51
929
169
591
814
476
740
165
934
497
795
50
293
459
175
257
415
674
732
798
527
728
520
261
239
389
920
212
655
559
710
878
628
33
263
53
66
439
153
411
716
691
305
605
808
831
690
733
496
752
690
490
427
764
534
782
18
280
750
644
333
159
716
868
334
555
453
44
654
393
578
732
436
717
488
86
12
361
995
49
500
11
137
505
673
42
243
804
56
980
543
411
640
792
296
939
981
482
615
343
200
113
115
740
977
913
739
760
223
85
149
512
430
997
487
541
55
879
18
426
797
565
134
173
475
595
16
79
124
180
721
802
410
880
896
918
528
292
456
424
347
870
596
631
123
826
974
956
7
702
535
917
966
767
504
662
330
174
839
990
223
931
38
281
90
116
854
575
404
346
993
776
22
536
44
730
278
280
483
457
711
812
14
737
223
30
753
987
361
309
898
402
651
388
515
849
483
73
536
458
418
263
522
989
834
384
354
84
140
106
313
88
322
940
420
81
811
350
813
318
813
987
212
439
612
380
909
532
848
425
554
805
429
262
537
220
349
361
121
602
928
796
702
677
459
195
260
771
950
851
383
693
40
692
873
67
613
621
333
632
615
387
25
754
330
637
248
664
993
159
45
968
399
681
44
164
128
524
586
8
390
512
957
251
943
237
645
800
147
492
730
400
227
544
456
197
325
559
525
741
620
599
627
145
100
151
760
281
948
491
58
711
644
451
417
756
942
217
101
930
569
309
878
112
512
54
571
235
529
351
426
583
281
364
661
714
980
128
326
929
467
109
97
130
399
702
728
332
953
180
100
423
892
11
846
212
450
785
822
288
626
827
979
651
451
899
289
847
171
137
481
551
377
277
450
157
240
151
549
832
484
475
750
81
719
756
230
664
644
812
950
240
493
733
558
595
640
119
435
115
236
462
14
447
977
151
313
574
206
16
478
234
804
289
192
628
799
867
418
857
716
995
174
998
822
266
141
309
795
244
445
603
188
764
722
549
25
488
995
975
362
134
85
624
339
539
789
61
775
43
518
417
45
723
786
198
120
46
125
923
40
79
125
946
262
916
238
21
940
140
595
996
907
149
471
85
206
188
681
264
444
170
845
342
915
495
726
750
304
453
482
827
451
708
79
398
926
13
457
675
46
174
173
106
595
89
207
341
210
473
984
601
561
194
20
627
586
747
503
744
425
131
352
152
679
765
573
281
297
458
998
324
467
682
990
917
926
262
611
500
969
149
927
715
971
200
383
212
246
92
448
153
879
908
634
575
914
761
533
63
675
999
136
74
463
972
232
193
481
592
997
247
576
108
57
307
766
496
665
781
3
981
430
724
864
716
533
122
167
449
106
525
135
447
972
731
662
153
705
137
303
403
266
304
84
203
554
173
117
415
336
227
757
843
27
294
549
95
821
111
770
907
432
247
466
80
998
842
140
693
469
970
325
866
526
69
703
141
206
572
956
550
494
560
648
49
333
427
565
288
630
32
143
770
620
25
343
276
833
627
694
371
734
896
7
139
229
736
247
758
82
341
216
124
792
602
848
188
104
710
193
221
555
219
66
763
457
886
739
361
138
427
958
911
658
654
256
752
514
135
94
435
441
851
917
4
202
708
634
927
998
421
824
176
178
811
279
449
571
163
441
793
990
268
777
709
444
409
509
214
362
110
826
0
415
419
110
866
807
570
632
886
709
97
524
950
709
557
178
513
142
459
46
633
7
660
307
130
697
868
257
642
489
311
789
535
689
985
135
833
260
520
463
750
176
9
161
3
353
803
192
374
63
491
710
581
73
205
424
954
379
205
568
62
627
79
797
918
650
225
326
959
445
90
907
978
267
343
948
788
33
322
715
220
833
175
780
881
458
629
37
448
968
853
464
511
620
251
293
849
190
302
964
14
46
541
57
814
155
599
288
187
651
199
504
136
73
715
780
801
748
383
308
536
675
891
930
225
719
182
296
779
977
517
104
52
547
235
51
599
379
639
642
612
297
973
147
349
657
106
923
217
260
480
474
591
105
217
205
440
49
219
284
632
728
113
283
403
783
282
742
321
719
873
46
269
888
960
584
352
471
289
381
292
430
682
220
616
685
908
930
344
158
281
380
549
134
591
460
800
352
429
759
118
179
817
647
185
332
772
300
716
246
955
789
504
973
219
308
463
827
23
232
820
202
169
836
349
368
403
132
399
144
632
568
85
596
677
193
948
944
421
137
669
907
173
343
647
271
485
815
793
567
175
777
106
752
520
992
669
424
616
682
700
979
304
519
15
949
342
354
561
402
328
452
720
944
203
592
63
38
694
562
601
934
312
993
940
701
323
891
592
44
739
256
299
71
455
118
458
354
131
115
118
996
335
466
448
115
720
172
82
55
161
863
308
795
670
629
816
621
708
307
418
231
864
922
423
582
467
883
954
760
230
834
421
723
616
597
178
56
161
478
933
182
58
116
301
322
420
520
184
92
137
307
744
182
434
205
486
501
638
944
977
562
588
899
539
82
358
538
873
273
194
635
36
950
342
644
393
160
247
647
409
374
741
879
805
331
575
461
939
0
830
651
134
444
401
505
308
303
101
774
81
412
886
806
291
924
791
562
843
743
618
990
975
638
412
859
838
404
744
61
553
419
590
206
994
210
264
753
356
516
209
75
935
428
778
100
518
636
987
780
479
861
42
600
494
9
107
99
758
524
900
881
22
145
555
375
483
473
942
926
135
638
527
855
494
262
762
408
537
458
933
788
442
294
907
137
858
163
428
755
154
384
389
6
964
288
687
985
557
404
727
317
177
273
337
140
19
140
329
951
936
530
136
168
79
932
64
494
655
624
893
815
596
475
647
512
792
74
904
15
242
103
766
938
598
728
157
648
657
308
644
52
647
87
875
363
706
813
590
235
673
27
472
227
27
729
336
282
518
395
832
447
217
903
704
607
826
817
958
998
580
625
559
860
209
87
151
577
928
853
937
955
259
434
355
379
936
814
458
961
754
489
957
676
979
135
160
635
96
950
152
209
537
72
453
467
380
227
121
293
413
438
484
979
995
551
153
404
89
895
145
176
672
406
82
578
30
691
635
40
950
484
543
639
388
868
259
212
130
146
286
805
635
910
148
918
587
62
863
736
98
103
666
843
564
512
699
732
294
767
973
442
142
247
983
419
167
105
957
683
752
23
961
236
728
120
965
105
601
757
919
132
958
362
281
856
530
880
733
168
894
48
66
14
838
370
573
760
80
755
310
309
650
173
405
702
944
120
674
703
463
278
879
236
425
573
250
497
189
133
906
689
362
241
525
448
344
418
579
524
75
119
483
590
476
817
345
431
518
171
520
693
730
215
321
141
480
963
520
242
395
298
360
835
15
534
75
411
665
243
719
410
291
960
432
977
362
367
438
259
262
932
459
774
558
162
83
313
278
96
624
824
150
922
945
186
168
924
431
4
581
249
916
190
740
842
176
43
552
595
89
790
149
143
46
903
967
771
120
461
7
584
198
902
235
458
899
778
537
590
734
886
24
552
310
140
971
434
312
887
18
320
911
44
158
560
806
284
961
776
292
62
120
512
61
185
207
6
657
975
815
16
932
645
630
619
41
456
851
914
940
593
884
683
226
897
806
548
39
864
440
811
484
230
525
675
386
156
412
273
48
861
317
694
716
655
699
920
338
942
40
632
887
983
129
824
232
473
952
518
332
415
136
345
642
850
392
477
608
12
71
193
274
864
696
925
947
813
810
48
787
73
287
160
758
834
103
667
732
328
288
26
474
526
116
110
452
343
688
122
21
797
908
752
221
716
835
848
37
670
425
274
802
111
948
484
348
689
16
888
50
826
683
181
644
641
722
806
981
263
718
799
387
690
31
187
11
405
163
35
526
891
26
745
970
939
201
770
574
597
250
210
55
475
36
778
304
435
180
84
313
912
480
231
958
664
292
206
426
240
795
498
25
59
435
816
895
658
29
382
544
509
879
70
61
583
992
29
359
704
784
917
988
941
953
278
331
530
374
532
629
719
983
258
722
456
942
212
333
198
473
698
438
363
476
200
906
43
514
906
624
997
912
301
298
561
726
721
406
596
771
115
456
815
508
494
239
590
744
729
817
100
243
676
107
651
373
620
488
673
262
558
605
646
265
880
687
458
626
515
314
531
189
301
200
60
781
34
930
546
605
883
461
904
22
311
500
450
254
45
781
694
705
380
643
838
479
314
488
2
274
344
677
779
682
214
527
395
726
947
79
639
817
509
79
350
527
495
436
563
155
393
772
222
159
232
621
906
822
918
40
119
49
812
64
887
372
860
731
62
372
356
172
682
40
548
658
602
385
17
984
195
848
290
818
22
914
607
377
541
698
345
571
452
331
300
90
220
960
722
703
490
739
9
67
367
438
20
258
633
889
768
948
974
632
868
873
96
56
164
32
932
455
183
981
829
341
923
109
157
898
443
463
236
325
535
72
905
47
761
627
165
498
688
11
911
105
789
487
778
309
107
89
122
592
596
274
789
122
270
494
919
510
708
303
134
489
744
977
324
790
887
417
891
584
213
234
307
389
727
430
414
516
112
974
700
811
699
190
706
663
423
872
414
248
88
75
574
472
810
864
134
321
201
584
543
152
812
853
997
346
152
684
201
969
968
460
5
34
105
6
799
159
820
344
524
260
501
504
46
440
249
297
696
562
316
685
590
93
136
192
545
2
153
948
856
961
118
838
258
699
554
309
376
766
632
794
424
262
333
696
340
349
591
881
216
79
140
707
82
956
93
174
21
386
33
786
541
71
750
609
671
536
234
110
449
257
856
401
324
834
477
273
362
521
994
244
730
146
485
446
185
472
296
595
474
750
883
427
526
199
788
929
367
158
669
823
166
699
462
546
732
91
625
694
846
123
885
102
169
296
690
418
797
965
428
349
655
898
810
81
558
814
653
978
46
897
350
980
899
393
848
41
725
951
285
499
682
572
661
986
970
565
72
259
508
152
229
406
69
850
331
314
912
519
108
31
105
445
994
463
868
534
161
681
667
120
597
860
252
618
716
757
808
917
443
421
808
709
975
50
931
554
698
889
106
615
710
988
388
638
781
133
477
190
166
367
481
571
924
693
271
353
472
835
640
964
879
709
63
118
239
927
858
638
579
777
983
329
733
535
506
96
627
611
58
246
394
79
188
148
599
619
686
715
733
807
350
918
192
350
851
753
664
335
705
321
193
113
522
618
719
642
496
119
735
860
399
954
425
348
583
8
386
593
335
519
93
702
813
190
833
907
530
530
190
230
194
793
801
426
321
597
199
593
281
975
830
876
440
620
751
11
182
489
152
91
813
494
94
211
625
226
799
434
886
556
846
994
33
24
775
649
735
470
562
410
417
739
724
823
513
386
641
864
663
59
559
853
348
510
843
707
23
869
78
871
589
427
730
437
83
180
543
347
400
90
579
311
870
49
861
977
935
600
714
62
971
916
305
531
775
515
257
746
802
74
338
220
322
443
456
579
460
519
116
355
471
548
422
356
545
939
253
470
956
281
518
906
769
191
43
657
740
0
66
460
151
510
215
382
305
474
612
18
287
654
380
60
538
457
455
775
809
190
575
491
901
721
282
776
298
704
256
107
238
841
388
396
186
93
136
410
261
809
256
172
328
77
665
333
844
260
163
394
680
574
824
171
70
933
313
155
941
194
286
590
921
603
170
951
918
412
154
67
364
894
274
605
28
24
848
87
649
289
628
481
490
960
428
857
348
936
463
104
548
339
543
221
561
681
625
528
704
437
497
517
793
396
222
282
783
683
324
23
437
445
433
450
468
446
159
795
537
542
648
411
403
893
464
532
978
151
876
604
291
885
592
612
344
336
158
359
212
442
99
370
724
323
395
375
705
876
557
709
978
868
81
63
911
325
189
215
312
402
15
335
531
695
165
68
469
21
200
800
960
649
215
18
306
207
216
676
886
384
913
681
356
157
965
881
371
575
146
946
519
581
78
884
806
977
986
74
124
632
351
768
310
835
597
613
403
382
483
558
695
845
600
348
41
574
440
820
132
247
658
354
563
885
190
73
109
254
516
192
121
204
535
12
867
30
529
326
651
788
760
257
799
423
774
387
967
10
46
197
70
633
754
897
720
85
218
39
95
641
847
868
920
541
77
23
106
716
246
289
638
52
212
161
50
785
959
201
680
158
196
176
148
577
590
117
690
770
598
917
885
328
366
945
701
896
436
79
640
123
762
11
641
866
897
89
373
648
766
130
58
61
701
233
714
59
298
625
470
767
23
125
438
869
598
955
636
984
576
405
704
493
967
150
438
795
494
222
348
289
496
874
367
411
13
419
765
267
577
113
678
984
943
843
972
846
116
718
89
585
237
584
359
351
450
928
202
370
204
356
58
494
761
421
341
381
169
827
1
908
65
273
295
970
348
517
411
37
697
62
664
960
360
834
152
509
294
947
353
155
281
622
172
428
861
672
782
310
204
332
609
140
260
677
205
56
242
661
192
959
788
800
997
961
596
776
720
883
817
893
728
787
200
497
877
231
959
621
352
467
514
539
618
437
119
50
445
814
747
575
614
864
903
527
412
254
622
21
275
829
541
289
641
645
333
904
217
235
477
890
422
775
95
876
791
900
797
370
73
985
85
897
674
100
816
142
305
838
56
647
436
103
95
948
337
262
925
496
878
972
577
810
108
94
264
907
853
630
876
75
878
293
891
165
496
991
41
211
929
530
312
607
415
692
403
72
389
121
786
733
958
334
576
857
245
341
720
427
679
701
382
512
113
564
282
767
131
372
30
617
846
592
697
756
25
402
53
939
703
82
666
83
309
989
797
403
911
159
388
257
338
454
832
69
172
37
557
605
608
1
37
413
253
916
728
376
150
883
56
807
500
254
505
725
456
540
478
645
109
153
542
872
337
29
830
391
492
777
888
593
458
968
736
849
859
616
711
616
337
365
969
74
305
840
9
135
482
945
45
257
243
654
236
141
129
974
795
376
94
534
167
367
845
583
748
899
978
923
60
679
207
10
292
695
832
677
120
599
504
430
391
989
701
994
673
732
118
396
677
270
396
352
966
589
654
608
229
830
247
278
819
562
275
791
101
570
263
504
442
471
533
96
704
812
95
794
866
88
571
429
902
419
980
721
418
93
937
377
343
101
903
743
862
717
298
992
735
312
464
278
209
372
22
708
459
178
685
217
129
78
684
404
835
885
209
336
911
347
841
612
286
559
564
850
483
851
735
817
240
27
769
754
579
17
111
884
214
315
331
652
100
802
958
524
79
663
374
134
591
108
915
254
541
573
292
514
421
193
919
926
802
617
773
872
155
35
19
597
555
147
517
598
462
775
373
306
976
222
369
713
560
564
707
219
505
260
849
995
97
707
861
595
186
660
559
469
541
422
198
363
615
142
903
571
972
682
172
923
424
132
749
509
293
791
555
47
822
353
297
25
993
68
654
988
683
58
949
972
206
981
814
89
686
489
413
384
657
983
95
849
308
774
677
157
810
400
402
541
439
198
974
818
75
945
861
348
243
503
2
593
57
757
796
29
227
495
979
328
961
961
572
121
544
897
855
869
299
444
250
947
490
305
926
759
115
334
151
473
356
109
713
985
458
98
118
810
667
724
989
88
472
517
468
7
727
672
326
985
205
510
407
4
945
533
12
526
107
846
327
933
811
49
208
208
662
303
104
611
314
300
335
611
667
47
693
119
111
183
270
654
179
428
862
763
113
310
811
234
249
54
250
638
220
952
122
160
383
73
789
86
412
539
109
246
869
178
595
349
826
946
730
872
610
455
954
822
541
849
865
712
184
954
988
902
762
341
891
512
331
428
786
885
181
974
363
355
818
779
729
4
85
917
976
818
605
86
16
199
355
312
649
459
276
205
784
394
578
27
527
905
750
667
138
989
720
479
350
89
935
638
724
954
923
829
739
384
143
443
68
211
293
241
351
79
618
716
794
998
504
840
594
313
802
435
330
531
122
556
936
161
767
302
399
970
34
661
735
999
95
179
889
526
888
855
678
401
77
891
584
494
568
8
672
259
565
488
749
881
687
64
558
129
22
592
743
895
436
256
584
866
862
913
220
156
936
262
356
661
953
925
499
158
126
229
133
244
674
85
80
772
643
999
885
397
80
87
848
958
830
148
490
981
266
42
320
393
865
546
708
77
27
415
753
290
757
813
589
391
526
735
319
384
82
949
663
64
850
121
533
388
492
692
969
509
926
866
434
681
342
943
394
311
805
716
30
606
451
570
356
185
20
210
773
168
935
14
97
382
103
96
98
803
258
173
153
45
934
549
373
24
188
713
770
87
517
265
853
741
250
58
702
245
80
561
406
994
927
871
0
476
283
720
116
40
235
697
790
2
807
806
413
794
711
509
344
752
247
890
75
493
190
168
295
135
550
57
95
969
214
650
766
133
778
918
775
807
772
414
4
655
300
441
384
850
515
158
320
822
277
11
587
112
53
952
899
804
162
581
932
880
943
445
833
510
145
486
542
476
393
278
807
425
929
4
640
638
972
575
830
294
173
791
690
227
937
910
158
519
49
435
456
133
320
259
659
258
387
652
621
2
286
847
188
227
227
65
585
536
109
871
662
643
11
163
627
339
767
511
276
325
622
413
215
426
715
712
82
157
764
563
321
575
518
396
485
185
997
269
560
613
35
743
972
650
457
394
707
770
83
766
9
345
478
527
902
156
693
897
953
580
137
384
214
910
807
289
639
48
195
523
680
25
554
964
28
854
949
305
70
309
777
38
274
720
835
710
1
391
602
928
499
106
485
318
23
458
491
971
134
627
865
32
806
593
781
211
810
539
306
364
927
248
989
77
529
220
115
862
123
623
93
819
566
915
780
186
545
265
343
92
814
518
460
696
54
615
546
270
530
646
612
263
378
111
2
110
187
612
418
827
857
448
84
580
925
796
922
152
239
197
118
26
692
494
398
590
26
327
139
955
417
618
424
669
236
781
485
54
277
985
250
360
246
910
641
1
171
761
380
372
558
307
774
160
330
303
126
463
705
303
21
93
305
12
537
867
425
24
82
527
297
897
89
730
135
701
849
653
694
445
949
553
705
87
113
226
222
716
53
15
109
434
540
464
199
263
547
516
332
459
756
886
220
368
498
420
903
97
119
868
761
652
402
307
669
37
172
412
626
225
537
545
395
396
179
928
751
455
858
357
201
353
193
584
91
33
786
835
547
453
609
171
960
34
829
136
389
833
35
970
275
690
317
978
598
272
824
738
246
81
539
682
69
448
427
600
120
680
851
91
319
255
545
284
774
676
652
962
310
919
849
33
726
116
469
309
50
492
789
449
798
432
273
102
740
890
703
90
273
10
291
343
950
609
716
581
33
54
378
62
196
235
276
683
573
307
822
432
797
218
871
904
285
113
400
678
953
444
208
162
48
594
693
93
788
592
294
401
844
603
844
135
441
16
614
406
726
833
347
381
736
687
569
989
261
239
333
694
297
570
628
165
515
116
710
950
982
153
746
236
883
311
628
714
764
252
884
269
836
293
904
256
602
607
681
987
19
462
427
257
15
960
925
805
484
533
209
457
295
454
382
178
394
622
120
123
511
281
529
188
786
464
313
918
236
966
193
62
988
923
990
732
448
818
648
432
529
200
146
120
844
132
404
839
485
310
403
181
759
573
75
575
990
112
187
115
133
128
182
403
562
785
154
51
775
540
521
200
957
402
629
616
817
991
233
464
968
656
386
589
439
698
404
474
738
393
273
515
494
113
436
76
395
997
772
154
745
322
444
939
459
846
591
100
353
963
520
103
663
426
160
167
843
149
881
434
772
198
375
985
390
53
487
607
242
986
991
660
353
279
372
365
833
561
467
977
57
99
783
930
246
215
305
238
512
802
22
642
847
515
730
834
431
872
890
911
434
876
39
781
44
553
534
936
18
814
21
835
484
589
784
76
858
812
849
647
442
885
134
133
463
908
605
481
413
805
170
304
857
640
337
650
494
218
414
65
914
785
881
893
743
803
16
385
197
532
861
622
140
58
807
689
351
182
60
92
853
906
403
166
602
473
39
183
282
720
848
909
405
743
220
156
773
259
915
621
436
507
472
494
539
701
587
154
421
701
819
156
59
849
1
677
664
108
39
232
612
277
224
383
510
603
497
892
667
719
597
773
27
654
830
988
514
146
935
906
756
300
527
520
690
912
671
266
81
348
45
456
625
462
977
186
267
66
700
56
220
509
625
867
102
704
60
124
558
748
831
646
480
855
243
410
390
601
99
424
160
134
635
780
293
935
136
756
863
543
186
637
565
319
876
773
50
46
517
153
2
865
710
739
29
35
675
967
484
161
391
530
985
885
231
88
427
572
921
449
150
182
590
519
865
818
562
270
513
739
573
240
803
299
185
404
767
467
171
314
928
436
543
454
831
485
93
927
104
233
688
723
636
292
116
985
741
514
759
570
568
452
48
284
229
192
964
637
234
739
872
592
213
494
25
455
208
971
231
30
903
330
928
264
629
252
249
264
220
67
390
181
324
292
299
547
402
434
795
866
274
760
437
885
808
723
543
810
231
26
411
673
324
683
614
970
621
363
655
7
955
449
829
275
159
431
233
246
641
414
258
39
499
597
527
941
84
927
247
553
608
886
948
795
909
231
302
663
528
956
460
52
374
311
726
977
927
34
814
780
220
104
636
153
393
495
616
547
318
357
35
482
791
588
302
889
587
684
468
66
706
131
596
929
984
203
390
930
86
696
790
855
767
716
638
450
824
609
806
459
289
579
63
567
328
975
878
830
389
908
420
207
287
237
929
250
541
879
576
673
970
413
374
244
383
350
844
64
772
160
965
523
122
675
673
502
15
460
559
15
428
372
737
690
643
677
585
732
34
521
770
636
165
62
329
751
904
378
538
846
169
767
327
45
388
51
491
434
152
894
101
904
439
385
472
792
651
56
463
963
699
155
454
414
381
887
939
907
669
187
900
472
676
850
210
366
676
405
146
943
583
434
613
333
104
861
45
724
249
705
176
459
315
874
185
908
188
722
697
477
955
295
301
978
143
862
401
793
717
822
210
266
248
515
833
361
171
709
900
425
506
956
422
535
311
907
695
560
544
414
94
224
501
297
722
848
607
934
904
747
628
810
751
885
71
525
375
537
965
445
392
413
754
446
727
396
146
128
867
808
76
20
838
825
296
948
87
959
616
894
900
16
709
917
4
246
105
701
835
864
897
201
254
971
454
586
782
389
377
950
