511
726
692
199
426
0
812
929
823
263
806
307
965
375
671
658
573
938
945
682
264
673
839
401
445
566
339
318
663
81
883
780
170
821
435
382
670
470
995
545
124
226
713
160
445
25
922
152
538
194
201
657
334
827
218
942
552
692
376
577
957
209
250
214
554
67
733
898
703
466
195
399
310
184
41
647
499
108
518
683
734
858
927
807
35
348
319
539
291
79
508
408
443
909
789
613
402
370
239
542
273
21
479
784
619
981
305
59
43
5
639
100
4
798
774
846
243
375
939
941
738
819
970
39
950
832
134
918
151
303
69
278
880
181
19
232
772
573
263
353
601
319
666
482
521
145
395
748
218
137
848
976
375
236
320
960
384
566
315
125
109
790
490
46
560
261
987
602
567
196
357
147
721
207
58
967
448
25
442
572
796
893
852
87
609
974
256
880
647
412
447
350
471
931
44
11
997
122
692
883
416
949
816
559
839
584
956
904
838
976
95
818
654
223
795
751
906
284
799
420
845
117
951
796
145
10
341
423
931
31
745
727
842
550
404
575
711
966
114
457
878
956
926
138
778
284
879
931
750
60
256
855
864
933
238
876
232
287
522
744
22
129
46
50
50
441
892
617
109
894
282
813
725
663
362
88
125
631
126
936
987
64
825
773
882
745
584
841
368
862
223
377
882
890
816
367
148
724
358
104
733
763
543
393
38
222
360
481
595
141
843
442
266
726
572
74
897
53
289
201
92
435
663
550
859
841
425
786
978
849
844
688
331
465
638
528
286
598
620
479
208
849
51
213
241
72
294
826
487
379
318
237
177
785
488
923
526
152
351
961
723
613
387
550
147
141
138
383
976
529
194
296
584
943
808
508
508
171
163
930
402
594
522
612
290
502
724
988
29
11
94
302
161
436
870
708
113
755
175
938
601
164
973
223
512
84
736
428
702
419
950
116
221
3
513
120
28
668
311
142
261
62
808
549
424
178
187
160
129
766
801
621
285
250
587
80
410
3
606
536
532
980
580
630
595
308
951
70
858
153
471
548
907
318
203
140
45
3
988
861
679
570
716
59
127
857
582
831
699
657
71
590
73
130
73
723
570
217
777
337
745
23
919
433
585
903
314
701
140
19
278
239
296
219
925
16
435
892
186
729
896
489
406
375
2
49
409
647
365
900
378
982
556
691
402
123
116
99
970
796
256
558
245
370
654
22
647
562
246
374
781
976
371
248
799
418
34
812
784
350
464
132
886
729
800
593
901
446
881
400
710
999
397
455
804
458
758
127
31
67
548
341
761
106
898
488
302
793
62
593
785
373
294
666
818
822
144
5
628
988
650
42
522
192
489
212
921
796
221
872
952
976
680
259
468
42
95
648
272
105
681
243
610
262
861
532
489
448
561
523
562
562
53
4
146
795
717
983
470
730
925
536
670
276
551
614
392
116
312
913
528
573
528
605
605
799
896
582
15
75
198
606
676
445
436
738
899
53
727
678
512
650
731
192
573
980
268
816
857
476
519
834
650
338
359
100
855
539
683
114
960
61
692
972
583
896
845
417
895
874
579
475
346
271
324
862
481
844
532
934
629
446
530
444
403
468
881
684
571
942
514
767
401
576
503
344
148
567
986
556
373
510
20
43
810
517
338
942
279
23
258
932
694
519
283
301
477
238
274
786
750
300
521
118
285
753
226
813
18
302
241
752
478
788
359
50
282
536
635
747
570
506
963
246
569
465
160
440
423
470
575
968
581
993
380
861
376
443
689
913
396
489
437
664
680
1
167
36
711
901
721
457
551
961
210
112
130
674
548
962
410
613
100
274
354
969
855
40
31
251
137
534
845
900
369
536
942
233
769
917
757
758
986
172
553
751
228
877
725
493
658
878
148
882
916
134
889
737
342
906
205
181
622
153
2
804
611
781
108
399
321
385
415
465
656
554
620
385
52
123
757
614
80
305
967
607
764
463
760
972
181
791
702
204
299
238
543
267
726
43
518
616
969
420
243
465
809
796
292
243
727
469
735
170
633
734
298
880
839
569
729
710
96
892
6
741
989
977
583
143
701
676
961
95
552
441
115
650
864
432
477
440
625
318
367
939
16
705
790
891
41
255
937
395
459
828
946
523
175
894
56
131
494
414
80
961
184
886
292
24
312
649
124
805
228
867
361
903
651
687
521
650
664
431
948
791
387
115
237
852
622
193
148
43
804
37
712
890
573
181
370
847
695
12
444
974
151
993
512
88
421
523
158
489
949
267
709
287
10
598
379
50
541
750
552
980
3
580
268
838
284
259
776
564
864
236
178
966
796
234
962
764
258
33
73
414
55
48
802
653
469
312
208
905
265
664
719
0
367
255
399
312
425
653
915
489
271
365
352
938
256
883
329
982
518
238
71
331
919
795
413
255
488
142
617
663
821
405
855
285
572
202
472
957
231
533
95
172
879
60
308
526
262
352
722
706
661
918
3
564
132
462
11
416
80
427
929
54
366
495
226
566
902
363
256
976
779
688
568
48
174
173
289
309
370
757
624
109
75
964
353
415
480
806
464
940
311
604
629
770
871
811
141
399
89
11
85
814
240
90
946
993
495
250
60
868
441
966
601
337
332
716
5
350
71
342
487
623
722
627
263
32
21
182
540
820
961
288
874
27
506
639
560
299
878
273
552
254
463
678
287
44
516
218
500
781
438
916
77
29
46
767
589
652
548
354
787
785
34
629
12
114
287
18
295
715
871
558
369
409
615
267
143
961
463
91
489
233
744
11
567
19
221
250
890
730
943
508
245
994
376
431
765
784
344
561
915
795
558
356
971
398
30
183
845
364
481
803
960
798
794
263
70
667
773
392
3
661
258
488
239
796
527
433
795
641
508
631
88
673
391
567
587
788
383
352
788
233
686
261
550
816
32
179
857
755
128
229
643
74
226
226
909
178
59
984
649
897
340
719
906
600
694
92
988
645
295
960
586
524
706
157
566
362
101
709
754
590
596
222
846
204
411
294
747
839
880
558
252
155
175
950
988
332
439
758
882
326
913
588
913
266
113
871
212
257
342
903
591
48
43
982
584
888
144
887
620
705
306
978
135
571
751
705
955
401
414
130
449
730
730
497
758
117
464
352
468
64
494
486
