99
462
259
866
653
708
215
733
735
889
847
867
392
291
3
115
526
480
360
846
623
835
452
188
474
640
720
757
984
255
239
776
753
824
419
788
320
148
623
448
448
980
182
297
680
169
826
72
297
87
857
981
785
294
634
148
568
398
525
850
224
62
97
540
370
617
447
108
242
463
475
498
140
459
307
275
392
542
887
120
361
151
992
37
68
940
942
252
508
850
618
13
450
78
634
973
489
950
811
113
312
174
808
333
704
130
648
517
157
989
654
462
66
396
826
554
981
555
349
231
689
345
465
139
906
626
95
326
876
617
874
820
540
448
769
718
392
150
186
291
794
379
682
208
895
187
817
129
806
156
914
186
668
854
864
512
845
287
619
109
949
264
562
739
340
791
571
784
879
289
614
530
75
300
7
160
549
310
538
29
69
350
641
394
121
493
977
774
30
728
795
156
673
885
38
810
331
728
409
449
115
289
654
414
653
811
259
380
856
355
650
747
326
435
32
905
740
282
930
595
953
474
675
609
4
246
858
603
390
686
696
252
14
120
496
26
499
325
255
94
692
685
387
718
331
519
224
796
537
362
589
355
195
9
230
150
89
46
418
605
871
206
684
924
941
324
679
778
865
509
498
491
84
80
259
90
722
288
79
151
787
503
904
937
846
928
920
280
622
185
650
929
132
364
400
495
275
384
630
962
699
265
845
159
974
904
68
492
886
880
665
510
791
559
374
25
433
908
942
499
165
835
830
941
168
163
88
527
6
825
883
479
46
426
567
702
44
826
444
367
532
20
514
181
217
316
722
432
77
889
644
691
763
609
226
421
608
256
553
81
40
161
472
229
437
191
801
708
674
304
229
552
446
847
748
888
908
644
522
353
392
906
917
604
171
998
858
996
471
759
711
626
966
517
259
327
324
266
874
597
374
800
197
954
826
870
278
466
982
987
905
64
204
605
869
641
947
629
450
942
577
859
989
204
236
338
63
209
208
744
132
356
346
693
918
106
812
749
450
897
977
203
410
714
544
803
306
992
229
20
438
120
74
985
936
316
910
171
736
335
44
109
635
567
172
867
958
594
870
663
884
903
818
705
611
571
925
115
301
716
438
438
338
885
23
429
139
702
599
308
217
431
108
852
852
425
677
358
816
721
278
161
713
610
957
938
943
997
545
191
532
40
186
208
3
417
635
106
595
429
956
569
824
250
84
522
891
237
180
370
247
440
687
182
349
636
325
265
610
775
775
723
235
985
173
180
531
265
330
181
571
55
433
278
168
958
257
602
107
272
956
60
153
125
365
916
603
250
696
977
328
626
211
557
549
68
818
888
943
656
97
841
200
511
642
104
13
382
38
305
656
782
728
574
857
76
949
941
95
792
976
288
453
132
322
663
215
275
470
326
43
675
315
220
453
584
746
850
411
751
783
491
127
380
813
862
827
680
866
445
606
674
266
978
469
921
111
525
61
475
645
12
636
557
588
112
31
184
342
575
478
788
705
371
412
588
151
255
843
29
256
377
420
836
313
377
563
595
214
796
713
96
899
317
156
203
928
321
857
265
835
445
338
345
423
119
474
43
993
653
436
352
876
21
612
890
859
659
101
352
771
896
714
422
787
133
80
343
468
564
80
416
130
719
467
339
501
424
726
924
665
780
244
28
608
213
923
719
250
514
294
628
731
349
482
89
699
465
509
504
59
813
864
402
298
418
909
38
735
205
523
981
441
153
870
126
722
980
388
953
891
788
11
786
929
302
685
84
717
643
637
744
401
384
612
361
485
480
428
132
370
960
622
841
150
118
14
632
918
63
92
411
738
92
542
838
305
488
592
485
526
473
942
251
410
704
520
618
449
951
348
979
769
574
234
915
836
201
928
745
934
322
678
368
370
838
748
501
376
71
399
159
937
462
250
421
875
346
449
88
807
305
865
567
312
770
268
425
550
629
856
963
840
616
503
333
833
438
921
635
713
526
965
965
52
110
879
83
535
681
587
409
742
692
455
595
803
529
999
293
154
646
674
186
232
222
266
511
641
793
969
18
680
818
399
348
505
101
63
857
154
155
841
960
417
947
699
395
287
471
984
701
242
824
570
562
520
479
748
312
543
369
616
216
9
86
288
297
885
551
48
769
129
361
264
904
67
834
663
204
599
775
754
395
787
864
293
96
374
160
488
205
814
684
979
129
449
24
780
934
996
640
413
193
623
618
683
479
241
286
240
625
159
126
50
828
200
520
421
952
597
181
347
778
124
189
916
463
195
369
664
128
641
933
225
93
296
224
406
295
407
513
930
503
204
320
244
588
167
950
799
628
273
793
825
915
283
576
240
713
395
856
240
195
441
505
618
352
857
216
263
246
529
305
26
984
369
656
187
175
842
13
119
259
127
490
501
299
400
65
52
456
86
143
63
395
689
520
891
542
964
221
247
774
898
121
682
123
434
403
955
497
118
288
241
702
370
313
291
144
439
461
98
594
255
627
442
99
770
966
95
348
847
340
141
932
527
389
727
354
460
285
481
229
719
870
906
3
710
533
528
317
180
614
503
779
338
647
789
233
395
431
444
261
678
297
211
380
964
881
358
585
801
41
561
841
304
160
828
829
975
256
448
565
362
586
464
70
83
328
74
848
975
799
789
934
251
800
237
354
261
121
105
164
575
420
806
719
943
283
596
201
586
407
150
85
454
692
959
327
255
650
160
267
105
931
38
266
836
228
272
874
310
929
46
624
818
778
29
781
758
76
895
35
714
517
375
186
604
768
658
347
705
321
153
847
374
909
643
685
380
881
831
680
386
54
335
841
516
982
217
125
594
926
415
325
995
63
750
294
344
154
555
973
637
824
345
345
802
683
264
924
664
205
655
703
414
771
746
378
859
349
238
173
446
29
321
205
42
801
448
302
53
895
624
601
831
748
605
323
608
864
561
874
682
570
420
325
142
92
601
135
2
50
490
439
616
477
698
583
42
982
424
478
713
177
547
308
60
680
273
58
261
920
162
700
272
444
553
700
814
181
882
588
886
907
918
200
978
186
972
301
271
51
195
194
358
414
650
834
631
993
992
114
22
288
463
29
558
249
298
986
385
730
488
390
497
778
49
852
921
712
901
350
229
460
828
870
344
136
488
429
253
771
398
895
597
762
140
402
102
467
52
929
420
839
446
505
73
267
381
47
105
20
527
771
857
428
896
550
149
309
56
507
728
921
616
869
238
924
309
981
662
391
187
358
771
561
746
0
522
155
678
580
941
561
240
978
854
584
994
581
31
512
720
208
790
208
978
880
175
321
694
101
217
416
90
445
514
707
519
671
822
254
41
353
787
586
155
583
248
972
503
985
644
766
979
527
946
860
423
963
666
556
35
603
547
27
694
994
149
392
273
195
835
696
625
137
261
253
59
405
660
403
114
924
278
889
973
900
113
520
364
716
748
140
912
261
217
515
442
81
703
478
403
647
564
124
331
415
576
366
222
168
700
586
936
51
393
671
993
348
726
369
636
517
545
250
105
271
86
670
763
254
621
577
939
31
166
839
787
273
400
559
759
373
406
781
365
531
859
626
85
186
933
107
508
492
140
67
371
484
6
918
852
29
387
251
268
216
835
84
876
169
264
421
681
335
6
991
716
174
118
456
484
539
802
49
775
139
739
36
512
944
398
903
258
873
877
953
450
5
441
48
634
188
565
165
282
978
758
333
625
441
999
148
778
418
130
328
26
647
552
687
405
752
177
575
664
96
430
632
105
803
259
839
98
510
275
122
365
331
20
587
378
128
874
371
923
659
447
724
824
172
736
978
966
287
691
535
643
204
316
299
701
101
878
341
928
483
262
440
166
717
620
572
536
399
515
679
499
723
392
672
878
558
775
904
240
353
64
726
902
411
321
990
546
631
909
341
871
807
250
715
897
525
624
117
97
618
357
549
470
349
566
185
367
209
136
798
317
331
13
310
38
903
201
205
52
398
684
19
820
598
922
527
906
446
550
497
521
116
110
114
424
78
119
75
312
625
320
550
27
361
549
188
543
613
202
444
591
726
999
101
890
396
667
280
404
757
481
61
763
115
712
705
781
329
814
497
341
866
124
405
860
421
620
180
76
697
22
999
271
537
83
269
390
701
281
987
589
365
925
29
188
689
343
878
721
290
703
560
313
735
405
848
557
613
582
313
121
327
859
827
360
301
427
824
795
860
88
779
960
490
415
181
535
668
841
837
136
718
223
619
936
414
666
594
395
701
256
248
75
139
763
395
630
502
787
9
222
783
892
476
921
41
122
72
121
742
752
914
486
896
257
384
775
177
365
791
72
784
573
156
14
177
738
667
293
183
48
597
778
408
768
178
821
933
994
27
93
212
449
634
312
509
793
776
178
789
924
507
250
586
993
922
133
956
790
935
618
908
548
776
764
836
673
801
438
627
316
417
456
75
640
479
72
320
603
258
76
223
705
186
796
240
329
614
684
786
241
211
23
18
629
885
935
31
315
973
393
365
138
720
966
557
233
7
291
709
644
16
58
401
624
801
569
669
280
924
121
685
952
171
561
316
103
697
488
126
546
131
466
762
730
97
146
463
487
253
549
889
647
263
719
920
743
802
975
62
322
767
789
971
327
180
396
575
364
656
587
651
129
845
189
196
472
227
8
924
40
133
963
695
728
50
880
552
592
587
105
478
716
964
542
86
642
640
277
286
898
197
19
74
861
113
646
855
318
240
709
946
102
603
919
876
132
839
840
205
784
943
538
305
160
430
192
563
332
133
638
837
884
549
452
449
290
706
729
999
810
613
501
652
886
348
598
67
453
583
980
483
947
826
440
500
924
634
471
358
658
750
700
273
271
796
763
827
860
132
179
513
127
765
379
805
851
226
397
336
185
633
271
757
941
416
310
82
268
380
597
723
752
935
436
13
62
773
908
844
471
124
22
809
690
957
211
611
587
363
838
288
388
439
782
617
513
389
496
360
394
855
113
622
210
693
768
509
533
285
626
607
222
436
223
354
509
361
970
912
104
586
95
327
257
670
220
345
181
934
490
297
588
488
93
699
124
946
870
214
496
152
986
50
646
954
475
328
974
964
556
490
63
451
234
71
891
305
398
75
491
630
335
425
285
643
37
70
545
860
576
668
788
465
759
399
51
216
508
607
665
947
204
291
227
26
429
510
425
965
864
265
567
961
693
957
738
12
254
203
390
421
844
586
27
493
989
467
833
124
720
284
264
58
247
928
682
667
706
376
644
686
269
152
39
210
847
216
445
86
507
917
127
171
84
972
436
735
394
186
307
25
313
403
321
941
752
293
798
739
87
960
978
168
849
340
245
176
665
383
588
197
809
346
312
417
430
510
568
869
839
776
622
556
645
991
567
927
276
382
92
973
726
674
622
174
177
897
774
964
615
21
987
175
828
380
148
667
749
981
165
9
179
809
910
215
254
548
511
780
30
223
240
348
853
235
436
108
9
947
390
963
733
46
540
862
383
952
248
70
68
325
678
399
104
553
799
472
634
999
699
738
627
379
446
982
191
886
929
632
420
822
177
546
887
887
773
14
671
98
768
364
49
529
39
828
482
620
701
585
387
283
313
75
126
856
449
406
47
7
952
564
446
598
483
292
401
491
577
413
871
207
96
731
439
829
221
708
110
726
403
32
831
652
373
451
956
857
646
449
371
59
5
828
237
358
319
301
568
767
580
181
75
289
212
670
706
734
850
51
903
274
606
56
224
591
217
248
713
129
553
801
934
966
973
926
722
28
26
969
982
870
771
250
657
844
599
313
301
935
228
940
970
534
354
229
204
863
715
563
608
701
862
300
780
427
42
852
972
986
336
556
8
981
465
754
10
750
830
768
918
116
791
900
643
860
595
732
902
833
982
267
501
778
121
76
337
614
2
194
708
254
292
866
306
575
810
375
629
682
109
303
672
114
510
982
757
346
508
639
690
80
590
354
229
154
837
239
777
667
609
326
217
514
36
368
768
480
579
93
603
732
376
859
519
676
333
767
4
810
259
340
483
473
880
61
332
962
95
664
759
55
441
474
356
595
978
889
591
541
679
201
459
575
722
990
599
407
208
11
997
441
106
198
671
998
999
640
965
822
227
316
73
790
832
538
852
789
251
177
753
545
122
751
119
169
833
310
980
534
667
390
884
907
238
992
545
886
327
70
100
674
773
733
234
858
577
436
323
500
307
316
211
224
8
699
795
476
215
894
514
693
179
243
84
820
186
73
653
650
109
308
487
18
848
344
462
514
17
538
13
804
565
430
978
223
798
184
364
725
569
482
93
593
763
527
986
24
388
282
7
673
355
598
375
889
209
594
673
775
603
992
615
97
326
707
856
321
231
675
69
160
298
463
425
990
672
245
593
995
30
320
971
348
832
839
771
893
76
950
439
31
595
435
604
767
490
768
883
91
15
24
251
153
48
647
154
950
684
962
302
600
269
920
245
529
365
20
92
152
837
672
133
22
725
583
97
489
429
775
69
456
810
498
162
572
789
848
556
783
285
570
164
677
45
933
177
483
551
720
601
248
328
164
517
510
805
624
498
197
19
174
388
981
685
22
213
213
694
340
467
733
118
360
96
260
545
770
635
791
771
424
755
199
936
86
340
582
952
729
498
485
119
0
226
301
923
799
736
24
38
961
603
211
364
537
701
99
918
853
39
56
597
440
521
842
282
643
614
87
289
663
814
823
679
577
917
508
248
90
401
153
243
218
0
37
170
89
856
764
352
202
361
427
639
404
605
662
722
797
839
959
845
734
145
773
821
381
607
919
753
19
729
251
167
371
903
216
300
747
668
524
443
371
341
3
607
23
459
437
132
146
195
138
943
617
351
444
909
233
334
977
185
534
926
212
671
9
770
479
62
956
862
447
763
589
967
812
96
646
344
980
755
773
991
899
66
525
558
64
709
583
197
767
52
750
508
550
431
998
918
199
285
336
874
393
251
605
763
787
238
956
911
870
388
522
245
446
517
61
935
597
295
149
791
788
327
504
478
463
723
416
264
827
515
746
555
702
681
958
397
491
494
662
669
225
91
493
586
71
961
422
249
855
344
158
930
916
316
231
833
713
926
426
474
407
439
903
237
954
591
964
506
961
539
496
38
576
956
659
523
60
764
356
133
762
356
238
489
404
841
352
440
953
774
136
761
264
162
187
221
537
185
307
372
480
297
965
341
430
923
294
378
622
633
451
842
985
439
569
320
471
818
39
600
227
77
478
770
1
850
761
399
342
701
511
936
284
236
123
967
241
355
700
957
819
213
718
370
794
12
28
754
346
17
431
37
315
15
584
879
142
450
774
62
991
549
613
547
202
177
211
183
347
553
216
870
622
290
97
49
631
553
537
173
728
604
349
921
741
274
946
198
676
414
982
663
278
118
655
151
757
291
260
825
442
377
230
243
500
430
722
116
494
256
526
868
629
70
45
571
732
312
201
249
887
347
396
885
761
108
147
177
266
910
144
162
248
511
298
374
848
204
987
262
41
389
534
99
6
300
394
285
142
430
752
422
202
460
709
77
378
115
284
798
508
359
372
462
778
839
496
245
758
329
201
588
381
30
517
22
934
512
241
747
430
856
483
167
161
253
685
346
86
102
542
344
927
761
323
736
804
756
717
514
59
640
167
58
590
373
711
49
986
96
70
626
791
146
142
74
568
706
439
961
729
883
925
349
760
464
450
653
442
947
124
123
507
845
514
355
736
431
248
376
573
24
941
438
702
439
277
930
948
584
576
525
311
372
990
439
690
200
5
753
120
152
848
923
248
468
958
19
807
360
517
295
67
914
49
906
776
437
28
306
649
10
211
699
860
502
819
804
194
990
175
702
65
638
327
21
680
586
86
911
791
468
792
730
425
700
438
826
103
638
936
600
194
212
725
638
300
372
482
918
947
5
821
155
787
19
988
863
391
34
415
251
548
150
95
853
234
569
562
300
80
782
308
367
875
667
714
851
954
948
142
843
329
473
451
770
817
473
636
556
32
816
389
114
650
324
725
164
83
101
471
649
423
19
435
986
409
578
950
845
4
696
483
22
345
671
892
471
982
317
185
695
279
352
707
785
844
616
782
875
831
573
857
711
200
623
427
623
71
461
188
417
701
477
957
58
175
529
573
999
831
35
281
382
833
743
654
283
8
55
902
535
666
972
189
514
463
391
0
233
193
896
169
675
112
614
344
293
13
221
793
102
753
78
78
436
745
280
698
677
256
388
978
362
657
310
287
381
191
231
180
260
252
848
520
830
514
273
969
818
729
63
886
671
78
412
854
509
140
271
90
754
545
325
260
881
792
816
699
21
246
483
452
508
259
96
263
62
903
72
98
421
455
42
86
518
699
767
428
637
261
1
795
775
543
516
874
616
569
365
348
630
519
87
741
589
43
940
567
632
676
896
241
377
106
665
349
800
260
771
117
392
616
761
361
455
471
518
527
212
562
89
559
850
205
126
666
475
183
961
599
656
259
701
513
988
486
83
49
377
917
774
851
178
746
723
119
399
490
30
39
487
47
576
592
584
517
573
695
810
891
753
73
1
321
459
478
385
208
817
795
820
209
611
771
775
382
420
682
43
87
466
494
622
603
303
498
58
572
408
624
918
548
778
658
328
337
749
893
196
659
1
442
654
966
477
690
971
641
230
118
230
809
964
728
54
322
249
842
396
420
530
489
147
366
368
221
8
161
600
920
593
379
590
376
706
671
505
619
498
606
719
774
948
164
569
794
961
689
394
443
395
90
273
214
277
523
365
87
894
524
160
13
676
485
892
826
229
343
387
930
816
537
515
615
514
492
205
646
229
123
214
635
907
698
423
396
840
841
759
676
501
541
433
502
649
909
784
164
130
108
942
987
625
527
20
781
692
28
812
810
180
901
242
947
375
936
257
62
96
292
298
207
858
578
678
857
388
573
69
329
86
160
792
482
745
75
96
547
133
425
689
25
84
922
681
146
275
911
11
680
457
327
320
605
304
685
397
465
689
500
807
846
60
720
787
116
724
522
570
454
345
112
649
223
359
318
327
154
764
845
616
86
439
638
295
482
716
996
160
562
372
379
451
198
537
848
380
627
703
47
831
537
277
275
616
321
923
854
769
624
174
173
805
844
303
326
626
601
273
985
732
97
897
248
227
262
88
428
694
117
116
62
193
489
781
463
498
97
347
869
18
399
828
914
127
214
867
258
333
255
60
745
796
736
708
518
573
98
838
72
703
773
248
932
406
810
44
680
339
5
322
903
478
677
243
226
215
217
960
431
485
880
857
16
806
517
921
346
645
38
911
304
753
127
328
196
466
592
959
226
558
247
606
33
698
947
350
551
444
119
915
576
261
639
411
450
252
931
149
991
861
837
590
144
385
831
526
11
975
238
937
257
880
493
194
479
752
344
810
678
712
22
174
417
65
321
494
355
3
894
962
882
251
827
831
436
315
202
927
332
283
281
239
273
69
154
922
220
582
822
994
155
377
809
654
823
325
186
255
246
415
378
549
78
50
782
527
167
946
42
440
428
233
428
580
974
465
115
593
236
976
98
763
962
913
252
568
309
582
253
946
65
43
403
658
607
583
776
306
239
516
829
747
597
509
836
957
155
255
562
181
51
728
311
152
191
772
779
350
383
671
599
946
198
357
46
678
978
396
62
803
630
947
526
502
590
708
245
101
270
212
860
609
774
156
794
558
38
272
99
406
650
196
500
108
691
935
213
411
26
607
643
975
441
988
113
131
96
425
578
857
617
164
750
905
161
319
679
889
339
319
431
138
50
42
471
211
978
262
142
879
532
868
212
897
317
283
42
720
241
832
537
77
609
971
827
641
935
598
553
508
529
934
2
24
98
228
509
980
625
117
436
36
283
949
789
198
220
851
757
503
797
734
931
844
370
789
831
445
948
91
493
499
798
497
450
506
486
750
578
42
346
858
403
591
795
120
257
961
187
505
199
734
95
997
959
274
537
765
142
225
76
964
71
315
956
252
74
878
106
172
113
842
866
999
471
557
777
560
421
39
6
489
667
327
907
356
991
884
80
968
380
449
660
261
162
96
561
314
406
151
307
851
143
215
765
873
12
248
121
682
717
131
353
591
204
472
430
804
584
830
292
338
990
377
440
368
195
541
343
865
451
448
757
446
887
862
919
460
135
854
821
600
108
386
855
535
216
204
643
203
949
235
16
743
854
885
571
659
790
230
595
379
251
39
187
641
847
706
763
588
123
322
19
992
919
527
430
140
842
110
903
939
715
224
690
426
194
945
953
369
246
904
921
341
300
703
617
633
88
688
727
84
884
759
783
454
794
871
376
412
271
356
725
35
894
984
165
433
269
217
527
598
128
951
885
106
385
979
940
417
729
795
262
873
302
691
364
60
240
93
155
561
49
665
209
604
505
815
268
126
587
833
824
775
824
390
971
783
54
641
687
237
76
880
395
23
765
289
326
672
894
942
273
439
686
497
376
580
113
635
757
517
921
773
360
423
721
66
847
729
39
564
510
33
614
603
108
866
61
812
370
85
128
830
799
556
416
312
477
270
890
461
42
396
361
418
820
930
656
854
645
594
832
472
494
570
538
383
299
997
875
618
915
871
433
128
394
610
445
193
292
750
311
828
848
781
592
282
615
549
625
911
488
510
926
617
234
435
838
312
989
125
705
670
381
235
982
48
908
374
240
210
810
169
901
466
124
254
203
410
926
635
471
824
630
955
907
387
103
32
683
76
574
855
965
732
637
852
19
580
506
516
286
262
59
642
144
859
272
425
861
766
428
304
23
790
649
99
573
906
704
910
256
236
146
540
514
63
326
798
539
189
352
824
257
649
393
933
963
372
953
338
234
987
262
848
429
173
207
715
191
562
145
304
991
478
869
987
188
333
533
206
395
401
873
893
118
607
51
334
555
112
259
439
718
371
319
920
828
680
746
103
669
119
447
682
389
918
291
958
119
737
269
430
982
140
835
400
698
452
266
610
731
148
33
394
614
884
563
955
169
35
327
458
43
405
302
968
525
719
192
659
936
855
243
837
650
481
745
485
72
28
732
548
137
164
697
728
460
208
415
69
119
675
778
26
166
48
320
231
308
670
664
324
273
491
802
428
856
637
366
720
76
483
253
184
567
339
806
957
710
349
462
122
715
771
551
801
416
732
451
178
622
470
894
949
296
953
862
520
295
291
512
357
442
702
567
731
697
37
987
125
727
877
364
271
921
337
194
964
391
445
771
229
550
796
72
668
640
781
716
910
649
112
49
583
950
935
617
952
140
239
150
659
714
6
254
799
701
654
7
639
894
895
35
396
913
91
344
315
717
747
7
954
187
135
78
227
205
459
900
243
92
77
825
628
918
378
272
198
114
904
834
13
793
30
535
980
587
656
307
535
91
767
811
918
176
453
27
117
833
710
758
272
253
466
673
444
100
743
356
361
37
651
390
28
420
79
380
240
543
631
733
300
398
29
957
656
894
182
28
73
496
980
395
508
914
435
474
543
761
455
601
427
385
466
913
958
60
172
949
420
563
826
587
446
971
977
265
11
694
141
397
130
893
538
990
826
744
955
800
345
762
48
488
208
723
290
101
792
51
250
831
397
776
904
983
976
429
680
785
323
87
646
338
174
652
714
739
782
850
766
543
301
850
93
527
397
319
406
735
629
503
13
61
142
533
819
677
791
327
884
444
189
163
182
679
967
329
473
927
837
189
410
939
520
541
17
66
404
697
619
532
691
211
986
307
995
628
671
907
127
943
458
27
260
31
129
960
537
753
188
853
426
605
193
560
366
439
626
315
747
524
284
670
884
243
35
710
569
729
177
404
476
241
390
100
484
718
314
904
498
550
189
569
97
454
423
986
211
244
867
449
950
53
894
914
797
971
246
609
994
353
781
412
810
791
597
395
665
853
677
653
236
246
50
824
142
675
873
388
290
104
712
253
103
191
572
868
786
471
61
225
804
32
670
822
988
174
993
826
592
928
815
265
45
724
709
221
126
41
802
316
360
992
821
861
132
127
67
191
542
483
78
41
27
498
633
128
471
571
599
456
836
506
116
505
247
20
611
589
188
443
735
276
329
662
374
149
232
401
6
825
406
516
939
325
633
946
913
84
567
945
980
606
233
384
295
322
838
482
465
859
20
174
163
521
929
472
94
575
792
544
594
581
863
381
754
354
668
669
739
431
280
772
122
986
924
214
469
830
960
794
714
396
378
486
931
688
492
409
35
90
358
505
91
926
482
466
965
587
135
711
738
141
45
544
119
856
424
728
569
530
583
241
505
410
971
438
83
523
749
53
256
191
384
120
156
730
182
735
818
437
455
355
659
258
419
281
357
67
17
313
56
322
848
666
740
956
770
491
742
639
569
865
801
468
146
16
33
771
446
520
499
283
326
638
937
434
247
171
442
743
659
765
917
921
983
136
133
59
460
273
512
536
716
159
442
349
70
382
176
103
269
337
934
785
922
523
497
889
242
403
216
664
723
762
261
613
152
433
658
86
899
740
151
650
602
837
959
565
426
702
370
360
848
143
622
260
487
160
454
771
947
291
701
108
548
26
603
457
774
168
294
294
837
383
516
544
710
669
485
592
713
707
829
851
99
77
463
71
855
615
13
348
92
489
651
500
722
569
396
720
70
266
861
681
229
846
333
552
606
285
734
42
471
2
77
428
921
126
756
959
32
636
658
895
450
192
624
310
634
109
196
584
484
313
218
738
400
519
750
260
724
360
655
145
89
255
741
191
944
40
187
31
445
668
127
714
281
484
15
157
934
776
182
419
924
795
731
830
273
68
594
618
396
563
372
62
194
357
18
920
474
919
207
875
963
171
115
135
725
866
251
214
500
246
558
766
289
82
507
24
444
657
726
716
900
536
673
359
710
41
703
42
652
181
364
912
68
789
320
884
34
732
554
828
784
404
953
462
817
364
310
77
213
868
141
248
494
861
963
303
482
391
881
91
33
327
662
641
614
61
523
499
155
336
15
323
13
238
459
461
950
220
840
448
161
663
524
288
784
292
164
315
505
642
307
173
967
482
217
891
973
96
311
169
397
345
542
488
894
216
263
888
381
599
333
245
794
750
846
513
475
219
457
198
95
119
858
454
808
265
257
665
283
321
120
442
852
771
603
831
706
189
273
467
785
439
881
369
927
878
120
575
942
213
599
981
816
385
433
776
521
800
218
288
822
717
931
882
251
778
649
226
642
538
447
953
856
529
128
879
529
355
790
78
700
446
256
74
305
958
701
168
710
515
496
442
689
664
740
901
176
986
454
335
796
323
178
248
788
882
222
44
614
25
331
250
336
331
281
452
317
696
466
83
147
910
463
862
560
565
926
999
749
839
605
594
211
547
920
27
362
229
367
947
1
59
899
918
895
654
703
380
24
699
875
51
491
821
139
669
944
201
342
475
631
270
210
310
747
79
269
941
182
742
55
496
406
966
315
352
469
477
300
289
126
292
196
5
635
117
16
206
484
152
55
735
202
682
633
351
377
514
813
340
507
169
954
752
306
246
967
66
950
411
254
188
676
751
434
788
591
73
706
674
80
949
54
285
801
935
30
698
400
513
338
202
895
194
644
414
992
22
642
722
581
828
207
115
549
472
569
94
171
181
869
159
633
190
70
571
642
577
749
346
36
24
83
4
428
678
841
815
532
83
520
746
671
692
741
241
445
290
820
886
98
509
485
112
841
300
308
387
479
148
106
612
474
331
170
446
55
895
822
774
146
376
614
119
216
79
682
243
721
482
112
600
618
805
703
378
982
990
884
706
532
844
265
195
812
637
387
348
980
475
37
663
263
27
256
702
164
858
420
100
268
971
392
239
69
489
565
168
92
110
577
452
479
606
679
643
112
883
323
818
638
685
987
39
454
453
273
425
54
111
334
97
114
218
801
488
832
278
428
631
13
72
887
965
211
804
910
873
818
280
965
348
898
305
116
425
347
365
438
213
4
836
707
549
960
259
806
16
774
526
960
426
727
290
923
305
427
60
851
440
564
545
478
310
380
963
429
610
419
149
434
637
248
804
705
900
64
482
724
201
421
839
422
189
373
854
73
76
772
121
266
573
732
498
386
492
464
944
184
205
816
490
858
783
495
571
699
971
440
610
726
408
679
820
824
597
612
368
860
74
562
351
192
547
957
895
932
441
306
570
795
15
952
383
921
254
76
653
789
741
860
551
361
33
177
553
836
837
679
78
344
638
872
635
959
174
332
203
200
739
541
7
616
258
887
81
708
741
21
30
139
583
222
327
320
928
975
818
452
866
722
258
242
14
995
55
76
99
747
442
412
372
814
930
236
365
720
268
783
442
812
579
504
676
628
860
776
65
68
444
766
311
297
976
758
636
312
529
324
981
448
562
273
505
769
79
604
969
998
796
421
159
70
183
762
280
217
627
204
40
382
337
908
440
89
45
727
78
640
507
761
897
319
749
509
646
386
514
114
429
448
724
586
538
791
717
444
968
306
95
129
480
495
599
684
962
324
877
658
342
250
339
64
202
26
520
556
152
20
807
668
74
639
977
955
165
171
771
330
399
49
557
707
927
508
481
672
128
585
236
658
857
345
516
550
220
959
334
617
833
789
403
909
614
689
118
979
101
565
885
528
74
700
401
637
207
48
667
430
79
897
837
796
187
560
3
45
972
905
452
593
494
767
449
672
756
617
168
815
38
682
173
610
92
39
590
43
766
65
993
272
658
634
957
995
496
940
210
691
373
341
558
127
794
311
332
155
921
715
115
643
180
446
768
164
946
340
305
906
118
353
600
524
837
935
776
476
196
273
222
234
716
701
327
120
411
768
730
865
288
4
298
978
459
909
403
530
854
337
774
350
92
517
762
517
429
524
137
970
587
554
332
720
732
263
412
304
748
496
726
125
934
807
194
489
302
722
105
192
951
953
96
778
844
593
621
223
517
334
637
74
32
461
455
856
529
359
777
394
184
617
741
421
6
528
423
915
667
770
686
578
134
32
148
331
714
768
180
653
10
943
535
600
17
596
803
533
760
255
929
954
469
496
809
940
412
268
212
29
805
841
990
109
649
195
814
780
506
584
91
413
911
533
644
895
961
508
508
621
420
965
81
373
277
841
800
958
829
453
326
698
591
683
989
243
628
573
313
282
960
579
230
314
416
412
336
459
99
424
247
963
178
956
389
422
821
983
980
126
460
481
153
47
350
692
639
185
538
954
618
848
296
422
353
848
898
943
287
105
68
54
886
2
925
424
768
762
257
327
579
898
709
92
200
311
183
815
177
531
767
231
373
451
949
484
729
667
80
458
468
77
424
160
783
208
914
486
255
437
86
678
992
853
773
512
864
255
844
313
878
982
648
903
549
254
733
379
16
863
623
217
804
938
996
203
268
880
820
449
773
18
646
549
800
163
920
803
309
170
370
382
961
236
488
54
791
182
778
981
124
424
898
352
258
772
634
699
619
646
39
245
264
982
309
787
501
16
209
392
634
381
13
410
313
418
467
680
662
150
74
783
792
378
414
212
939
688
39
996
735
102
504
703
161
84
657
570
172
64
788
740
196
555
865
729
879
925
894
322
640
211
615
85
24
465
189
928
283
986
390
177
373
788
842
217
183
673
869
952
362
943
741
26
103
1
498
478
56
335
13
215
726
377
798
331
136
145
670
497
957
389
53
679
15
955
649
322
516
704
989
447
978
113
49
966
638
67
291
262
529
85
610
99
743
283
651
524
413
486
106
785
902
942
623
570
187
265
402
947
373
990
348
972
472
714
804
116
254
396
314
141
76
276
627
434
477
125
434
493
617
684
608
830
570
96
327
710
291
145
297
586
134
38
327
242
776
446
409
784
154
824
170
542
911
942
100
977
805
972
431
826
410
983
121
579
525
40
379
631
173
911
320
257
314
589
515
814
182
578
940
599
616
724
118
863
685
873
936
763
435
220
870
711
787
243
27
685
426
217
717
960
220
495
789
855
830
502
258
773
215
808
177
924
545
452
923
746
194
128
307
156
562
16
626
448
608
428
17
111
77
512
187
958
413
214
932
109
509
414
321
872
853
557
445
636
372
243
86
404
474
566
354
657
743
364
113
920
261
558
584
13
