562
918
22
641
277
533
236
965
482
322
727
188
488
618
361
842
698
386
558
670
970
800
19
287
729
471
122
935
728
698
958
921
334
681
901
79
422
473
350
460
619
918
504
89
867
508
893
715
222
163
210
705
474
777
724
179
917
513
112
510
549
497
870
108
551
497
611
384
994
375
226
735
375
120
535
794
232
905
56
768
746
875
792
72
464
109
952
109
269
892
892
354
534
389
448
684
825
442
813
687
638
459
420
752
73
60
870
194
281
693
94
61
960
39
907
880
399
673
85
831
54
602
499
624
829
25
303
111
945
273
103
577
790
728
913
893
982
911
266
726
683
187
43
742
759
554
392
677
53
457
958
855
211
722
369
563
487
299
311
855
811
81
820
97
14
668
955
97
737
891
78
266
90
649
979
127
992
511
75
842
892
529
687
839
945
869
945
696
296
557
708
930
2
750
745
580
546
753
504
143
678
519
455
17
954
545
962
740
721
349
391
539
842
844
692
157
731
417
960
442
564
596
443
874
578
500
322
765
590
308
355
429
346
60
97
495
431
432
948
937
198
701
441
109
985
256
634
508
285
689
137
462
183
364
942
605
344
344
66
681
78
64
216
694
480
696
887
674
253
993
342
658
746
509
789
428
406
839
195
343
876
201
34
55
941
497
11
877
863
573
94
643
517
67
243
893
236
885
166
403
392
122
811
539
841
936
646
467
581
69
893
756
187
837
540
530
353
102
917
376
235
751
650
720
249
687
48
856
667
274
394
464
228
973
687
488
160
59
969
711
2
784
435
358
767
826
414
810
265
840
720
897
513
499
641
20
620
225
579
602
304
376
286
781
916
711
38
989
402
144
826
123
481
930
641
497
307
947
930
996
799
843
144
915
284
188
824
978
388
917
473
447
600
877
807
965
206
876
140
927
619
165
324
676
926
400
859
296
763
485
917
532
897
579
281
548
9
614
811
46
923
102
573
898
342
988
337
141
508
88
933
8
320
141
572
725
21
62
221
385
700
875
506
437
329
19
896
599
947
285
557
509
166
578
331
913
871
193
175
520
771
134
102
429
836
773
438
3
617
816
172
911
545
336
615
851
468
881
855
759
6
686
731
699
273
51
967
183
694
169
742
187
847
339
250
602
300
256
453
993
624
794
426
726
183
499
141
940
239
631
220
266
591
916
617
859
488
61
805
24
591
327
650
465
420
147
125
884
107
34
998
148
660
399
541
322
457
413
603
809
244
329
50
987
90
899
842
185
103
782
185
760
599
999
526
143
726
322
347
845
822
31
796
559
267
84
576
583
252
212
427
624
712
13
925
262
289
503
995
35
658
281
792
355
777
837
119
209
777
435
944
602
568
820
45
343
119
205
127
289
59
859
90
365
94
965
833
415
27
861
8
786
637
425
796
485
674
798
689
698
137
84
280
856
973
380
34
776
853
485
270
324
378
783
99
203
484
111
419
722
353
24
540
988
571
307
291
506
405
861
327
686
906
687
904
761
194
683
114
917
545
690
650
804
350
10
339
879
797
309
357
995
697
877
76
973
10
435
72
30
190
54
86
394
383
609
674
923
490
165
959
378
855
662
997
853
346
482
854
212
12
883
925
142
542
142
611
64
524
908
359
173
914
438
274
266
110
141
516
272
529
839
662
652
307
278
333
187
794
866
231
391
183
167
102
471
637
129
814
834
358
772
277
172
324
392
742
217
641
769
801
310
708
828
891
527
161
62
709
219
723
663
243
211
552
755
36
82
889
441
481
303
229
477
620
429
905
400
215
971
830
815
357
343
975
953
273
638
309
657
169
151
720
940
678
333
148
244
115
595
383
19
648
73
467
340
570
469
612
434
552
157
951
836
812
33
836
736
869
590
594
316
309
892
782
821
427
193
616
678
160
22
26
682
814
415
797
516
801
320
409
819
294
323
97
412
451
527
225
999
666
210
494
764
869
422
464
606
767
986
742
717
333
31
782
874
416
91
679
691
599
971
373
302
957
104
600
610
460
364
378
745
533
246
587
442
350
34
683
644
542
844
523
572
8
482
128
855
1
617
525
859
255
32
3
127
849
977
424
204
397
862
738
171
786
216
502
957
715
690
2
777
299
900
51
720
755
635
331
573
230
30
370
529
582
236
992
131
285
809
589
220
393
24
173
671
492
617
116
303
991
299
681
196
219
429
274
917
348
759
476
913
3
78
996
385
486
252
15
797
734
37
675
639
468
933
456
916
872
840
591
182
32
642
269
670
50
293
651
751
479
352
902
918
819
220
334
998
237
458
517
969
599
192
893
608
346
859
758
675
138
135
308
100
577
393
433
789
187
397
388
850
134
107
221
113
267
516
563
246
437
211
813
467
45
983
481
693
24
653
284
17
78
338
463
909
703
734
506
116
595
51
727
921
750
149
790
837
855
100
777
715
524
604
411
656
404
374
642
160
136
215
877
555
431
142
907
247
476
531
915
455
910
267
898
393
372
768
68
806
99
293
810
170
789
879
780
211
920
751
587
542
80
437
693
108
417
686
366
884
334
814
216
99
639
432
47
294
179
497
196
984
418
485
939
415
164
474
35
544
132
265
721
827
747
379
905
369
890
239
891
393
16
577
70
531
67
471
955
732
727
973
921
904
992
424
856
861
590
471
132
835
188
134
792
146
141
109
836
333
804
845
45
482
589
714
280
539
662
299
203
262
612
838
927
16
555
969
805
681
493
204
220
961
614
130
725
169
314
887
355
139
908
115
570
179
260
739
555
303
371
65
409
506
678
386
331
310
181
437
702
479
503
228
366
973
892
738
474
98
350
661
401
922
637
933
476
39
22
642
442
4
831
460
170
2
169
531
56
366
218
119
599
603
511
314
871
996
99
538
267
898
446
795
363
707
860
64
33
316
824
418
745
533
109
689
234
666
426
343
435
155
200
28
4
161
81
284
954
560
166
509
998
732
852
277
771
740
197
264
827
332
743
598
245
374
419
211
612
784
652
496
207
393
945
944
728
380
265
629
716
247
194
208
926
910
510
47
720
560
299
592
959
931
13
836
65
460
250
919
230
598
42
468
520
340
961
686
297
674
539
32
672
692
931
918
775
690
655
565
651
36
763
693
73
727
376
703
290
730
241
257
267
498
42
582
979
336
22
562
345
509
315
91
138
28
708
84
28
245
595
979
242
858
889
810
405
474
571
955
875
260
106
532
982
445
200
329
972
658
330
465
246
817
686
225
951
42
898
253
787
667
574
461
937
104
888
180
543
546
146
731
104
22
250
836
885
542
94
491
413
237
697
606
818
212
407
30
754
586
825
654
6
944
917
919
163
145
69
158
330
177
586
37
510
525
557
494
82
704
329
639
884
166
129
198
338
848
42
694
199
832
492
986
170
391
330
286
92
626
987
317
892
275
821
212
168
12
446
6
978
766
302
977
237
415
412
69
226
98
643
981
955
889
712
254
420
533
659
700
841
494
520
388
207
486
825
684
459
839
649
407
857
485
752
84
483
174
302
390
310
758
534
687
626
23
273
645
926
198
499
174
621
97
142
712
289
572
457
193
666
651
940
941
643
241
371
182
562
270
236
414
546
416
39
480
127
673
578
508
133
710
502
897
868
39
297
700
132
410
112
167
226
490
241
501
476
877
843
946
95
396
226
544
370
171
443
172
30
576
88
542
372
648
544
551
27
989
158
989
101
596
333
866
630
250
101
859
536
783
68
12
549
531
932
9
618
996
228
767
307
994
694
512
513
354
285
517
310
302
529
607
201
13
729
158
866
223
67
426
851
329
338
512
504
759
861
52
149
855
976
181
99
50
674
934
575
54
946
792
167
710
198
997
18
723
761
399
515
579
792
327
56
32
346
410
981
580
562
710
969
816
834
458
530
804
390
339
82
625
66
602
37
954
968
891
853
696
426
313
492
660
672
365
565
888
87
462
456
431
182
178
344
331
926
346
787
45
574
515
29
734
296
873
329
292
660
38
797
577
198
792
633
318
638
769
260
964
541
792
403
235
23
821
199
931
1
609
66
32
895
507
238
915
954
495
681
554
565
594
664
106
947
993
983
51
247
238
899
170
416
516
68
812
454
178
843
965
885
179
371
33
621
407
319
370
67
802
760
472
41
906
977
102
636
294
33
681
383
657
572
444
260
502
871
486
186
206
982
453
184
268
532
628
756
258
85
360
296
29
203
496
201
258
220
651
462
20
204
107
682
110
284
959
173
234
279
30
597
516
653
463
20
265
14
158
327
585
516
25
123
851
165
200
292
528
796
123
75
263
923
829
739
672
55
150
56
180
320
215
604
257
620
366
23
476
663
178
555
199
224
376
386
450
75
267
28
277
134
587
72
468
651
572
630
451
561
55
807
248
375
405
818
345
39
320
116
826
994
412
595
225
69
82
663
405
576
310
94
880
263
646
202
117
319
243
273
588
118
772
544
931
735
701
69
55
465
975
200
232
596
417
852
754
919
588
824
247
912
924
429
18
289
890
316
647
491
590
390
431
850
754
934
887
557
178
918
359
736
599
173
392
440
147
882
367
730
743
264
774
560
385
854
866
777
841
338
831
996
193
969
503
201
997
493
865
988
864
252
750
823
894
721
615
410
16
385
635
602
594
4
549
187
769
245
401
195
40
144
719
333
801
88
704
983
464
650
118
760
739
801
400
857
510
622
186
391
428
732
139
506
728
238
816
918
712
398
998
259
219
938
244
259
945
52
895
303
177
175
504
590
600
442
88
723
677
122
987
698
282
176
818
808
372
691
11
36
707
740
795
293
605
5
915
89
773
436
472
551
66
570
868
929
594
138
779
874
5
400
616
0
421
464
837
582
3
312
921
121
981
83
100
893
83
955
742
67
346
666
30
201
608
629
791
710
141
894
188
656
922
820
987
820
700
561
784
81
809
288
208
794
155
465
766
438
906
594
507
326
35
451
502
570
702
614
35
368
358
762
351
218
882
395
842
827
224
239
677
278
313
703
867
778
648
488
812
486
891
981
141
93
260
227
195
150
610
136
21
43
976
153
426
980
487
135
800
704
279
125
371
863
96
345
294
686
104
52
156
487
717
168
263
253
329
621
306
945
614
168
866
300
599
208
782
274
862
694
144
807
780
216
404
849
83
674
517
657
215
531
879
391
579
727
135
801
743
518
278
927
983
656
276
598
679
227
746
312
715
819
680
925
811
900
549
272
980
887
860
479
265
87
947
144
464
63
352
541
417
506
988
956
345
854
665
526
365
637
384
506
218
42
554
781
473
93
865
735
119
138
311
917
723
36
420
391
41
290
365
494
779
684
127
4
615
124
580
559
660
787
68
579
118
311
452
627
33
182
388
580
970
809
714
351
312
648
925
888
154
182
100
839
914
81
4
307
567
704
592
566
384
89
851
329
316
430
161
524
279
139
739
18
287
983
682
903
557
445
339
983
934
510
688
517
393
444
7
468
707
125
507
782
462
762
16
822
432
387
805
892
528
146
658
708
179
672
33
11
788
191
369
536
579
750
892
67
804
810
723
381
760
815
784
603
233
635
336
656
782
379
156
565
182
565
348
544
738
201
420
719
755
84
235
551
683
706
118
477
263
799
428
968
610
955
818
833
37
360
911
129
585
833
257
365
895
544
326
632
303
628
311
102
990
214
775
584
243
566
49
864
271
871
119
819
452
99
143
934
710
868
656
350
159
185
722
632
95
673
203
673
464
94
326
84
943
57
527
174
510
863
225
271
607
533
784
216
875
117
890
723
225
948
23
555
818
79
746
457
240
498
328
352
631
444
174
846
532
123
839
167
330
583
842
247
275
990
458
596
371
299
823
494
425
764
833
596
655
895
205
292
208
103
233
767
1
177
937
679
576
509
180
165
865
596
248
483
320
93
705
51
272
971
873
58
202
143
282
941
417
293
655
254
810
661
248
771
202
89
964
267
167
262
593
414
104
689
959
288
857
551
458
73
974
329
950
836
992
106
189
122
574
678
116
394
35
872
268
456
157
256
812
287
286
816
771
164
923
458
667
177
626
920
817
122
304
943
305
951
432
864
759
358
184
140
520
485
14
548
855
841
695
395
83
614
528
72
269
876
110
163
232
594
295
611
209
953
771
162
878
128
501
414
59
799
828
861
239
306
527
324
93
364
837
452
679
909
601
82
692
146
300
729
498
584
805
37
919
68
995
455
33
650
236
600
958
288
878
452
757
501
178
165
659
268
656
465
290
807
62
825
612
818
986
878
93
166
591
770
158
510
572
888
734
657
943
658
947
340
65
589
54
939
403
403
701
796
943
461
250
785
281
266
272
640
972
896
981
664
17
374
675
786
698
555
409
322
676
343
959
56
859
461
23
935
799
513
926
530
964
811
977
686
8
664
509
472
254
930
366
107
39
772
497
958
984
131
254
248
742
244
181
73
838
686
74
982
689
132
218
336
789
154
837
922
47
632
918
965
459
272
109
562
798
824
157
380
403
29
633
807
954
620
346
433
415
998
412
747
70
751
815
59
180
587
240
578
696
574
535
93
601
422
548
490
185
144
571
913
943
387
398
348
307
964
890
165
610
671
33
874
569
360
638
63
765
203
48
1
441
278
61
626
34
0
784
510
60
934
470
953
856
250
177
987
709
608
175
593
522
143
221
648
654
816
157
384
894
543
32
484
509
835
60
42
139
867
125
355
740
678
954
0
337
455
119
974
548
460
832
113
156
969
757
921
97
62
920
922
873
970
227
486
89
938
127
911
615
850
824
236
412
950
60
738
207
421
658
948
236
747
967
536
348
306
747
791
390
764
18
889
195
792
55
707
952
870
611
70
572
440
387
45
896
544
576
667
246
64
391
158
554
930
88
308
638
396
876
552
826
911
304
113
328
541
271
888
86
340
595
276
156
339
644
507
741
328
577
7
602
188
970
826
786
212
257
232
190
749
277
552
896
618
814
430
548
293
391
216
791
120
212
931
220
262
565
681
717
884
267
321
559
717
160
828
470
646
531
239
879
23
816
802
101
459
774
691
858
852
298
760
79
301
498
63
120
358
435
364
950
502
299
783
544
816
99
910
132
116
764
150
854
440
123
506
795
131
583
214
432
383
918
859
243
528
167
726
715
829
707
431
92
922
469
731
978
847
248
487
511
209
984
882
671
715
744
797
504
825
603
81
784
848
886
189
726
789
418
715
987
521
679
782
425
21
116
819
473
632
724
304
347
506
418
645
662
460
677
686
383
807
638
298
286
789
766
139
997
832
221
698
258
413
165
638
835
515
197
337
465
190
425
103
261
755
815
892
118
112
620
761
277
58
989
795
600
425
322
856
59
196
940
958
853
612
440
82
237
392
947
890
901
965
853
744
719
335
698
659
61
969
731
267
501
541
364
937
200
688
206
609
628
165
276
565
431
372
827
87
172
599
331
658
770
57
546
22
863
388
976
950
117
877
29
223
291
53
430
528
772
175
14
761
764
985
993
193
870
361
164
416
730
741
728
541
812
175
254
549
177
635
132
817
451
495
597
170
259
470
631
964
805
488
982
524
927
642
326
615
580
381
189
897
717
862
55
247
647
945
387
81
848
691
715
535
986
971
513
7
290
627
884
353
194
745
458
159
322
732
120
620
262
814
340
759
313
885
67
612
623
301
967
911
736
718
464
126
680
669
604
515
499
81
833
610
550
468
734
709
16
725
642
226
448
206
4
909
24
903
561
919
23
870
612
299
381
560
792
209
607
73
713
209
42
316
209
933
460
759
582
299
814
951
184
926
885
235
177
816
568
711
701
102
460
384
208
320
859
766
87
779
932
451
798
285
931
887
121
5
121
334
390
388
790
222
936
996
547
112
230
571
204
898
130
475
218
559
486
458
439
428
424
97
339
568
286
252
51
735
964
5
201
355
243
349
582
304
635
759
588
953
489
482
761
180
28
524
541
231
353
22
676
214
271
440
103
283
509
777
125
64
559
226
839
27
119
168
450
6
320
221
453
819
917
626
241
585
248
515
352
965
663
375
71
271
969
650
981
552
567
505
942
685
261
249
529
627
279
604
516
255
976
537
833
840
502
983
178
884
42
349
385
915
371
625
106
268
426
516
921
779
280
679
528
355
595
332
313
461
655
754
826
69
698
558
406
78
864
939
384
634
517
871
442
223
81
961
443
361
589
410
111
48
612
511
585
798
100
704
796
991
948
424
887
813
503
330
126
519
207
212
517
406
685
427
312
660
629
91
661
649
262
864
739
875
254
990
868
721
629
769
894
860
672
810
143
363
198
783
134
457
87
358
687
869
648
709
870
694
514
553
45
745
923
242
680
729
92
319
70
113
689
579
914
456
800
195
103
594
953
258
626
543
636
236
289
523
311
603
778
570
558
449
806
701
469
51
476
476
234
390
113
178
421
394
565
608
873
383
114
439
332
463
926
742
250
362
583
227
840
440
774
450
404
967
36
528
570
817
713
954
106
944
947
551
605
265
347
102
885
267
76
206
820
202
693
608
213
565
86
386
807
728
807
987
824
622
411
599
54
774
995
942
289
521
288
973
132
302
928
824
2
2
522
466
717
655
276
595
361
48
953
980
311
934
577
786
182
242
88
469
836
128
136
484
243
580
322
719
46
139
496
585
506
97
502
672
426
370
975
905
682
831
868
789
341
392
743
50
274
16
702
639
193
649
522
857
940
229
607
195
736
318
502
925
707
627
494
283
999
455
434
24
380
655
108
632
437
608
606
183
568
875
913
145
385
854
7
527
576
769
34
394
358
753
568
792
599
716
350
752
353
130
833
627
44
780
699
985
553
699
210
221
580
168
293
975
750
156
80
876
299
731
176
123
171
113
944
486
20
569
616
651
404
350
687
631
980
376
687
318
160
526
103
49
483
90
167
372
623
533
108
682
258
255
811
320
868
699
138
764
317
693
314
488
803
105
137
678
657
577
156
321
124
299
985
669
311
813
498
317
654
606
902
895
71
34
889
662
756
761
876
276
101
916
375
778
187
413
563
245
87
707
580
174
369
951
955
503
109
782
914
541
719
858
57
166
975
223
94
161
584
736
144
932
874
835
484
989
855
184
40
57
595
281
589
283
548
918
243
682
801
704
948
961
479
855
282
908
871
459
716
628
811
323
819
239
839
574
340
743
948
828
350
949
119
783
290
506
665
275
995
186
631
840
651
813
162
88
725
523
673
25
545
716
98
72
673
217
15
160
619
866
181
86
191
805
88
562
416
63
123
516
495
459
700
856
75
852
763
448
109
49
698
349
72
244
664
346
958
406
472
269
949
907
375
146
176
293
643
853
626
736
318
100
797
681
234
743
888
388
62
405
816
136
647
244
701
809
922
373
77
978
685
585
990
837
949
548
269
505
130
461
796
567
655
758
663
761
310
599
151
542
409
265
8
982
434
473
813
199
387
564
244
650
370
473
347
397
972
104
649
30
843
141
594
104
570
928
802
93
549
412
115
113
373
498
170
302
273
601
123
569
160
564
997
49
259
377
191
335
8
769
138
350
968
473
801
609
514
580
946
875
665
475
352
431
768
730
634
660
838
95
307
780
333
866
228
234
772
420
407
750
572
589
818
975
655
790
619
387
300
831
403
646
887
447
499
284
182
806
811
677
335
192
162
252
613
616
831
915
449
198
390
943
852
719
502
172
826
591
327
453
163
894
904
386
44
284
623
790
282
282
234
699
166
959
490
813
340
235
808
576
38
603
496
222
109
690
225
505
407
665
966
65
668
619
127
731
162
575
616
783
993
570
75
116
633
104
474
642
791
871
52
59
415
249
17
822
859
52
233
34
761
863
974
76
498
275
322
261
223
811
506
292
678
818
586
259
51
536
59
391
802
776
767
729
328
681
805
957
89
191
400
836
427
653
666
922
794
618
494
37
293
885
442
640
550
253
835
356
79
354
779
642
624
2
853
423
29
385
609
268
851
648
851
145
75
496
838
230
151
139
406
614
762
576
595
744
493
689
377
187
939
130
460
461
989
593
401
920
266
388
112
417
238
739
846
511
860
347
879
445
630
724
544
772
305
800
497
760
350
417
153
324
834
565
197
20
815
520
225
984
571
431
855
424
974
652
28
161
890
467
215
938
243
368
718
851
485
554
833
555
389
152
207
427
448
951
207
133
703
285
887
555
500
669
576
85
910
519
243
451
152
931
348
138
521
362
461
911
204
25
14
606
823
315
983
885
520
82
720
954
668
850
784
933
577
474
313
907
731
184
245
273
788
927
626
33
324
544
360
204
241
994
732
940
207
359
501
397
328
149
691
975
15
949
783
634
191
715
566
359
800
243
263
559
993
220
124
451
137
4
813
7
15
752
959
395
490
950
644
199
651
121
188
410
567
720
378
775
840
947
697
45
978
963
765
154
155
990
638
67
548
163
326
522
908
312
908
861
108
629
89
807
645
956
672
509
93
904
227
831
337
623
392
784
580
350
354
948
622
135
652
670
568
657
464
851
963
781
974
310
912
432
48
473
202
57
530
164
384
353
383
686
246
914
358
29
899
678
467
107
350
773
10
431
433
290
455
565
280
83
177
403
795
451
893
569
214
901
918
317
178
167
793
184
204
905
311
128
683
824
732
778
295
972
621
619
189
154
47
812
143
847
569
576
960
674
651
148
917
163
856
658
375
446
487
489
253
159
744
628
359
249
353
837
925
255
104
150
621
645
67
268
596
820
507
249
484
96
327
500
307
824
869
127
172
946
387
245
767
376
28
726
219
515
582
304
420
882
176
324
167
519
176
674
291
974
650
737
410
763
853
879
116
959
288
889
468
126
866
137
140
705
711
161
164
371
494
424
864
490
439
64
55
787
746
568
951
82
939
173
302
445
161
640
620
212
805
44
148
104
872
951
313
733
574
443
238
181
574
487
549
378
339
342
752
839
213
148
702
923
128
17
926
884
127
251
415
772
225
692
632
403
89
805
419
80
155
389
188
789
66
675
87
990
687
92
967
973
740
193
251
22
415
392
84
962
450
189
801
450
279
452
411
314
728
702
309
23
932
838
58
343
246
863
282
395
648
556
768
643
357
539
699
366
267
15
828
276
943
880
63
379
587
561
394
354
410
14
858
14
557
368
509
534
182
871
459
717
353
410
773
867
218
254
904
192
585
889
883
455
866
298
187
570
865
367
232
808
563
297
984
47
152
600
817
40
45
439
492
510
806
916
373
650
472
726
367
215
532
891
604
165
319
541
834
628
262
49
273
350
263
84
417
465
675
753
305
967
336
291
410
388
235
780
698
924
954
920
132
39
696
529
764
874
161
479
856
379
13
276
35
1
298
193
619
597
737
537
514
913
827
984
993
587
789
463
920
437
358
7
91
621
401
942
207
300
973
267
546
606
578
67
239
877
23
782
449
201
623
537
223
80
66
784
534
246
399
840
140
577
6
886
960
300
571
320
624
902
320
334
250
742
970
963
900
662
795
966
550
441
936
592
141
841
432
41
355
465
621
956
706
196
807
307
176
777
339
608
387
124
51
594
69
89
280
808
555
415
674
365
808
7
88
528
743
824
978
822
381
185
939
727
421
794
573
762
293
431
445
645
557
625
85
373
400
123
568
710
91
878
576
391
90
330
715
958
258
145
356
803
337
81
118
308
945
279
51
445
604
682
491
577
58
667
48
369
77
183
6
928
469
798
696
641
120
379
933
557
673
592
234
541
121
46
945
784
971
382
495
121
73
655
347
353
565
484
809
868
962
801
863
514
864
882
271
789
358
216
115
858
833
993
447
302
875
683
24
390
295
540
179
515
785
