875
715
655
407
841
593
986
508
733
996
525
517
692
286
998
238
217
85
588
535
913
318
55
389
705
483
603
461
998
679
880
588
249
381
994
146
933
505
615
397
14
894
994
258
88
39
772
934
665
705
233
402
140
621
510
429
603
332
909
923
776
570
514
636
544
221
126
327
669
583
389
773
166
863
142
866
693
239
358
109
772
894
994
961
277
404
815
157
53
758
327
286
253
488
539
396
893
903
623
201
596
185
319
766
256
115
276
536
382
522
466
319
439
206
49
736
200
480
254
376
756
989
102
520
112
714
647
977
866
487
970
781
111
888
536
268
376
174
400
192
992
301
819
928
349
718
812
145
32
517
223
707
10
53
725
991
317
167
425
503
525
769
963
797
161
195
150
949
82
781
271
775
630
220
156
580
145
155
951
458
882
614
934
82
269
146
129
167
106
760
607
961
889
833
396
343
887
83
723
443
946
346
836
904
502
170
379
766
185
968
613
926
441
24
191
553
968
984
597
506
401
308
147
948
10
691
163
14
925
647
388
716
525
786
716
319
786
891
954
260
912
768
786
857
906
78
414
659
135
683
149
854
958
613
426
60
876
851
804
255
463
177
765
465
69
481
10
160
974
188
302
400
515
473
267
168
817
668
734
518
94
680
758
414
175
223
673
717
267
381
466
445
256
789
346
129
80
147
202
264
247
25
19
542
556
277
243
574
866
639
525
60
593
289
811
62
142
663
634
987
628
421
153
428
45
336
319
983
657
429
633
594
265
589
853
196
297
50
191
263
568
971
461
642
973
971
984
115
496
152
178
9
465
264
198
8
633
781
392
6
452
217
826
42
520
589
336
244
116
75
906
207
256
987
19
323
813
162
306
616
512
863
197
605
600
696
428
13
257
881
649
979
605
284
442
125
919
700
760
43
147
987
272
307
45
300
452
293
620
219
109
193
923
608
326
537
884
562
280
32
841
848
870
394
153
51
508
933
835
231
753
957
305
176
982
358
604
665
194
18
888
704
803
674
52
118
731
553
993
178
885
532
965
429
714
654
138
88
853
40
479
953
127
62
715
21
935
780
769
447
162
951
709
791
27
216
673
462
351
787
524
837
991
486
832
637
3
93
70
96
112
10
872
615
229
105
811
894
888
2
383
290
720
312
589
930
846
118
404
883
509
689
455
533
99
25
710
819
819
513
136
448
417
101
490
973
17
115
263
111
948
251
211
877
592
904
645
63
322
520
257
353
43
624
440
303
4
177
501
731
935
959
540
90
940
343
560
445
349
672
977
772
95
411
313
68
741
181
530
448
498
955
246
677
139
828
289
840
631
650
183
731
820
362
62
300
543
740
928
54
655
588
631
832
310
582
788
476
253
393
735
907
211
130
613
363
178
841
992
546
383
568
913
892
924
8
90
865
387
958
731
218
393
379
284
785
836
57
98
600
179
713
447
698
624
345
242
510
508
66
688
635
544
608
70
733
300
931
821
228
422
635
784
485
16
424
404
738
238
351
524
925
570
128
25
91
934
124
858
891
870
285
950
605
383
509
363
855
680
136
337
771
251
270
633
532
432
936
795
103
887
596
201
759
351
732
902
48
856
16
657
269
585
644
708
934
303
324
644
73
12
43
396
936
391
795
562
499
261
487
582
868
467
637
107
681
615
135
643
423
819
736
11
801
516
772
504
568
573
464
76
580
147
752
553
609
213
567
521
317
819
697
872
53
391
357
462
664
460
38
21
155
697
520
363
675
834
200
732
97
468
541
904
959
763
2
292
337
922
253
152
7
557
369
220
231
526
672
432
815
91
573
526
680
905
189
566
182
95
557
550
427
569
63
684
284
782
22
146
988
921
921
644
204
457
437
736
524
413
794
699
202
32
799
972
697
372
882
983
86
542
944
329
732
710
570
523
471
738
0
53
365
454
80
736
841
226
167
743
897
159
344
947
119
191
810
818
684
480
563
276
960
413
259
993
255
330
923
562
565
337
980
938
666
750
436
545
985
227
476
662
698
697
213
85
367
932
616
292
452
697
620
542
631
710
954
371
31
334
325
277
314
265
678
414
782
380
443
491
256
497
631
55
251
366
669
205
529
50
774
535
301
586
866
20
840
391
907
793
882
256
317
727
153
428
889
236
741
716
97
393
572
265
638
472
817
690
581
47
302
871
144
533
555
103
168
912
599
962
64
585
203
172
389
813
958
255
298
56
459
475
504
80
703
429
307
859
966
410
935
86
997
486
793
84
986
261
426
647
391
492
46
38
494
69
163
290
318
382
637
574
572
245
838
403
517
322
899
846
311
129
185
999
872
354
278
7
158
95
533
396
333
145
985
35
927
927
410
444
165
445
542
635
820
581
54
120
443
540
209
116
424
683
591
526
91
920
179
809
67
337
788
132
508
13
909
519
593
487
823
996
390
391
168
609
383
71
109
233
148
167
171
593
278
829
627
822
123
69
252
17
405
336
835
355
448
476
773
611
314
544
221
905
6
770
448
246
193
151
478
498
205
199
899
130
115
186
155
916
451
707
541
224
416
511
166
837
735
858
38
684
661
471
672
389
344
185
402
45
718
834
285
337
618
471
718
537
437
207
891
483
440
487
401
427
320
579
682
205
258
370
76
623
190
726
292
621
857
671
442
394
370
4
622
15
982
437
816
828
286
215
397
657
750
357
541
191
793
551
930
783
440
594
291
95
297
132
14
525
196
242
844
345
865
752
589
187
509
91
173
262
484
247
623
928
368
545
325
958
903
800
402
329
811
596
718
711
578
835
625
528
302
996
99
630
543
154
175
287
92
159
640
731
865
370
364
84
730
262
685
630
158
305
990
909
311
294
283
733
165
151
129
723
362
810
676
542
896
382
743
104
415
315
182
471
171
28
920
818
809
418
593
42
602
374
779
496
489
42
828
493
806
228
786
625
541
888
587
939
745
385
122
98
921
428
155
646
884
770
328
142
697
936
956
415
136
324
884
997
116
581
918
345
793
455
417
47
874
482
196
67
804
479
707
296
71
783
379
612
834
687
487
67
157
323
667
591
530
798
517
593
525
747
4
415
467
932
329
921
878
644
74
905
494
507
645
831
452
966
674
518
928
480
753
431
266
609
370
63
149
400
155
864
375
944
12
977
806
925
918
883
325
386
674
33
363
985
151
866
997
854
779
711
705
768
298
699
371
172
85
676
349
151
97
629
479
736
752
989
639
913
245
456
250
704
881
975
120
446
946
406
477
794
75
651
83
251
711
222
845
353
199
409
711
719
611
821
537
495
589
790
546
137
577
292
201
994
728
648
911
949
380
87
569
296
758
870
857
246
179
90
747
788
669
66
837
122
118
532
224
225
639
176
492
515
206
477
535
515
62
102
285
442
80
425
956
915
816
732
455
180
266
516
450
41
291
115
29
863
772
573
769
921
33
71
375
243
640
69
952
137
653
615
271
754
275
823
483
943
276
817
688
466
401
175
301
500
69
192
481
111
979
29
895
37
201
736
624
563
660
529
671
646
554
126
79
208
303
38
105
591
791
474
106
923
827
880
657
513
118
166
879
144
711
967
478
15
617
517
932
594
805
212
257
583
617
319
763
153
442
273
891
792
845
49
456
987
972
107
770
772
908
455
513
726
346
329
460
581
222
140
381
729
79
563
673
993
358
998
69
240
327
213
876
31
410
164
990
119
704
499
59
544
681
561
333
435
970
309
522
449
67
832
200
390
327
618
804
638
117
863
843
26
283
38
153
142
762
494
472
642
820
285
224
675
738
607
93
302
706
119
382
440
166
749
130
645
288
852
333
899
321
639
864
266
545
79
574
554
392
539
954
489
179
21
574
487
970
685
807
320
935
636
788
830
625
479
597
592
806
214
497
132
399
24
343
292
909
221
94
327
249
72
920
263
905
190
193
698
775
103
813
687
659
16
128
527
633
547
159
206
237
868
363
596
499
576
102
381
107
420
862
857
609
807
366
432
643
485
788
230
755
770
557
159
164
271
396
951
786
403
210
576
10
937
56
257
392
706
752
88
848
375
225
212
276
350
416
265
876
590
451
688
971
144
410
530
6
148
295
146
264
197
260
860
808
370
619
502
652
794
376
857
271
787
499
540
765
584
538
301
248
700
436
548
163
439
663
951
699
508
51
428
182
308
360
982
187
43
937
734
305
532
700
909
84
188
881
460
170
464
464
441
707
844
616
838
223
850
682
887
801
187
244
24
369
196
561
33
56
871
773
127
300
733
455
272
115
230
471
10
61
261
767
176
2
642
917
890
346
757
350
688
867
636
7
308
501
905
773
545
474
443
276
355
377
719
589
204
825
140
272
552
258
360
785
422
832
697
407
396
25
588
439
742
974
236
167
202
718
455
343
939
189
491
658
847
523
368
433
431
601
874
361
724
695
6
395
496
113
358
961
16
888
835
681
692
356
918
66
647
191
19
506
658
621
714
874
496
304
843
193
749
479
13
85
584
606
124
241
410
306
997
528
641
451
271
944
382
555
95
425
832
933
391
932
778
47
189
57
400
954
36
264
273
56
777
545
969
5
252
919
886
501
841
552
789
941
354
520
673
902
675
898
239
557
601
704
544
582
440
610
724
518
239
410
119
951
842
64
403
182
164
402
346
408
607
995
662
979
802
924
40
530
437
201
649
160
516
698
487
198
262
633
120
399
633
11
372
928
739
687
690
845
279
580
850
263
459
528
106
866
810
994
119
594
147
977
66
285
772
694
180
411
452
363
783
787
892
95
131
680
537
794
882
528
370
587
769
692
472
545
747
299
902
253
259
74
430
311
950
582
110
824
50
242
341
956
207
660
726
330
961
689
624
628
279
553
879
345
11
525
595
634
158
781
154
930
367
622
45
670
856
17
900
867
350
734
351
143
435
615
418
632
897
169
603
337
988
645
291
603
973
646
535
488
503
314
379
835
600
339
794
683
422
616
692
477
427
28
715
81
846
976
116
605
967
948
351
182
335
152
707
974
802
865
314
591
778
736
755
597
809
764
594
697
307
103
224
305
445
710
512
941
910
314
16
597
328
852
296
15
771
134
354
972
631
84
685
538
315
176
480
404
127
925
600
341
762
252
758
3
281
538
800
456
349
667
882
717
151
399
41
207
283
138
124
123
118
98
175
725
990
433
325
508
605
715
313
106
512
649
113
127
586
83
600
685
632
45
687
743
777
440
567
514
12
657
101
189
726
471
498
893
286
358
46
185
47
672
153
413
34
131
781
322
549
990
43
793
691
813
713
480
377
356
181
742
307
863
481
584
833
520
371
814
121
634
407
47
250
338
771
737
722
742
47
998
709
326
527
160
90
950
302
4
419
965
696
972
690
968
173
663
403
544
413
947
930
210
868
923
321
421
668
235
293
6
825
648
934
727
165
741
185
662
129
759
868
465
948
730
382
496
267
325
976
579
661
889
236
298
370
791
168
827
952
895
535
22
865
948
397
749
252
948
84
615
54
846
256
604
949
188
803
434
193
968
725
509
599
787
524
270
132
768
772
570
162
536
884
283
370
662
597
900
534
466
247
838
393
267
305
176
790
341
797
523
90
443
430
883
95
550
662
753
69
315
809
125
479
578
240
89
872
58
202
937
976
363
830
247
999
796
429
299
252
66
303
535
514
554
53
440
192
725
391
232
299
378
225
721
179
418
238
372
695
701
233
896
693
26
132
814
42
611
664
520
386
678
63
2
885
80
521
696
415
357
305
831
425
283
59
673
809
868
132
544
203
49
358
627
242
619
623
790
976
317
349
947
509
950
456
327
927
819
867
0
503
385
17
138
268
976
200
57
742
611
293
48
289
915
884
128
451
659
585
164
548
567
376
513
1
110
149
67
725
910
1
827
253
910
50
157
558
782
814
837
686
499
972
513
459
248
159
666
123
350
823
692
978
467
886
309
866
705
940
762
882
941
431
309
381
0
210
467
541
978
705
106
500
90
518
679
351
474
483
349
288
687
101
754
206
895
994
59
211
507
567
472
313
820
768
946
714
66
500
697
484
647
219
946
101
665
184
38
248
303
909
14
851
139
344
137
300
349
264
664
840
113
35
921
720
535
88
255
481
376
51
907
798
232
867
356
20
391
756
657
26
545
905
567
619
685
50
351
217
251
989
174
191
102
188
160
747
626
307
655
742
895
957
637
73
851
466
545
871
709
191
253
697
861
778
878
10
970
752
342
735
540
140
196
362
136
846
210
484
305
990
774
212
611
812
570
953
466
958
135
647
762
125
502
786
192
684
175
28
741
405
266
268
363
482
67
270
256
861
739
352
232
949
217
584
375
221
751
336
67
803
841
235
863
386
304
711
333
268
5
751
179
343
665
139
14
722
825
894
836
13
71
508
827
35
987
534
639
845
528
188
705
35
755
973
651
681
175
782
959
773
748
357
623
753
277
680
120
457
184
575
80
882
177
275
814
428
912
577
168
518
697
495
887
861
602
850
416
288
406
66
924
195
816
218
486
366
916
207
156
802
63
773
815
871
350
457
77
357
4
318
126
621
318
191
835
602
512
222
330
210
946
759
702
555
349
404
508
492
736
109
32
889
471
283
86
250
99
378
860
369
244
137
196
758
26
391
848
840
259
156
862
746
287
193
227
744
528
477
68
621
157
812
455
275
782
974
256
821
537
450
631
740
3
677
431
740
890
427
258
667
63
897
912
942
241
228
758
71
452
305
562
366
185
922
93
267
591
330
986
318
7
413
179
323
709
719
186
885
890
496
829
310
151
360
307
216
668
341
843
211
638
869
707
804
430
66
38
590
134
866
887
423
607
864
130
993
335
907
378
908
646
24
573
933
599
990
499
285
683
206
77
505
712
245
203
145
129
432
6
542
8
483
756
813
647
398
409
779
883
44
122
780
529
729
957
917
331
815
493
785
579
997
730
827
744
717
861
578
974
16
193
682
496
209
908
940
432
691
301
236
887
527
103
3
913
741
699
89
287
399
621
664
112
213
37
936
473
416
262
322
825
391
923
996
386
935
20
16
273
251
208
969
71
768
325
667
208
298
130
309
344
289
974
630
669
58
10
497
456
851
465
559
237
591
728
64
266
378
663
205
101
458
487
285
373
754
886
289
42
628
206
6
681
417
613
719
400
240
453
301
720
610
954
980
984
342
204
898
141
142
290
255
671
756
991
52
215
882
905
546
173
805
739
783
271
813
317
271
699
836
194
37
909
544
879
101
276
175
723
823
286
190
857
394
852
766
962
931
105
827
584
312
531
754
86
317
332
279
875
730
347
520
397
23
291
186
633
605
333
350
681
795
369
999
119
313
544
970
182
861
317
26
247
424
770
736
73
915
206
316
746
91
372
810
458
734
735
403
983
801
121
319
954
593
163
652
48
714
575
734
869
94
569
787
931
573
532
105
665
494
728
7
375
528
25
669
445
743
420
9
930
238
850
230
482
861
223
802
865
47
932
301
133
499
872
250
472
629
221
211
162
89
247
221
581
123
895
941
290
709
702
941
129
118
821
200
525
724
457
205
526
654
268
659
416
224
270
738
801
611
795
785
616
432
326
354
841
913
499
982
781
477
121
182
926
302
86
695
527
897
661
249
730
913
555
852
660
503
816
552
795
514
216
304
7
8
793
737
702
798
398
412
50
114
562
590
765
402
577
801
821
24
240
113
258
141
901
693
347
439
129
207
385
200
65
138
228
116
716
71
681
575
583
348
397
576
204
50
171
982
929
57
177
158
5
570
585
222
461
328
675
137
437
468
168
535
570
492
361
288
948
632
462
206
665
417
442
908
923
445
675
38
308
251
256
870
752
119
716
24
865
915
495
883
904
419
867
549
495
19
995
785
779
207
352
736
151
126
837
953
188
276
738
638
220
603
551
341
214
62
590
31
603
441
546
912
847
32
407
540
339
922
15
611
408
401
915
552
726
313
195
476
162
51
964
193
262
718
464
6
490
960
708
55
656
894
946
509
773
534
487
737
211
445
71
608
28
722
748
660
418
534
926
920
785
910
660
541
517
534
704
13
560
988
849
923
547
398
18
413
718
697
416
376
547
384
56
671
37
573
727
119
14
351
651
393
821
24
527
597
55
385
108
535
628
604
786
841
338
990
254
605
111
503
741
29
559
799
327
433
46
551
511
956
311
345
519
588
939
285
856
580
542
698
70
295
731
341
146
835
287
192
634
696
875
314
139
892
531
343
446
268
171
292
112
785
130
593
388
164
406
67
859
407
919
525
652
954
992
290
86
359
215
570
890
995
358
727
917
81
842
842
627
340
785
751
480
72
992
402
927
182
946
972
102
58
229
54
512
59
87
216
186
199
422
447
186
176
260
281
256
479
841
742
40
379
427
853
272
750
280
520
629
53
548
661
354
410
398
129
704
799
356
779
729
24
768
11
629
94
978
789
768
948
740
150
419
752
293
329
879
367
397
895
32
317
559
497
22
281
996
347
942
25
828
454
743
998
496
642
609
670
3
343
256
546
415
558
287
716
827
113
214
407
762
75
574
107
679
253
635
819
180
974
144
373
130
735
425
733
91
624
665
342
387
882
628
599
877
650
831
629
242
567
300
730
524
696
881
434
872
413
48
230
506
336
441
8
131
79
83
793
653
434
313
994
207
923
65
181
299
783
185
679
789
439
899
68
279
499
103
111
727
180
974
301
322
724
756
813
297
37
0
462
418
538
686
677
850
70
451
801
709
127
384
404
664
134
655
937
918
710
386
901
423
903
420
572
223
534
807
264
546
171
988
192
501
702
602
883
896
390
245
855
943
504
751
739
16
464
53
365
599
791
280
432
500
34
156
246
198
114
829
934
161
693
933
75
675
449
458
840
525
648
916
219
269
397
20
181
768
73
984
979
724
489
44
325
195
376
378
209
595
133
210
379
499
481
652
698
184
455
714
122
870
272
387
913
506
306
98
920
716
340
29
561
994
720
825
856
967
646
67
967
906
937
961
177
115
681
295
859
776
620
326
330
838
769
879
69
931
875
237
16
792
550
344
361
284
57
453
835
132
136
691
109
487
156
96
783
269
833
234
472
535
533
186
582
585
640
947
451
324
524
481
304
25
482
852
73
128
926
443
492
222
337
741
95
389
697
786
630
965
919
768
398
520
276
619
529
108
977
604
686
337
282
642
236
298
901
677
139
136
293
862
159
674
910
669
41
537
100
779
412
16
453
518
593
616
151
715
528
833
503
709
164
933
935
259
681
991
891
896
196
913
233
820
255
427
778
64
359
663
473
303
852
528
103
568
285
891
905
431
238
686
767
147
415
574
737
906
194
309
976
585
152
23
990
512
432
853
995
170
573
67
133
874
459
884
651
705
590
645
486
636
183
743
420
737
629
822
75
306
179
118
71
707
563
334
336
486
479
708
363
998
751
416
642
832
964
725
43
469
280
138
938
804
224
414
892
708
648
274
585
151
57
256
996
723
889
473
411
762
159
597
606
81
225
611
742
301
444
497
627
537
343
709
169
20
509
929
256
480
157
573
695
845
559
343
581
260
46
69
699
280
628
275
945
814
534
168
676
413
294
995
720
616
975
355
584
273
928
284
391
192
184
677
666
777
794
765
972
987
837
934
765
852
787
3
440
554
404
947
816
252
902
295
574
271
379
920
569
221
296
785
435
192
253
92
780
389
549
288
430
251
332
144
604
386
96
791
279
840
181
936
334
582
401
978
513
74
1
631
274
334
190
774
129
29
504
959
315
966
141
716
198
793
229
767
52
558
493
757
369
21
735
266
170
719
522
207
820
628
195
606
758
254
416
694
109
403
405
977
306
456
965
419
745
888
654
78
921
924
321
960
43
468
500
214
641
356
902
754
260
106
759
103
321
707
481
581
594
917
895
8
869
343
297
147
731
789
457
18
247
776
341
349
64
138
409
560
749
231
416
47
236
231
895
583
208
463
390
496
997
976
252
870
544
927
334
527
343
595
187
359
394
918
527
487
45
370
618
580
844
533
205
291
826
255
96
34
893
88
106
834
313
463
902
224
727
709
887
259
122
311
160
888
31
354
538
906
462
681
691
621
273
666
79
777
672
144
870
283
342
673
570
583
619
46
907
298
943
587
728
948
336
37
364
123
480
600
315
722
79
147
360
736
272
747
565
861
938
747
621
344
197
181
905
51
535
859
333
288
387
814
422
381
12
456
3
274
907
853
365
579
27
779
797
361
21
706
80
724
477
78
321
739
296
434
419
835
664
559
353
957
606
59
917
986
411
996
337
98
211
963
517
858
351
605
517
348
525
236
998
16
813
741
798
457
874
867
685
74
652
889
531
23
678
572
680
847
97
878
290
759
588
143
310
619
982
814
982
341
658
174
251
15
821
404
111
589
464
4
930
540
452
731
887
976
350
118
427
249
969
170
873
756
507
533
612
104
405
178
754
911
42
538
162
181
691
317
490
357
116
929
751
606
519
777
153
988
979
62
802
203
784
987
620
335
698
810
820
519
696
188
783
391
80
366
607
925
632
287
409
299
259
61
783
155
719
704
341
17
951
158
762
545
578
630
589
138
511
48
873
235
490
897
295
1
528
380
735
506
467
444
530
316
826
230
750
967
353
187
319
577
328
860
95
88
42
158
274
570
684
460
320
568
144
100
631
785
822
866
901
827
494
768
127
228
252
159
121
454
312
599
699
777
840
970
699
747
341
87
725
179
783
571
492
467
950
466
763
787
342
138
237
473
110
192
85
422
269
28
139
109
873
728
916
21
701
222
301
726
991
807
99
800
995
951
729
934
471
190
975
90
733
50
772
370
62
432
977
80
809
673
705
711
448
233
144
857
362
443
678
269
771
127
200
950
405
766
604
719
712
117
879
43
453
909
773
33
875
235
53
780
700
562
502
896
672
126
225
368
308
292
628
989
406
486
960
881
815
282
9
978
517
34
423
346
500
670
533
666
433
709
437
799
531
427
102
429
230
396
556
840
109
407
923
945
627
406
159
925
750
601
242
610
505
618
995
82
949
195
79
738
731
475
359
917
192
600
430
593
534
79
341
19
147
351
38
949
599
779
617
390
415
294
501
811
369
664
279
153
908
943
32
876
86
321
694
489
649
61
258
584
435
754
329
525
888
271
601
382
78
650
961
687
717
556
478
353
281
433
150
409
813
157
795
596
158
74
14
456
793
262
484
318
386
82
386
172
370
957
608
879
44
814
237
13
68
681
656
192
252
296
214
79
781
955
372
871
430
51
722
838
468
832
378
944
447
594
444
650
940
284
528
124
956
332
496
964
672
687
367
525
199
722
785
767
374
12
280
839
155
311
48
703
470
165
840
417
629
103
397
836
314
672
301
921
427
744
45
520
870
924
248
155
310
267
332
516
414
580
194
754
217
67
994
215
588
618
569
133
33
548
8
590
489
45
802
19
36
957
401
276
152
771
750
87
524
678
83
564
792
567
471
844
51
434
37
81
504
699
665
977
78
110
665
100
499
966
331
269
452
79
825
326
180
424
461
835
670
583
314
209
456
649
274
351
262
929
910
210
336
29
133
719
290
872
907
498
966
1
621
667
287
91
447
384
636
782
74
669
840
180
693
504
682
741
111
721
390
531
463
710
199
834
760
485
359
695
500
75
668
529
275
658
721
941
632
694
270
603
752
864
997
798
8
692
699
449
331
141
742
269
157
265
649
47
550
567
1
286
518
588
499
266
561
205
861
888
632
758
181
570
76
185
714
179
655
483
893
576
489
528
27
74
867
206
450
217
996
767
373
834
390
289
318
296
564
720
56
977
123
19
294
927
753
379
138
327
46
647
838
374
102
277
625
31
727
91
679
610
142
635
111
839
840
101
666
455
407
575
461
347
444
672
963
270
428
474
443
421
944
693
489
688
493
216
731
264
284
434
338
967
782
815
227
448
304
990
81
635
7
655
801
83
201
602
346
67
200
290
447
146
611
809
498
592
914
749
606
32
454
360
17
669
570
509
92
809
730
358
393
329
599
251
976
196
84
324
29
930
889
496
890
593
225
694
757
635
170
72
397
579
272
240
814
86
86
251
167
167
258
234
204
499
924
703
381
795
59
412
18
855
420
711
9
583
528
498
758
165
696
526
958
967
496
360
607
704
741
132
815
158
748
302
240
694
353
271
613
739
248
868
20
622
132
507
112
687
274
399
722
610
961
906
939
117
464
570
472
478
19
988
330
481
204
309
112
430
378
400
828
185
705
393
640
571
733
104
331
246
612
2
355
902
24
841
640
499
53
211
555
907
717
104
577
252
381
28
480
279
228
85
653
560
120
7
504
834
716
315
909
920
794
966
919
390
137
846
674
317
483
135
757
997
278
219
859
381
773
240
229
950
898
818
701
781
178
690
889
71
469
239
851
344
528
689
33
356
545
205
733
94
974
289
563
926
203
241
850
733
718
154
201
109
16
172
168
900
387
493
168
351
443
392
328
562
778
853
85
677
747
402
933
659
314
351
216
428
719
782
883
570
877
89
898
329
475
942
497
992
607
782
624
604
834
107
449
971
612
807
271
733
316
281
557
927
755
971
511
410
526
343
833
824
735
815
619
959
487
708
541
477
410
15
925
931
502
899
858
39
89
347
460
697
991
855
322
679
341
130
231
820
861
503
993
995
390
346
32
801
463
251
856
384
191
236
667
648
756
460
678
73
255
716
814
187
48
263
39
246
508
583
777
685
55
634
31
373
143
564
893
148
207
253
717
989
4
347
630
608
896
322
530
989
352
736
3
361
636
86
561
137
651
992
330
283
289
269
807
869
974
345
318
269
155
400
921
399
788
670
403
725
636
146
314
200
314
385
166
493
159
918
68
811
192
271
927
481
598
763
276
285
911
951
376
766
56
56
896
923
490
826
68
188
871
327
754
430
415
908
467
573
923
781
227
505
141
385
922
803
90
896
26
441
421
776
877
581
754
391
893
860
771
675
151
354
306
525
893
186
204
629
702
163
950
254
164
967
463
418
625
77
346
952
479
30
638
729
195
156
819
155
605
63
300
733
791
785
867
921
591
401
245
511
491
741
748
94
648
664
347
621
367
915
969
736
13
87
773
390
405
769
474
127
508
343
687
603
176
631
606
982
142
894
838
79
935
653
488
632
526
664
323
152
392
201
212
827
888
665
493
427
679
503
280
216
221
889
553
531
982
790
262
72
716
302
443
322
148
441
742
80
936
156
780
725
129
579
566
661
374
952
771
923
653
497
387
0
653
568
694
967
590
68
223
107
453
716
952
65
152
948
547
602
122
768
138
777
36
597
723
203
553
463
764
372
524
141
287
805
511
905
82
667
714
171
302
756
863
253
497
227
510
161
746
123
410
879
472
431
135
147
96
552
526
571
514
632
694
126
303
979
193
55
392
749
592
345
446
446
324
332
457
642
506
942
127
902
506
790
876
509
700
561
56
328
160
751
618
36
281
23
431
348
740
159
942
807
43
736
379
453
256
718
470
716
776
142
543
551
991
992
897
621
401
355
496
399
588
279
432
739
984
38
131
718
943
284
391
631
87
622
122
854
817
847
354
651
181
261
766
114
540
425
546
492
953
277
347
442
29
425
944
938
407
206
768
580
980
803
206
750
440
846
30
908
297
690
435
795
667
830
270
292
854
191
389
902
809
764
830
676
529
70
358
150
690
419
946
475
24
64
249
883
506
171
884
11
68
723
499
626
600
703
222
80
985
763
604
487
715
530
195
953
18
909
173
409
165
137
788
733
390
734
2
729
658
203
735
559
104
79
743
250
615
419
975
203
704
148
428
994
309
276
17
558
588
471
35
719
341
571
170
984
124
33
686
603
602
161
43
309
574
338
691
328
476
590
79
495
696
995
570
284
633
454
561
469
741
139
187
478
20
967
305
464
707
974
777
614
96
689
741
128
733
79
523
384
35
364
849
658
549
847
648
953
581
109
66
524
838
227
416
792
920
760
164
311
802
153
239
838
743
55
233
948
279
147
27
126
137
441
794
143
682
802
963
757
372
891
37
151
654
107
887
2
900
314
551
155
347
549
516
687
379
382
449
813
193
137
775
509
456
689
613
59
148
664
991
435
250
373
568
352
895
352
645
0
44
1
183
495
747
567
348
108
472
36
123
832
927
5
107
754
102
88
879
264
590
942
95
801
516
608
270
509
750
965
412
85
412
449
952
23
421
690
235
610
11
924
651
760
836
733
802
457
502
146
571
484
966
711
785
929
476
334
164
538
543
991
65
919
289
894
196
576
550
491
837
189
94
122
356
898
85
570
506
118
292
531
773
315
181
0
776
912
736
661
357
345
813
746
232
136
397
237
921
949
962
773
261
137
663
898
34
728
549
883
725
245
196
231
578
783
738
205
135
9
51
111
510
872
621
945
197
693
78
368
611
122
380
437
881
865
705
112
618
296
970
89
513
281
610
874
150
214
287
617
572
954
521
314
850
666
642
640
651
298
207
740
637
108
465
758
611
499
64
128
767
493
621
91
792
463
826
577
459
699
657
985
817
285
54
408
917
987
177
405
216
978
892
501
323
317
101
869
904
889
840
286
454
732
533
979
479
795
553
414
663
875
572
0
507
559
462
871
916
800
78
137
567
443
729
743
602
923
643
5
444
640
870
942
10
880
812
621
306
713
778
494
558
136
411
946
790
236
829
394
794
52
885
602
403
575
90
743
621
74
600
419
372
611
796
69
519
173
927
790
677
404
97
285
730
976
499
333
742
663
512
308
523
139
753
292
898
371
604
831
241
228
384
891
266
488
504
829
322
39
689
385
228
522
810
728
34
463
839
442
679
629
466
659
164
545
15
74
38
954
425
500
296
647
438
312
379
361
749
603
214
67
359
555
475
309
537
193
807
375
28
816
333
251
151
338
129
427
994
577
228
738
71
786
289
630
87
630
202
899
375
635
168
715
877
40
517
9
66
341
775
894
558
592
756
834
651
164
581
780
567
132
840
773
505
942
838
166
111
50
989
602
138
945
523
526
383
987
72
692
258
177
990
591
761
841
552
193
706
271
332
736
50
624
598
376
899
386
915
610
97
240
735
217
538
754
331
237
864
585
614
168
236
239
39
678
680
453
484
763
272
430
818
148
590
601
634
407
834
652
604
70
466
667
523
190
779
464
5
774
980
349
149
459
988
53
118
504
696
616
414
579
106
501
740
411
760
769
80
581
872
734
582
710
862
776
447
395
330
680
4
68
777
395
551
463
86
765
368
656
964
207
496
358
43
8
966
817
76
871
500
159
283
366
605
575
440
290
421
245
18
855
461
43
569
73
721
232
798
525
200
962
665
109
880
784
374
891
803
90
718
693
745
834
133
230
348
459
245
118
578
559
911
487
971
568
17
352
663
284
392
919
762
211
771
807
256
364
737
738
239
507
697
703
189
807
476
100
791
881
1
271
130
751
253
310
970
901
372
158
77
677
833
393
691
302
565
201
853
864
448
433
143
663
409
658
658
149
555
970
602
330
47
794
9
479
72
854
631
425
559
935
879
672
595
21
239
415
332
990
747
934
589
452
246
658
988
810
582
39
623
358
10
460
764
114
371
140
84
821
509
733
190
319
993
617
188
81
448
778
204
98
150
507
605
111
920
521
444
626
427
864
554
355
787
834
659
828
876
898
550
69
897
127
708
936
847
596
719
752
4
748
824
794
778
682
997
758
738
327
853
943
926
229
482
788
480
792
354
835
496
364
201
468
870
482
302
905
252
476
56
485
479
319
117
18
786
545
760
85
343
40
685
556
667
978
281
847
717
475
355
444
435
416
120
773
448
386
224
676
806
550
387
694
548
418
223
701
492
306
98
568
940
992
926
781
934
538
21
807
502
125
194
122
464
416
754
491
860
955
61
117
743
982
781
918
367
374
242
832
363
138
711
379
796
252
892
808
675
59
969
520
65
500
356
738
613
169
976
596
509
26
10
889
837
960
272
849
45
313
145
30
90
925
59
594
419
167
597
958
790
383
857
598
287
92
805
816
436
871
775
515
640
450
267
460
986
727
234
131
905
190
848
108
230
462
610
593
286
909
35
861
771
59
650
932
214
680
769
559
883
365
347
27
168
232
955
473
907
953
46
296
920
385
933
493
924
171
361
221
409
379
498
121
661
242
734
744
617
236
659
835
980
176
617
34
802
526
639
940
516
400
400
787
693
543
97
286
998
958
339
8
990
571
399
598
498
338
563
205
213
396
359
57
340
900
60
523
33
18
850
194
649
345
484
642
372
483
267
178
337
948
619
119
35
307
710
782
644
661
195
759
957
508
299
245
23
77
304
874
121
807
18
775
590
111
463
608
594
137
501
358
577
953
199
879
228
607
83
192
441
416
460
370
509
433
777
282
161
71
329
251
79
138
57
910
879
128
707
809
170
965
428
278
234
512
803
130
876
945
473
558
803
935
481
946
890
622
134
653
350
781
795
89
574
582
307
932
984
862
622
17
753
156
188
53
160
735
769
365
183
47
389
516
191
174
895
563
80
600
693
313
506
956
435
618
778
951
541
100
196
334
811
596
946
249
488
135
854
296
414
277
362
909
811
79
825
528
432
49
161
73
971
451
728
96
755
713
264
129
851
955
281
396
654
519
633
840
5
97
386
239
119
596
0
61
326
563
453
962
826
368
579
95
956
86
686
309
401
954
68
337
777
964
681
699
467
52
867
6
583
911
406
402
295
8
453
365
123
875
943
992
855
589
882
261
931
743
62
239
400
721
152
146
554
924
497
377
310
464
915
918
201
228
664
764
434
531
438
392
477
315
75
390
309
18
409
496
205
481
710
817
548
858
114
392
955
134
374
704
547
455
166
532
96
748
74
480
628
387
871
930
929
104
173
151
903
740
340
339
974
945
920
32
89
306
566
839
135
327
730
533
999
197
599
300
703
516
937
67
465
91
35
600
547
406
680
17
169
967
280
410
850
899
217
816
827
947
647
628
299
890
386
708
789
566
466
67
699
968
418
928
214
918
350
365
695
856
650
310
728
143
496
321
876
409
397
597
591
370
457
290
963
972
826
600
545
463
428
340
680
723
647
909
269
602
284
325
536
755
285
147
750
569
457
581
208
58
496
674
72
787
897
85
515
993
262
166
239
138
600
395
362
2
261
188
652
450
994
996
43
354
694
147
809
255
558
241
876
88
414
372
665
922
34
666
246
36
745
642
619
260
171
53
236
40
319
738
542
697
980
111
867
402
290
812
988
174
555
721
906
991
3
735
96
819
513
4
625
537
969
296
857
930
464
285
859
466
323
939
791
229
652
889
701
894
971
808
307
387
301
489
238
276
571
927
336
803
137
55
687
669
409
876
214
134
923
199
258
563
948
291
475
585
273
790
37
379
678
332
114
40
607
734
654
835
145
120
14
412
974
519
781
556
620
409
29
102
601
263
662
680
117
453
791
337
852
851
302
820
839
620
509
123
877
907
75
919
859
621
356
491
453
857
799
353
880
756
138
556
510
682
179
213
924
863
269
936
75
371
565
606
185
123
961
734
924
132
356
237
331
603
680
957
625
752
96
641
807
457
41
54
884
883
333
396
515
379
635
860
594
18
150
229
578
7
600
295
552
486
675
712
991
70
413
716
71
552
789
383
94
332
126
982
905
102
295
140
368
677
220
760
707
764
228
348
973
194
600
384
100
732
773
381
577
482
718
806
970
734
570
424
681
136
773
938
625
375
821
959
469
507
76
152
165
982
732
231
509
441
692
519
684
634
502
287
990
98
602
789
110
101
234
511
868
155
219
116
871
683
165
713
647
687
943
576
121
443
370
227
560
663
8
558
692
780
801
107
26
387
498
486
176
25
42
433
171
311
650
82
135
389
689
447
754
383
25
236
813
71
778
20
912
122
768
347
105
167
403
900
993
321
219
686
507
942
14
385
690
161
824
143
902
2
998
805
346
116
751
168
965
879
775
509
139
140
584
633
647
54
608
167
87
568
682
112
548
649
353
636
293
348
800
270
255
116
935
70
867
357
915
832
332
782
293
418
803
106
429
627
705
637
83
975
720
220
113
855
766
629
696
477
71
54
790
461
278
681
577
247
385
437
643
176
446
248
338
344
629
416
346
847
619
289
441
929
479
528
622
177
206
350
7
177
78
905
590
695
88
852
152
131
479
559
26
941
848
937
984
771
733
457
179
832
146
501
485
24
394
713
188
824
622
889
889
811
756
714
237
743
897
58
119
591
275
384
804
377
109
878
227
174
407
19
916
498
753
157
588
993
196
947
551
90
733
409
675
800
471
493
261
411
116
62
11
838
327
236
557
745
993
58
576
854
151
608
881
889
572
973
738
72
336
242
340
482
268
490
265
788
785
349
44
846
493
940
728
852
769
758
234
393
577
129
731
446
888
29
894
928
592
986
659
776
667
977
37
148
330
904
926
650
727
143
877
764
344
648
353
559
139
436
893
965
576
528
712
459
912
982
223
389
152
23
714
341
874
222
136
619
192
776
87
254
397
488
84
745
298
855
779
985
882
616
308
618
211
129
426
248
545
510
25
27
33
688
772
709
199
747
296
829
932
765
200
574
487
97
893
313
951
956
498
46
234
935
498
290
461
898
686
18
169
530
407
598
606
402
204
505
295
949
169
925
577
59
596
211
217
249
253
568
737
579
793
499
71
301
883
930
915
367
312
501
850
502
685
210
651
119
607
239
422
183
287
711
300
910
768
803
999
587
582
546
255
104
805
571
445
93
539
959
416
938
979
364
169
830
671
723
221
757
897
603
936
935
22
351
968
275
471
538
869
514
342
3
906
912
402
763
432
52
142
851
376
601
860
707
171
870
633
445
592
536
773
152
200
639
146
233
202
125
831
731
70
459
776
167
888
518
867
623
779
846
481
908
576
944
766
879
506
793
920
860
318
898
24
115
364
988
336
97
140
905
746
987
96
370
360
210
557
734
341
450
700
215
62
788
699
689
567
380
595
876
622
244
605
721
734
503
150
538
51
731
85
321
60
5
357
730
706
40
243
549
835
864
518
203
475
585
117
74
568
85
737
291
721
442
33
25
331
945
292
260
359
635
943
803
330
382
906
400
2
109
937
902
946
358
220
373
195
309
763
262
472
614
538
210
268
920
229
916
650
412
424
879
824
733
326
882
56
297
548
33
36
5
464
365
846
712
107
947
18
622
489
489
641
316
577
285
699
595
901
872
79
429
880
263
186
573
398
595
810
843
109
718
557
5
302
830
619
41
936
383
309
270
33
136
944
339
210
623
890
159
646
472
424
824
110
656
33
519
484
217
827
760
882
398
176
591
775
46
820
414
677
421
982
419
258
454
800
430
336
85
117
120
875
712
495
848
767
446
674
319
20
88
200
347
983
668
665
104
286
160
846
42
719
387
179
152
445
55
23
714
632
243
857
699
577
365
776
417
543
940
775
889
376
164
420
672
344
475
668
356
591
112
708
802
514
595
38
696
576
55
990
306
527
900
96
730
83
26
113
496
74
976
22
897
975
378
452
180
48
736
581
672
638
331
436
809
186
562
925
177
446
979
28
851
639
630
952
74
429
211
820
952
68
772
834
492
450
76
172
131
821
487
904
134
24
739
119
900
642
76
515
902
444
78
875
784
837
867
908
496
964
380
877
727
384
788
455
900
335
89
799
440
802
435
466
668
609
255
828
350
16
421
924
363
245
356
784
94
69
968
544
174
659
714
842
302
284
366
401
582
90
402
514
407
770
978
822
492
876
352
445
148
887
760
349
883
110
250
638
288
907
585
889
210
558
872
77
251
683
956
277
127
125
173
137
141
714
38
824
780
621
68
743
969
426
27
152
516
378
179
938
915
883
297
73
702
690
154
818
618
336
475
654
417
759
293
808
574
791
244
900
502
553
126
253
538
623
208
411
585
45
643
48
586
889
862
446
416
763
533
910
950
216
207
375
9
633
454
378
709
91
872
318
832
883
442
964
506
72
715
497
110
540
838
771
666
240
770
98
74
860
604
317
244
224
588
54
780
185
605
507
983
227
957
626
380
295
404
352
958
258
874
990
783
931
337
432
647
934
74
795
242
849
947
603
351
442
414
158
132
931
956
769
447
947
696
389
344
370
345
868
490
697
247
462
400
332
303
43
300
733
817
964
242
862
55
891
300
675
352
347
719
977
386
638
714
863
717
673
374
920
972
894
857
865
255
941
549
805
52
567
813
931
493
850
200
248
482
202
318
879
991
882
775
474
384
774
963
395
120
484
468
779
937
735
904
806
350
656
586
98
93
273
648
50
288
967
471
707
698
452
530
578
191
741
378
335
108
727
583
995
149
241
637
513
293
318
762
892
704
697
331
765
341
181
838
927
823
776
602
434
27
348
299
823
563
762
258
94
865
163
113
234
39
204
76
630
507
749
219
895
993
374
644
957
688
358
261
974
326
898
687
801
175
79
302
380
369
132
725
139
515
46
414
62
35
297
879
709
71
336
768
154
396
130
833
811
986
257
993
579
241
712
833
989
452
64
543
676
483
71
366
369
902
118
546
625
693
469
57
338
782
429
229
243
750
857
70
877
680
434
277
522
979
38
28
377
789
92
688
50
726
647
504
188
143
541
872
81
889
562
830
202
202
998
885
484
859
903
864
551
21
828
814
807
809
496
235
665
230
407
168
236
373
480
217
433
705
743
580
800
227
374
690
848
801
863
661
675
606
457
129
716
653
20
23
878
775
466
772
50
636
165
585
540
918
103
28
411
993
426
259
211
206
812
248
849
863
846
48
250
933
753
502
224
709
46
93
770
809
561
618
111
610
561
968
799
123
335
52
286
961
56
465
854
215
240
822
232
646
613
187
414
906
661
475
872
159
541
707
593
338
992
305
773
828
328
968
329
921
75
119
983
759
645
825
13
210
38
23
361
692
456
937
11
66
256
13
47
329
94
150
941
511
82
557
31
55
421
485
574
252
409
392
730
582
14
191
748
755
291
551
793
540
117
455
837
808
142
286
153
71
869
201
52
788
933
282
217
150
261
188
418
504
180
971
713
499
55
33
431
45
281
10
579
947
478
465
384
690
747
891
243
987
901
593
312
685
156
780
920
413
572
401
713
136
473
996
786
713
932
168
161
109
878
92
140
52
71
330
96
178
547
297
961
139
555
962
846
294
468
711
848
272
717
55
583
905
618
319
929
628
296
99
336
527
317
841
639
563
989
174
113
213
211
658
917
627
706
823
290
954
775
351
643
68
638
195
904
87
757
792
169
0
792
619
967
31
690
229
872
20
716
98
934
271
782
164
918
117
791
580
824
590
347
944
887
420
392
656
303
782
276
419
742
2
447
87
929
273
257
701
124
539
368
850
461
348
23
265
21
255
414
910
676
366
714
118
216
932
138
891
466
217
101
364
877
21
75
672
723
880
38
251
70
285
388
185
8
631
916
271
288
548
987
177
474
302
714
46
217
760
822
911
