207
471
414
418
778
434
593
310
65
530
706
822
265
962
233
453
636
40
62
259
584
911
668
659
803
628
571
964
21
552
617
250
530
259
567
580
947
178
212
112
719
599
720
851
347
303
351
5
307
202
528
896
939
819
872
97
895
430
88
104
612
921
696
770
905
411
814
158
341
322
343
548
758
961
953
56
915
69
171
566
791
385
241
800
555
176
487
379
918
39
530
0
75
421
238
70
440
818
903
852
934
845
807
588
978
138
256
907
263
432
799
941
37
569
782
534
690
986
117
907
339
282
108
287
240
592
574
306
537
669
925
491
769
344
399
174
421
344
306
824
145
940
545
751
720
686
395
855
13
343
996
103
451
620
994
346
837
133
574
722
715
502
229
230
937
455
763
228
454
678
675
426
166
437
668
310
308
357
35
142
472
129
153
978
273
808
530
149
535
498
498
866
487
491
843
618
684
830
231
420
478
417
990
398
866
654
621
824
294
705
915
832
855
373
561
423
497
282
598
875
714
921
532
174
875
376
570
203
884
784
807
856
35
835
400
55
97
508
46
391
953
279
559
728
694
943
639
476
464
270
291
960
906
975
609
898
571
807
895
764
118
738
527
302
177
826
940
290
935
51
45
921
202
161
226
723
913
59
47
532
121
329
260
913
275
560
326
530
74
110
670
570
175
904
20
737
811
810
392
755
824
86
604
24
108
245
105
100
523
684
589
522
16
774
470
154
296
879
534
90
196
336
610
128
921
894
977
845
861
325
205
476
15
963
593
650
443
231
616
728
66
383
589
708
90
257
765
382
55
689
53
262
885
498
408
442
833
984
121
437
323
385
994
660
650
732
215
218
876
137
906
355
744
520
492
949
979
166
188
858
571
234
871
762
603
742
820
934
131
1
962
511
506
985
665
493
19
782
602
267
515
953
164
736
899
163
932
889
229
762
528
785
39
806
520
58
831
354
721
453
514
350
280
830
742
898
767
803
120
724
479
779
258
554
938
811
285
387
979
563
383
616
373
512
272
753
716
467
143
105
620
206
972
995
285
550
818
566
607
187
147
516
888
5
263
721
47
121
339
526
140
681
90
772
462
930
939
646
104
287
286
560
249
634
76
4
574
779
586
523
159
153
817
296
699
805
286
816
912
566
897
222
355
622
436
987
72
820
298
602
39
907
289
10
427
992
701
292
920
601
995
964
216
456
503
533
354
718
418
101
289
757
491
840
348
54
368
688
103
393
850
409
997
723
827
491
727
98
701
913
686
260
480
606
865
621
727
55
699
374
127
595
253
659
565
103
499
677
683
535
214
190
423
863
262
716
905
839
225
260
126
965
972
456
653
292
28
947
310
386
978
392
210
95
593
579
155
313
301
231
696
829
706
359
765
615
238
672
317
827
756
91
109
757
718
633
239
826
326
462
263
209
977
624
342
276
560
393
952
440
517
576
428
924
222
567
392
63
337
605
614
986
149
298
222
700
608
251
361
260
538
788
56
193
405
370
375
302
272
123
722
393
334
500
754
554
256
314
587
505
548
981
133
920
423
854
454
640
582
586
560
111
557
518
572
998
227
914
514
225
170
738
692
104
462
79
662
691
418
45
436
106
337
205
305
729
151
195
182
675
77
458
791
734
891
763
70
180
357
868
659
538
197
325
225
248
329
285
773
185
976
12
285
717
718
42
19
314
545
500
589
362
888
119
283
517
823
140
916
446
785
428
388
572
795
821
950
439
873
387
666
378
751
178
132
40
702
102
617
158
113
6
318
520
931
85
79
232
662
104
8
938
994
494
228
883
961
121
815
287
627
187
418
297
219
339
731
517
29
223
134
50
170
692
965
603
738
128
143
372
348
849
152
26
573
166
620
3
202
395
601
757
612
578
760
882
384
412
335
809
823
904
623
632
385
354
61
77
865
197
96
772
261
11
550
787
956
288
762
473
948
775
230
517
759
468
929
874
801
809
213
352
521
692
143
302
233
701
12
75
612
214
973
981
108
195
55
880
468
664
89
72
624
914
963
42
336
670
839
60
891
925
327
789
541
281
603
231
375
889
452
297
656
104
42
673
645
804
951
215
498
195
750
964
669
359
443
185
827
922
417
316
417
605
914
846
769
730
734
216
591
969
451
883
583
623
924
942
366
483
914
610
969
515
772
762
77
883
388
510
348
525
488
951
720
180
514
477
424
330
676
931
157
594
427
948
287
896
543
95
257
268
676
710
597
205
584
965
13
554
369
317
463
644
482
120
44
135
898
943
446
79
530
958
908
871
617
385
19
405
494
681
994
162
920
375
90
965
285
673
184
647
941
434
297
737
43
563
577
641
456
735
383
788
571
693
745
773
665
862
359
804
949
615
150
145
772
728
780
896
87
266
403
951
222
584
693
257
798
172
994
367
63
611
920
973
788
490
751
864
591
903
31
767
216
589
185
479
754
503
312
208
283
765
674
613
750
284
966
417
343
456
588
508
634
773
723
158
728
403
771
650
703
816
688
667
780
175
103
437
272
758
648
634
900
749
872
29
155
258
58
923
787
498
730
501
942
922
878
122
779
91
65
130
237
996
597
701
573
25
891
585
96
418
490
507
423
662
83
277
863
734
333
845
453
870
977
550
112
158
340
807
186
735
180
658
68
432
945
368
501
600
978
479
855
590
417
405
663
85
396
934
447
611
313
89
385
321
749
130
194
932
569
864
16
249
737
142
674
232
586
223
859
695
120
666
922
128
33
662
289
925
314
510
127
863
235
845
588
77
409
365
73
618
889
217
218
375
540
675
809
408
267
520
616
315
952
119
963
434
486
488
687
930
495
33
259
44
368
268
898
96
330
732
929
826
136
566
163
69
544
189
31
515
600
821
562
471
735
385
359
569
341
257
176
880
927
171
223
95
611
201
829
926
780
691
254
585
163
251
39
5
506
143
398
182
942
324
141
439
353
565
986
249
992
107
909
44
40
758
350
307
808
314
283
753
723
717
964
378
444
60
27
981
246
350
795
213
639
520
652
239
97
375
47
326
453
708
548
665
228
153
958
878
987
858
112
183
682
895
415
171
137
341
675
648
15
365
250
636
81
844
171
275
468
89
908
979
903
638
385
307
679
342
658
162
720
732
191
788
645
92
978
574
589
819
353
35
706
664
39
255
55
854
294
200
221
450
876
93
610
279
703
287
615
233
533
388
948
862
708
794
74
48
243
184
60
416
379
584
163
557
398
345
725
737
66
529
153
404
674
528
154
26
826
368
470
295
188
368
33
427
308
735
427
161
700
597
82
913
637
261
813
173
299
599
343
409
211
243
596
795
108
632
483
954
935
786
552
244
364
497
989
743
154
398
980
600
3
577
84
722
90
709
925
975
778
693
801
538
956
432
114
484
652
704
810
517
513
481
530
803
423
572
115
830
387
387
91
300
186
919
708
311
742
717
423
908
974
103
272
912
865
174
982
595
999
350
857
334
84
474
152
32
114
246
567
980
554
171
930
327
150
44
288
229
22
440
974
83
429
953
406
975
447
321
445
419
473
724
782
961
709
40
798
432
89
480
693
477
603
849
373
661
419
116
123
70
189
154
751
869
977
54
553
706
49
403
234
281
454
726
740
625
935
975
207
983
400
225
537
445
627
761
417
419
973
243
561
215
591
839
405
505
367
331
180
783
899
346
978
464
674
34
55
12
399
123
800
56
627
156
576
16
517
519
226
124
824
428
830
749
705
996
902
785
420
28
147
321
194
457
281
452
409
130
460
773
880
233
653
280
645
44
861
162
542
656
284
725
384
269
318
554
783
348
140
481
202
468
410
845
906
524
410
419
359
236
989
904
823
20
993
34
196
70
747
311
961
623
714
178
97
864
70
428
875
483
675
206
566
785
350
5
541
840
234
598
719
714
303
273
791
729
129
307
202
126
680
515
434
296
353
198
566
642
560
829
355
733
824
828
180
957
345
118
553
272
765
100
775
840
719
828
444
138
8
14
373
583
264
458
654
128
341
693
133
526
858
707
979
119
623
150
568
709
329
284
458
320
135
190
961
404
200
309
211
365
211
200
551
998
445
424
768
562
873
68
352
18
951
792
686
348
412
976
630
125
417
955
675
629
643
539
635
312
878
880
663
109
462
884
869
576
820
233
789
690
122
95
332
432
755
434
56
697
90
719
833
528
37
567
896
18
829
525
255
921
69
969
52
807
501
903
132
622
162
601
736
820
91
769
454
941
459
195
38
312
182
111
591
619
673
620
526
323
971
744
330
243
578
324
495
173
435
44
758
879
178
525
765
397
682
735
464
181
377
289
627
863
275
867
178
226
570
879
592
812
303
345
832
2
439
94
964
893
733
360
312
502
160
383
681
128
816
580
551
139
611
183
692
721
438
624
672
721
530
314
27
466
965
259
21
681
602
305
630
459
694
295
421
902
552
604
191
297
316
756
87
540
43
984
932
27
971
249
483
996
551
634
529
959
27
859
333
181
214
666
905
153
339
340
211
188
294
513
732
861
112
429
52
397
959
650
335
583
822
891
152
750
84
276
97
738
467
509
28
482
215
933
465
541
352
283
605
588
566
792
499
911
745
240
185
943
58
376
418
395
634
401
259
157
429
554
77
324
113
540
662
252
817
838
931
338
329
801
438
809
293
262
344
35
146
660
60
265
161
406
664
739
179
792
128
907
630
282
889
19
371
533
503
703
824
234
699
493
377
402
724
753
766
792
472
229
408
539
176
894
534
431
862
409
351
419
891
156
923
318
977
762
547
963
290
222
841
443
244
761
428
545
385
270
548
168
167
466
599
361
552
985
910
1
7
915
888
607
976
854
504
867
538
693
789
98
125
126
22
646
298
26
904
523
611
981
389
644
743
517
99
651
66
991
310
575
679
196
795
776
971
203
794
542
552
345
806
23
50
131
661
304
961
764
87
107
140
434
173
846
54
618
743
308
984
852
609
181
43
585
955
881
784
272
428
466
518
49
306
614
822
241
721
611
94
11
390
774
241
24
470
124
976
965
376
977
471
515
731
127
630
292
549
358
714
33
282
666
624
457
165
770
965
355
854
461
237
476
496
583
606
148
725
793
112
827
673
118
475
258
64
73
549
139
333
324
583
138
576
636
378
517
314
120
827
591
664
80
697
450
690
635
599
282
319
224
354
839
23
278
472
515
500
175
139
514
54
815
121
886
530
50
137
138
654
683
756
839
395
10
446
458
360
589
296
774
687
727
123
86
214
661
354
755
924
221
756
571
973
858
605
987
636
434
817
195
149
80
628
519
92
629
905
815
37
650
284
380
913
432
590
546
993
193
341
381
338
135
229
204
54
177
919
987
963
447
317
172
130
979
607
869
254
559
645
276
502
725
977
863
361
921
879
385
677
395
813
863
20
305
161
472
372
505
748
314
762
172
889
202
194
383
849
995
429
610
742
192
999
995
554
116
851
37
123
550
390
433
221
3
253
799
77
284
252
214
254
990
236
215
753
144
656
528
789
894
653
132
529
36
699
303
474
919
932
312
734
326
887
655
923
790
625
237
356
594
858
35
241
833
559
907
307
194
545
715
321
994
418
272
105
510
575
662
102
812
102
174
122
436
125
72
793
516
76
424
715
616
105
45
43
753
623
268
688
404
505
523
959
715
248
210
603
425
871
284
955
255
79
706
46
44
412
105
525
993
803
114
420
673
902
495
647
231
406
78
534
27
940
149
549
93
340
493
210
746
38
612
875
843
10
954
395
826
543
557
369
336
560
248
758
938
893
262
553
194
305
461
736
602
13
221
605
531
920
103
130
11
385
234
259
573
323
369
319
179
227
209
306
254
657
134
874
110
937
85
756
309
669
764
147
149
593
582
196
914
970
323
824
378
499
668
727
513
750
155
974
385
548
936
732
679
385
817
935
105
983
721
926
187
533
713
530
176
51
893
462
198
365
821
128
634
370
387
195
355
407
108
418
739
13
855
979
423
156
731
598
967
138
998
1
265
141
207
809
904
304
789
431
658
917
1
540
184
575
901
115
950
811
56
793
562
291
290
59
825
134
913
45
381
784
79
930
763
385
634
621
712
412
691
899
268
710
618
322
359
657
70
154
207
61
331
583
244
586
4
128
723
444
312
551
886
122
576
885
604
845
590
458
637
770
450
237
134
165
910
774
643
778
761
174
970
736
305
807
356
589
777
990
407
832
58
201
918
831
222
614
954
453
56
706
905
455
718
747
661
748
984
491
40
399
51
937
427
74
958
61
302
185
430
208
201
952
917
630
849
849
741
921
655
942
682
99
114
863
29
936
237
177
780
565
427
60
815
233
38
967
342
838
943
729
951
316
199
278
971
723
684
269
280
578
288
731
481
649
796
262
425
159
473
911
830
537
919
4
978
80
934
425
302
766
393
971
255
572
36
184
26
803
274
199
99
829
945
600
737
231
273
471
918
318
975
322
514
458
576
28
167
179
656
517
624
815
619
8
274
230
291
874
596
202
544
650
411
806
157
577
502
529
911
214
497
375
881
678
484
597
602
871
659
910
952
176
153
263
270
487
509
644
337
654
855
789
656
291
364
352
897
186
76
756
705
601
197
639
420
447
457
421
754
314
970
685
858
941
629
210
248
474
612
539
993
481
334
167
120
757
809
409
378
967
72
843
915
274
135
50
179
194
763
350
427
393
679
460
361
240
544
666
100
686
138
119
689
784
228
837
75
645
639
339
681
669
460
819
930
989
898
988
852
778
863
549
713
208
310
751
67
181
671
742
678
231
276
740
483
262
295
82
110
119
609
339
141
694
445
727
985
976
363
793
753
626
489
597
729
386
92
530
666
584
956
151
802
512
149
966
484
374
754
706
723
30
196
622
433
168
784
11
412
141
294
397
943
368
229
571
966
12
365
865
410
61
204
883
421
653
634
353
592
879
304
18
912
360
715
902
992
494
223
980
983
992
886
20
938
776
96
42
620
801
628
479
169
633
900
966
778
860
974
448
523
