167
103
326
955
690
394
334
778
510
982
219
414
46
271
804
503
21
79
431
968
540
888
32
537
293
914
424
173
92
165
185
909
270
308
397
695
393
726
775
575
235
386
401
935
822
782
668
534
432
932
710
811
258
754
510
413
558
468
619
561
819
736
122
686
238
70
86
920
398
802
474
815
153
136
42
459
205
370
240
110
718
208
538
718
334
597
320
214
132
611
707
121
419
978
969
346
106
106
46
754
332
818
428
847
790
164
418
301
590
687
195
875
563
648
718
477
879
454
3
986
688
745
845
97
838
471
226
293
304
258
919
714
543
873
40
106
828
194
470
121
837
889
482
337
858
823
941
859
574
793
834
795
689
124
563
902
858
290
840
211
450
580
766
427
228
653
163
694
752
694
216
596
399
587
720
548
864
321
141
516
721
554
778
838
993
423
962
604
82
952
495
800
869
955
335
690
542
695
193
6
654
892
310
481
926
378
538
120
121
906
209
661
747
932
830
103
262
405
191
253
563
453
28
687
821
315
558
698
377
86
989
453
681
129
362
244
313
473
467
905
217
718
245
889
720
716
323
794
442
669
796
104
712
716
91
286
445
512
248
855
473
252
260
537
431
215
833
498
97
149
888
714
715
225
452
197
93
197
788
315
505
64
182
350
309
138
887
528
947
743
183
518
971
846
417
540
906
20
936
166
68
706
364
409
884
736
820
844
221
396
78
902
161
19
418
781
206
667
509
8
265
203
824
258
634
663
248
268
15
579
433
581
820
131
380
560
288
254
728
242
820
917
820
871
348
427
258
769
904
370
696
83
748
703
880
768
642
588
951
307
170
969
474
314
272
741
636
540
883
246
284
156
478
891
707
162
47
131
228
868
637
740
548
654
15
945
553
579
704
465
87
262
590
112
429
754
425
468
871
2
217
702
476
981
712
187
471
314
590
279
747
301
396
525
199
787
768
620
889
831
143
865
967
865
896
645
584
952
981
68
657
500
485
210
276
466
949
833
411
461
637
683
242
797
630
480
250
567
785
469
90
41
659
505
720
832
277
365
494
568
423
88
183
383
100
268
984
382
761
760
299
325
879
43
383
330
9
890
180
62
223
998
698
436
416
597
377
527
718
731
178
495
779
700
725
471
706
513
636
582
209
117
204
127
778
363
756
856
808
230
39
532
862
732
739
477
227
456
115
201
874
67
226
224
806
238
38
240
467
46
60
836
303
548
562
847
600
48
727
881
639
729
879
37
74
660
683
703
103
623
981
748
859
353
913
79
771
352
326
205
986
854
828
343
362
688
112
98
678
540
515
516
283
887
777
468
262
505
716
710
976
886
129
83
351
713
458
417
438
175
131
516
557
397
320
192
883
982
619
538
319
533
84
522
798
76
688
575
431
15
532
807
491
0
307
689
544
552
187
874
948
398
790
871
502
991
332
453
488
122
326
531
400
422
85
969
631
563
737
336
1
258
326
501
778
242
448
979
650
792
767
636
175
114
533
636
90
888
685
682
156
343
734
67
798
739
148
181
399
617
392
757
512
990
118
909
732
24
140
742
555
895
818
765
5
519
788
701
724
268
597
226
579
698
518
269
147
369
204
929
500
217
536
768
391
328
583
106
538
509
690
884
765
496
136
481
546
264
359
896
226
632
841
481
577
647
659
397
259
146
993
929
169
665
149
846
331
955
687
937
82
350
534
914
413
415
453
259
720
898
696
15
502
287
365
476
867
809
176
862
516
652
791
282
58
442
220
795
601
874
513
989
830
607
293
940
663
232
645
135
581
840
222
63
269
404
214
54
540
445
666
254
336
274
594
919
795
219
393
243
610
883
913
690
237
843
467
774
111
399
180
930
756
336
683
748
442
653
46
795
65
447
92
855
612
760
6
476
185
918
439
546
365
569
763
909
752
167
611
132
592
49
70
863
26
868
435
130
283
862
306
888
476
594
195
638
404
858
695
46
743
408
395
220
460
161
554
153
341
630
26
417
223
505
63
203
570
272
891
301
634
369
807
681
739
195
227
399
892
980
441
296
338
428
296
909
725
845
316
218
679
925
275
771
776
26
987
305
48
834
350
200
788
427
495
72
225
821
823
366
703
770
456
711
756
727
43
457
762
811
740
717
962
960
347
236
711
370
222
925
872
371
297
241
685
513
288
219
675
189
611
951
34
825
56
366
323
85
47
995
615
589
582
14
699
859
757
602
248
876
196
740
918
906
376
122
145
38
492
150
260
375
380
806
905
76
141
658
850
953
177
897
266
881
806
23
165
545
758
655
854
613
249
673
823
425
182
569
675
510
353
100
960
287
446
63
912
142
787
918
286
872
132
685
373
274
280
254
492
455
617
816
366
863
761
729
198
469
440
384
368
501
17
465
635
416
988
894
2
69
239
502
698
614
245
164
261
796
992
711
661
888
59
481
932
560
408
151
24
818
345
652
76
119
386
474
634
495
179
958
749
957
771
599
602
46
639
267
502
180
115
149
290
82
831
39
476
467
795
31
240
107
181
386
507
473
735
714
279
135
166
989
755
808
788
804
682
373
407
540
92
972
811
732
465
454
434
115
689
659
636
22
474
437
514
76
177
749
571
438
249
669
721
501
857
924
366
177
447
151
977
692
762
994
725
97
230
915
920
164
305
239
432
424
954
963
649
751
113
937
804
889
473
381
634
235
698
379
510
771
276
975
720
847
701
585
269
519
707
115
852
669
134
560
452
727
740
778
385
230
768
512
605
71
989
123
410
188
564
531
558
230
517
594
344
560
353
621
887
843
486
355
98
762
36
939
90
961
437
70
907
127
146
6
937
117
16
194
840
370
825
255
12
452
806
452
470
13
274
362
768
992
978
902
263
462
121
581
543
602
392
683
446
453
859
655
910
742
462
438
694
346
294
379
154
204
660
544
342
145
476
140
346
706
156
665
583
495
999
864
560
101
210
956
963
379
382
928
423
839
476
661
400
312
7
387
797
967
10
3
779
727
658
584
90
382
558
576
421
559
444
970
503
814
101
854
305
439
776
259
64
323
885
609
563
600
799
316
714
395
236
921
914
85
801
496
781
799
510
214
862
996
450
214
850
194
367
964
146
99
437
6
765
654
293
927
42
613
555
680
947
820
383
269
462
877
829
698
125
770
184
200
197
440
181
904
235
196
843
827
930
501
353
28
298
669
104
378
474
301
472
485
518
484
518
820
427
756
394
393
519
82
406
346
583
168
139
781
696
136
646
391
262
87
0
193
179
435
739
575
871
707
175
318
950
714
93
682
455
31
731
89
440
547
614
295
983
712
910
159
515
875
123
963
450
510
965
569
988
13
17
146
900
706
863
935
374
983
872
442
499
88
822
694
330
514
11
37
946
180
979
308
690
40
398
108
97
38
269
480
705
646
550
406
541
175
643
60
500
633
324
25
206
292
85
221
771
610
114
717
187
608
934
695
576
876
699
998
31
627
484
658
390
210
247
896
775
639
654
898
466
596
340
874
546
286
788
200
253
824
797
54
7
183
675
652
448
298
887
748
97
33
478
556
527
982
118
700
998
700
285
395
974
890
252
555
571
68
881
581
774
55
842
562
401
575
21
207
488
815
397
395
691
827
494
993
304
717
202
869
229
603
108
869
171
250
289
197
782
705
126
519
977
596
981
677
62
650
321
204
27
838
33
743
696
215
858
133
613
812
244
872
121
336
782
251
941
917
566
383
86
49
128
2
689
898
568
700
777
542
459
71
925
435
951
779
109
48
68
36
226
958
282
313
741
751
161
361
599
169
575
851
600
279
659
74
788
157
393
331
719
509
511
285
617
11
476
684
173
401
168
482
211
992
503
155
638
580
175
787
455
250
320
774
280
440
819
483
917
241
235
566
668
741
560
129
421
481
531
870
909
887
804
188
301
477
943
387
919
578
757
565
128
491
318
563
745
513
852
746
71
140
858
944
347
600
52
447
28
618
313
780
96
231
602
476
962
185
470
429
597
695
246
580
510
848
876
0
823
476
793
521
856
879
387
918
529
683
949
507
850
296
928
683
243
283
840
808
831
129
545
684
667
830
408
170
413
862
830
134
159
910
71
54
547
248
73
996
841
42
600
985
259
26
926
503
417
656
840
651
624
504
323
781
862
730
245
181
745
440
41
868
77
179
994
276
12
874
672
637
327
977
888
525
267
42
494
291
63
34
654
265
874
410
241
11
137
552
298
200
262
418
271
948
100
967
245
31
775
642
861
646
432
811
555
716
158
20
493
220
737
509
720
830
903
244
829
812
297
77
91
775
72
481
70
403
601
286
46
963
952
339
146
483
384
70
43
992
264
596
157
494
713
949
904
134
165
529
181
737
482
531
540
766
251
24
866
580
991
836
599
117
387
530
638
423
930
989
221
663
877
743
44
204
166
277
475
606
758
406
772
73
495
71
736
378
915
268
341
436
635
892
389
199
884
658
490
711
899
835
333
340
529
361
238
163
730
603
813
960
183
798
751
46
868
221
228
677
588
368
861
375
120
196
652
967
6
727
732
710
166
158
470
715
240
21
797
847
825
442
282
138
109
718
233
437
838
617
732
557
658
73
526
576
787
958
679
624
848
918
542
897
560
248
518
41
134
391
231
739
17
253
717
447
371
585
246
810
169
6
932
309
553
26
978
692
375
336
316
526
955
722
727
724
4
774
79
488
136
883
391
548
179
369
259
515
156
459
666
768
592
314
471
105
62
79
791
623
929
964
101
661
172
367
344
83
359
388
878
270
568
911
858
637
765
475
392
634
902
937
818
20
391
608
979
445
427
85
304
957
708
551
14
898
751
762
311
473
557
798
975
398
3
604
690
51
763
237
904
321
75
70
472
169
252
611
634
749
829
47
745
249
469
997
293
727
24
727
143
827
265
704
973
147
141
384
317
978
104
196
127
563
433
951
35
428
896
457
65
974
160
273
103
967
696
106
421
298
587
96
388
444
719
830
989
756
51
454
847
454
529
44
264
227
459
207
900
73
106
404
195
779
905
720
517
405
664
290
785
702
100
412
667
473
268
132
851
522
551
795
810
930
193
865
0
679
460
218
113
859
59
97
718
199
538
928
943
885
881
753
46
863
8
532
103
558
676
270
579
962
326
322
332
771
917
62
787
34
778
61
85
368
762
12
756
392
568
667
873
771
472
371
744
73
409
726
252
734
826
775
577
497
813
247
24
92
400
657
61
328
128
835
836
433
848
921
26
418
264
480
680
364
809
811
394
608
908
502
182
327
146
37
512
833
998
127
770
122
967
621
489
734
410
1
131
253
124
308
668
151
796
512
719
876
47
183
641
936
669
854
642
722
489
18
669
872
999
421
127
721
573
117
964
630
764
154
21
238
424
393
981
644
242
601
59
663
839
329
786
470
41
501
83
870
659
91
60
265
954
22
850
69
807
486
458
430
570
418
918
305
208
868
539
94
940
655
854
944
596
359
774
853
34
988
533
765
467
677
401
664
941
941
671
401
985
245
271
145
919
374
554
729
889
776
88
776
304
332
870
948
115
875
980
793
134
329
157
659
142
330
455
682
962
95
275
673
54
124
255
523
161
81
470
803
886
219
593
774
560
975
534
727
567
514
807
430
255
736
310
262
375
119
116
369
847
119
225
275
834
256
77
224
27
232
389
339
12
959
769
492
906
177
83
636
445
168
826
192
331
948
268
712
963
744
258
931
687
873
853
665
770
437
702
508
537
214
883
564
879
874
942
494
281
616
55
416
928
49
114
3
636
425
763
326
85
408
406
491
477
34
691
8
666
847
318
908
967
247
165
347
802
878
506
832
32
520
768
118
797
569
467
868
376
243
248
99
938
381
747
501
135
261
976
27
989
722
889
634
169
80
813
796
322
48
418
463
149
387
546
172
471
860
744
46
321
39
190
460
189
602
495
797
288
158
823
431
48
778
338
452
492
700
154
258
754
460
826
333
11
952
463
924
3
662
759
884
229
769
577
77
603
330
356
351
739
922
236
280
846
178
6
229
994
128
285
162
231
518
429
616
614
904
21
450
380
74
754
316
15
700
750
25
728
251
591
671
134
317
955
681
459
16
961
233
376
999
932
200
308
114
153
723
649
697
919
435
487
974
894
122
186
36
607
661
103
207
236
194
276
689
969
191
981
630
63
828
146
101
650
703
709
572
616
594
354
167
353
947
896
588
526
504
908
422
35
796
532
339
206
83
481
724
105
78
501
442
588
971
612
831
91
124
808
312
383
586
932
877
880
358
386
145
456
379
208
965
643
932
876
964
274
854
585
474
455
49
146
270
251
624
539
417
923
482
718
225
770
981
491
991
447
215
113
570
694
496
521
309
549
199
19
556
573
223
688
534
232
381
957
519
145
49
793
61
327
791
894
493
908
937
219
810
474
667
802
361
221
690
269
763
412
193
428
256
24
74
553
444
639
86
781
201
186
529
715
41
922
333
922
518
778
217
240
889
734
429
881
171
281
141
695
67
804
743
116
700
842
947
394
937
640
847
180
472
250
564
69
945
89
384
286
826
904
305
766
584
406
658
457
452
222
709
163
199
433
397
190
315
358
351
14
112
39
573
390
656
693
94
956
344
366
269
575
147
314
957
297
492
934
718
663
560
687
862
69
493
272
143
582
891
679
240
929
294
345
603
272
485
94
115
66
666
135
616
944
286
996
833
509
704
170
260
710
394
185
501
673
953
20
72
354
255
514
620
904
742
817
479
702
771
386
344
661
204
247
413
494
175
601
161
614
553
559
921
611
512
824
20
195
174
417
109
299
690
227
774
869
116
835
587
595
53
373
440
367
321
363
335
85
650
366
890
408
538
72
17
497
997
720
753
311
120
60
330
80
410
821
506
685
261
748
739
571
217
410
926
518
38
758
691
880
363
687
927
255
136
609
687
13
508
165
815
433
908
360
402
874
241
637
605
268
852
207
796
939
249
647
672
844
278
780
340
164
934
432
995
999
918
22
577
714
922
578
738
149
981
249
322
392
708
384
889
630
86
760
626
855
506
310
417
175
29
425
472
348
831
277
748
813
904
604
296
781
556
404
230
407
816
732
509
756
807
751
260
103
158
507
649
450
417
908
750
433
632
914
464
660
673
297
550
619
227
30
91
385
388
367
999
843
88
643
608
154
62
625
33
772
617
493
660
544
504
589
297
880
274
329
91
689
26
233
587
622
378
641
100
427
759
39
242
205
297
684
999
607
797
561
443
327
561
457
760
215
796
948
256
175
151
21
323
647
132
249
288
482
177
711
879
575
825
287
193
993
448
475
901
254
40
394
921
5
181
251
96
464
497
703
133
921
652
655
773
321
564
532
546
412
453
414
762
728
22
92
402
771
312
346
600
652
475
713
820
74
502
448
122
178
747
512
590
924
853
149
220
396
111
576
244
326
666
769
767
674
754
370
952
232
789
527
609
349
138
682
209
867
58
147
255
638
293
556
382
443
685
378
813
219
559
647
114
693
779
45
818
522
736
629
871
986
164
821
615
172
456
744
133
602
765
496
766
443
605
486
402
810
64
282
316
419
33
350
616
14
780
980
161
492
510
689
788
462
329
313
996
278
387
961
442
517
250
171
353
755
6
556
636
172
634
402
493
896
97
969
722
179
801
220
206
907
311
361
417
121
255
469
125
78
597
111
406
374
453
529
61
714
323
176
466
471
936
637
707
196
410
11
909
114
479
33
861
364
702
770
892
125
506
439
253
224
987
727
828
635
675
109
485
949
378
583
62
246
486
663
730
510
690
18
811
757
322
605
531
450
736
168
31
447
391
267
929
474
314
949
56
62
599
995
198
479
501
781
702
101
575
812
880
152
980
384
682
866
668
854
76
474
58
983
512
612
521
315
837
605
148
604
983
229
61
304
692
965
505
333
773
520
927
553
63
670
931
98
861
971
956
103
428
967
238
938
754
574
420
781
628
815
998
225
155
866
850
678
722
571
258
325
583
691
130
729
507
149
933
83
808
638
163
221
294
382
409
126
226
3
245
468
419
572
244
120
770
411
729
875
526
4
116
407
32
922
798
32
234
665
412
217
631
286
327
739
167
562
423
671
762
877
255
541
390
0
809
85
719
43
719
299
785
524
91
776
917
361
404
899
78
645
822
598
695
774
940
556
531
520
716
937
896
306
991
594
992
909
131
284
278
677
247
664
826
944
283
124
913
476
194
340
996
142
557
383
666
36
301
151
669
875
292
384
662
252
792
945
502
530
269
416
499
343
38
336
851
316
456
94
431
727
707
778
271
359
614
984
182
171
814
69
674
304
466
559
658
73
894
406
996
713
74
535
890
508
687
438
464
539
173
139
861
294
908
582
468
516
717
237
118
703
587
652
997
298
676
739
167
132
54
459
613
950
224
666
95
312
678
455
479
898
616
175
30
406
48
326
6
899
886
417
126
595
625
671
907
694
340
520
761
464
155
686
950
518
641
792
975
822
920
550
706
756
531
326
647
369
483
853
819
477
533
929
18
261
620
787
544
400
16
186
157
763
586
586
515
77
266
404
925
364
536
319
853
702
996
428
18
908
818
183
701
17
997
657
470
200
39
402
880
539
26
84
133
632
654
779
351
102
512
937
541
109
179
318
422
35
13
84
45
387
0
464
152
160
148
229
927
872
870
266
54
611
31
596
527
291
828
646
855
661
525
436
99
853
132
672
39
760
795
835
658
563
450
997
730
945
644
184
767
905
254
359
951
606
651
644
286
15
255
414
943
839
86
33
747
352
695
512
572
920
842
581
255
54
195
193
956
941
395
871
732
239
10
115
278
181
914
393
781
266
219
631
42
96
255
12
329
970
361
90
387
384
630
766
39
345
928
777
973
235
731
134
961
438
630
52
240
750
592
654
355
255
5
662
621
923
115
984
330
279
325
962
893
84
507
594
118
673
772
919
223
29
889
545
474
50
351
21
473
37
881
369
353
906
568
398
891
493
808
410
280
339
272
829
265
999
269
100
105
568
323
97
751
919
42
556
491
599
576
162
700
829
321
852
348
551
264
699
289
897
657
526
345
578
13
166
17
485
56
921
706
403
402
754
369
78
392
10
321
401
366
952
286
859
244
116
369
370
922
345
947
676
49
560
184
984
344
161
642
107
687
677
935
887
428
575
784
174
176
576
198
68
292
722
931
282
277
900
491
159
25
829
941
753
6
60
769
209
702
19
224
221
264
699
363
966
101
267
769
666
317
722
104
300
175
92
671
175
970
186
445
602
354
545
362
437
146
565
537
561
90
695
286
246
445
489
770
870
466
954
711
246
101
484
306
549
186
635
77
333
765
656
701
223
272
476
279
643
938
280
658
797
809
57
385
802
52
401
416
17
519
672
23
79
683
610
992
379
481
577
705
553
803
699
391
730
120
783
927
888
514
145
482
799
806
125
228
774
159
656
297
421
958
346
877
57
379
663
94
347
849
148
337
639
833
119
173
743
717
680
32
743
414
668
36
172
717
848
597
646
235
506
857
437
726
586
853
207
792
280
736
223
533
608
927
817
833
216
357
730
211
322
243
357
82
284
275
848
347
493
85
61
348
794
261
580
792
199
266
950
367
905
763
796
537
791
111
14
48
633
969
695
743
913
343
198
346
647
822
832
779
872
243
8
302
142
712
824
978
746
241
265
541
678
818
255
586
359
31
880
490
928
775
3
44
658
278
861
410
791
902
198
818
702
697
282
493
112
574
772
376
417
573
61
388
226
984
906
676
667
449
907
554
311
722
304
615
752
373
750
830
8
488
767
579
33
860
408
805
173
299
260
148
527
155
805
449
2
979
482
986
864
25
20
998
2
390
267
187
871
191
766
129
232
713
608
650
360
31
949
705
712
99
427
237
744
263
598
400
538
423
964
568
329
125
359
673
703
111
801
244
219
697
569
625
545
923
691
108
308
672
742
255
15
482
679
196
249
164
563
733
302
86
562
506
858
351
543
438
600
258
204
111
553
887
554
536
321
868
142
284
363
184
535
201
404
533
707
831
5
55
385
988
698
981
706
613
431
395
889
427
866
89
521
223
228
196
54
435
185
559
635
911
248
222
122
989
308
998
107
74
520
796
756
105
273
889
182
669
429
23
936
778
801
362
525
265
520
309
544
558
208
744
280
16
615
220
302
853
235
123
3
487
478
679
319
271
760
797
748
12
190
716
985
24
281
776
786
416
506
574
429
342
265
60
815
732
636
791
629
590
92
639
263
189
548
459
934
780
507
356
838
441
745
169
351
113
981
791
197
536
85
115
888
173
863
605
478
854
140
290
979
892
477
966
835
333
261
308
30
250
742
845
282
341
863
320
871
914
611
267
171
870
157
719
838
368
431
977
647
130
522
314
509
227
712
997
211
317
237
32
571
695
580
321
339
430
470
294
236
469
677
417
287
797
534
198
418
898
781
539
696
245
922
651
359
527
986
902
419
305
1
905
224
357
106
869
628
784
377
999
411
974
151
707
916
586
61
102
945
33
93
503
732
714
457
752
460
956
870
527
143
300
211
723
89
41
124
926
571
174
20
398
343
211
783
655
56
304
173
81
518
688
186
545
190
645
546
310
385
822
10
395
555
418
898
236
219
919
998
222
403
644
932
616
757
159
895
160
373
140
666
611
966
98
201
765
508
115
649
945
57
233
304
117
907
832
271
726
514
715
388
747
71
390
859
360
184
437
837
322
225
360
737
74
444
837
622
703
217
888
507
812
393
952
669
492
259
785
616
277
649
537
905
152
709
937
512
419
429
211
619
209
479
443
804
184
149
347
413
348
657
510
674
212
508
577
69
625
615
521
872
895
733
269
186
825
912
505
820
589
568
451
853
809
658
542
850
137
317
865
977
735
0
164
380
469
911
390
348
585
420
173
51
62
937
19
419
875
668
137
309
266
492
427
825
471
192
783
772
50
815
691
160
4
818
771
157
570
557
780
277
25
292
672
533
638
970
182
584
256
205
317
38
173
174
29
321
581
92
186
672
111
375
550
252
343
498
921
959
560
483
447
645
491
772
87
363
956
467
340
668
38
783
938
707
459
993
846
194
849
682
410
857
844
123
244
986
572
38
697
656
267
412
283
968
661
713
757
200
364
873
47
373
992
462
811
984
111
265
74
920
358
645
491
475
212
740
865
349
599
313
672
947
502
589
932
594
146
973
207
385
746
592
645
309
969
758
180
586
910
835
949
407
928
291
98
298
484
288
891
979
941
559
105
469
174
177
558
22
335
821
23
176
953
219
960
872
16
923
242
284
292
443
651
42
548
727
778
115
624
843
661
726
760
628
713
217
111
293
165
730
454
638
700
771
918
270
85
76
262
225
736
427
396
932
560
878
812
605
911
49
699
416
139
43
198
324
883
99
740
253
69
448
668
450
848
309
621
414
936
291
912
36
771
921
140
883
279
927
902
17
470
544
282
716
16
710
290
883
811
975
946
748
217
245
398
407
671
123
681
903
701
659
547
440
958
788
893
547
126
889
284
831
891
93
680
650
913
562
936
758
198
122
612
942
15
876
319
263
461
104
567
324
720
54
273
369
134
527
174
209
327
471
772
955
880
995
290
839
35
973
277
895
47
310
160
200
641
179
587
104
111
424
426
145
381
720
256
891
390
647
361
384
392
959
769
801
692
790
244
830
640
681
651
747
83
537
64
326
581
676
686
836
888
23
775
115
23
223
739
210
338
119
482
909
483
75
647
789
904
19
418
660
549
619
152
702
325
71
960
787
293
988
372
217
173
42
866
918
860
245
223
467
391
587
495
404
909
96
723
123
802
780
847
357
406
198
686
484
170
867
437
452
446
511
722
945
33
187
671
445
974
767
174
952
216
855
754
88
434
33
119
240
150
199
448
676
567
536
227
922
92
937
227
364
532
376
570
994
537
881
25
101
267
793
965
830
674
424
448
325
886
644
473
654
542
984
384
189
212
83
810
386
42
917
806
624
563
444
578
711
552
389
853
833
717
807
345
922
351
361
220
648
53
507
116
834
640
721
852
661
209
12
128
305
973
587
913
363
927
632
869
748
858
205
846
902
945
964
357
878
454
518
51
28
763
115
972
232
272
88
272
424
425
839
223
52
203
704
833
770
844
565
351
764
468
780
577
375
35
237
813
239
345
139
624
279
604
88
173
284
177
496
616
281
682
560
373
381
16
727
481
912
221
578
260
365
425
430
714
545
64
126
845
178
812
461
361
938
291
453
923
923
863
134
719
820
798
82
772
714
199
101
310
610
408
266
384
162
110
248
964
239
537
675
785
121
267
239
936
699
158
352
251
647
567
612
377
550
691
2
466
77
204
892
20
755
512
848
624
199
318
13
236
702
781
816
942
954
611
85
353
726
343
747
655
573
620
656
500
907
747
844
322
372
812
930
494
440
96
745
951
80
605
281
710
610
399
848
590
263
216
436
378
934
868
379
237
634
755
990
434
214
531
180
360
241
418
651
25
308
853
897
40
49
592
712
237
709
867
528
271
758
93
215
997
392
703
259
424
992
39
264
480
276
839
677
257
954
10
737
873
588
947
355
81
661
346
983
654
950
316
956
652
673
774
722
542
327
613
57
476
837
637
948
113
384
83
213
423
145
529
826
874
348
799
861
902
874
968
121
13
879
392
648
529
166
319
441
770
792
754
431
757
571
903
549
674
327
955
22
264
796
915
409
271
615
779
97
257
371
309
946
782
476
889
647
378
176
797
313
77
990
98
962
856
976
604
392
895
444
83
269
727
69
186
282
484
538
236
692
991
956
486
583
260
779
284
470
708
386
540
813
267
726
857
622
287
286
109
135
651
220
599
189
16
570
620
770
735
944
597
673
933
130
637
850
315
301
342
849
777
714
759
961
623
995
675
486
104
835
536
848
555
514
475
764
135
38
437
620
674
53
452
838
422
783
369
306
745
480
441
196
879
427
458
786
182
754
692
344
622
553
345
471
659
851
882
612
536
533
48
84
282
238
300
517
998
488
843
808
784
968
618
275
465
792
945
603
843
943
559
302
461
390
579
182
222
179
674
10
63
226
281
726
882
527
336
259
889
385
505
218
708
312
749
537
299
175
530
624
92
813
626
829
945
53
34
51
313
389
717
241
241
683
885
359
551
859
206
316
11
182
863
787
938
477
149
723
401
547
334
917
314
736
535
553
390
385
955
457
343
421
984
719
209
579
119
58
813
143
136
876
896
995
840
31
470
226
432
773
15
744
947
287
268
445
531
85
121
56
601
332
734
664
215
678
947
486
500
492
319
414
43
270
5
597
136
834
108
404
665
59
426
954
20
673
492
920
347
254
484
709
808
473
160
938
446
347
667
632
943
663
874
221
372
519
669
614
324
89
895
78
195
0
740
77
166
359
279
300
921
288
709
76
773
131
521
534
761
450
973
261
580
41
385
392
197
147
492
379
783
271
884
285
76
746
523
541
156
758
480
333
818
607
295
313
307
158
255
137
668
719
541
953
88
341
754
673
419
94
606
489
485
553
935
877
446
955
42
470
66
648
684
128
938
663
302
776
431
63
715
798
235
501
680
968
462
384
263
887
922
195
31
490
507
793
891
320
926
296
125
364
965
939
415
865
885
867
414
356
900
577
500
33
202
730
944
550
419
380
332
764
357
408
427
155
205
421
861
125
264
324
632
595
601
699
757
219
374
161
68
331
495
416
540
736
260
464
451
775
538
887
535
4
66
895
119
233
5
192
816
582
344
333
960
543
96
835
57
43
427
186
890
8
3
144
432
20
607
19
724
487
495
301
25
204
916
917
693
150
161
543
578
655
746
917
791
956
128
214
351
868
191
293
854
871
76
470
948
556
309
913
351
834
167
776
73
816
462
285
987
832
285
525
540
541
666
105
475
358
869
83
757
259
477
957
611
708
671
812
371
641
244
36
937
356
933
822
929
923
550
565
884
113
380
110
845
852
852
36
831
329
298
747
453
931
298
805
909
771
655
137
426
642
662
705
284
153
558
778
870
937
174
839
908
47
306
710
695
751
620
132
807
369
803
492
524
129
635
234
64
792
464
166
268
537
160
884
750
422
805
617
340
40
675
816
983
732
500
250
7
843
517
531
639
99
797
593
629
121
202
328
160
864
111
161
126
938
742
929
121
605
798
925
374
609
9
724
522
814
773
636
320
955
661
246
139
689
339
502
405
950
692
851
546
989
704
77
60
634
468
972
555
675
358
916
369
162
348
670
791
376
610
883
984
604
142
937
320
576
762
304
936
788
69
766
465
148
966
582
202
428
662
656
447
28
24
914
960
743
296
795
612
37
950
472
544
833
446
712
441
164
188
634
193
528
281
310
984
809
101
569
635
381
704
274
474
749
761
977
584
891
489
55
980
451
877
305
583
383
415
702
209
698
408
112
309
46
492
295
357
936
585
57
347
529
269
606
750
304
164
487
981
939
867
334
315
757
628
593
527
993
286
32
998
236
528
590
872
521
617
133
380
278
839
706
360
3
619
807
457
795
181
975
267
178
682
836
285
623
262
164
725
628
919
266
803
336
152
321
941
669
30
812
479
445
363
904
260
96
868
595
397
688
985
973
413
949
713
564
719
765
712
127
500
243
742
304
981
944
932
884
145
31
974
519
803
386
328
632
524
611
126
180
616
220
764
942
56
712
926
972
683
938
381
405
409
475
303
702
782
706
585
444
791
395
148
51
445
594
930
549
819
456
499
263
653
60
368
733
487
574
443
862
543
652
121
58
536
703
717
199
500
608
691
299
469
180
301
924
608
407
621
635
742
284
968
71
744
155
179
726
439
211
909
999
702
574
929
938
228
260
246
912
874
560
605
823
253
999
934
622
208
590
326
39
369
779
833
994
774
732
769
334
404
948
761
858
916
548
496
538
578
606
357
437
347
308
563
803
51
767
825
844
713
172
185
956
871
712
378
370
873
597
781
512
633
173
233
716
237
842
835
357
806
888
509
562
701
474
321
4
20
177
563
299
991
851
633
718
965
280
815
580
959
168
427
416
843
209
98
66
581
932
221
871
923
878
780
354
476
92
916
188
4
128
544
623
526
913
490
673
591
391
628
532
323
59
384
658
782
988
264
198
929
998
98
669
486
53
372
43
418
456
608
417
343
633
436
828
531
408
905
866
480
879
901
854
513
321
599
635
557
67
919
100
147
660
7
945
371
177
802
383
669
633
720
751
520
919
651
654
408
254
9
156
493
791
566
725
677
949
76
286
773
682
778
946
449
130
767
2
949
197
562
818
783
115
536
280
716
895
280
744
891
950
854
899
490
769
466
582
675
877
644
223
946
836
583
650
766
252
95
153
697
886
736
962
790
553
445
458
902
389
153
655
527
339
285
308
138
681
935
237
711
276
403
346
855
742
48
377
462
551
66
756
315
199
872
737
269
737
210
808
900
228
296
55
713
163
385
777
794
596
759
334
254
774
675
940
881
643
363
707
965
685
365
886
870
677
102
436
984
374
531
102
567
152
467
220
91
1
103
545
670
230
791
629
899
263
179
32
332
976
250
859
736
43
83
779
399
155
445
87
372
692
509
289
902
918
492
130
74
896
858
493
425
266
355
85
634
506
580
106
811
224
595
415
449
205
952
279
642
686
787
86
451
143
931
348
843
530
976
748
675
542
326
219
696
92
647
963
399
581
148
967
411
632
80
665
222
840
425
751
530
953
91
437
427
923
154
715
411
719
763
607
753
270
504
190
103
945
175
611
990
227
87
898
352
907
110
182
402
710
537
998
52
953
992
663
710
372
581
411
905
497
985
871
280
660
4
178
729
637
359
249
907
384
143
847
909
726
393
538
345
340
732
185
36
169
631
217
802
878
384
791
602
957
238
815
612
124
868
179
955
283
355
976
11
584
19
386
271
692
917
592
111
919
895
338
141
366
565
79
371
493
528
467
994
847
158
973
593
234
679
550
240
264
95
789
304
119
396
104
34
282
886
117
904
265
213
279
884
172
44
332
299
589
89
683
749
450
885
803
147
490
934
702
614
943
550
396
288
233
480
716
497
652
807
102
209
687
899
595
868
926
361
582
695
154
229
620
878
371
703
678
815
71
911
535
926
805
158
41
734
330
635
370
969
485
614
684
244
254
628
747
290
432
688
271
404
608
306
153
906
141
439
282
832
383
149
190
999
757
929
608
622
559
639
319
390
241
509
126
711
656
949
346
762
215
573
564
68
19
796
486
244
437
579
546
690
637
525
718
939
964
669
548
429
2
515
670
19
501
850
758
685
83
649
844
944
623
211
593
221
375
942
943
345
894
485
779
649
934
786
371
943
325
356
794
237
8
88
915
869
117
879
858
82
682
204
877
663
547
448
209
274
128
580
281
637
405
506
442
969
212
897
274
678
245
915
326
668
181
188
2
479
700
721
964
403
144
723
722
732
992
663
865
608
979
683
567
363
550
855
760
262
756
325
357
150
343
798
188
796
341
691
608
510
327
116
824
802
419
81
757
842
849
443
533
433
226
78
526
80
324
350
700
509
794
434
922
440
216
617
511
19
205
376
64
254
409
5
212
741
245
851
989
734
578
626
217
514
234
242
984
888
891
180
360
320
314
397
517
291
732
336
524
908
439
639
598
795
655
782
938
606
172
12
739
220
689
934
97
976
943
506
715
78
520
709
378
205
792
985
496
497
614
343
31
476
88
236
711
496
548
475
687
323
99
976
477
240
879
692
560
6
142
802
562
815
231
172
924
503
601
643
441
199
434
265
116
317
669
308
270
82
285
946
935
231
950
820
390
717
987
24
332
832
305
119
202
527
883
15
538
730
455
86
771
456
781
948
375
925
576
83
95
804
213
582
502
191
56
995
978
208
479
478
967
482
30
84
765
793
904
705
914
299
543
182
643
729
427
2
427
118
278
140
614
91
617
34
431
773
247
602
990
292
863
490
669
688
735
965
929
778
459
653
270
532
269
712
212
870
839
225
85
702
820
75
304
339
300
324
208
974
830
620
893
702
240
680
956
463
74
911
162
326
680
505
628
227
102
999
642
778
286
179
673
240
292
781
848
944
163
982
947
607
929
925
227
10
877
172
694
409
89
86
898
80
674
935
613
42
388
536
33
235
819
461
355
0
436
645
434
197
690
750
628
267
532
154
140
587
115
506
104
932
490
805
823
789
22
820
928
791
93
126
541
378
427
75
335
779
559
735
419
462
780
774
897
630
371
294
917
774
702
629
558
11
783
328
76
520
455
396
992
261
739
557
307
550
545
969
48
483
120
832
941
937
213
659
252
28
682
238
281
783
809
611
564
114
62
779
510
359
26
532
192
585
924
610
350
185
146
371
763
950
989
980
982
800
442
17
274
297
333
61
284
105
832
358
493
605
649
187
632
883
514
246
669
789
682
888
259
607
537
61
820
223
824
181
538
600
255
868
423
666
832
799
547
841
760
243
87
177
510
652
246
851
564
750
459
951
187
932
268
46
979
979
278
658
727
137
643
268
711
600
519
745
871
121
448
51
733
382
756
960
704
337
724
529
59
722
5
825
945
857
599
728
179
752
559
195
253
196
239
297
246
552
318
380
582
326
546
618
634
875
16
184
659
422
678
474
692
701
553
673
866
331
536
665
678
450
249
214
510
921
809
971
866
850
191
598
681
707
882
139
540
998
369
508
306
344
561
666
251
538
385
82
344
967
593
815
743
731
385
39
509
60
510
405
444
929
719
659
732
587
118
26
830
411
897
88
459
402
128
140
619
87
762
816
457
457
600
404
339
41
11
787
712
834
905
220
306
312
442
263
244
850
721
818
509
670
838
432
161
784
16
757
328
414
351
16
768
827
864
972
438
14
618
973
714
326
950
444
192
12
355
503
587
725
455
288
852
587
289
688
40
71
827
96
935
317
838
532
57
923
437
356
147
999
588
945
831
789
993
104
866
786
976
677
638
648
748
232
952
414
769
909
116
914
503
322
596
174
9
506
903
285
988
736
846
848
899
483
531
106
615
869
986
644
555
447
465
917
893
757
180
818
145
561
17
382
792
119
114
878
741
780
896
28
248
980
141
989
564
575
762
873
723
559
919
519
401
960
513
250
533
724
973
572
60
610
115
478
184
762
133
569
982
560
695
532
533
459
449
250
330
713
16
231
65
1
99
15
110
556
240
179
449
104
870
961
503
491
902
142
829
857
563
795
520
257
312
482
544
106
432
19
683
958
753
255
125
224
338
128
901
95
19
419
587
311
708
267
46
120
934
555
202
797
197
608
46
228
359
713
716
477
758
268
481
576
561
974
84
583
281
758
107
974
671
606
137
555
363
447
44
573
591
441
995
605
297
476
229
995
456
709
725
631
982
336
713
805
508
423
33
636
723
20
524
355
718
465
326
896
701
345
103
319
717
322
117
299
403
738
505
420
255
555
23
909
493
157
943
776
510
382
384
481
453
760
564
92
470
359
447
547
441
517
553
768
708
908
371
476
470
696
638
409
384
999
47
762
862
829
758
621
611
856
998
906
123
677
271
508
985
445
999
160
913
711
87
270
368
299
81
19
63
352
352
56
135
803
639
651
542
470
916
689
743
472
798
116
232
726
432
926
405
966
666
611
570
67
757
884
157
970
100
941
218
976
378
428
648
974
910
180
96
690
243
102
158
147
996
795
201
8
613
65
980
630
932
823
919
101
350
134
23
173
926
190
489
962
873
602
431
321
245
113
425
238
536
858
117
740
324
51
201
464
520
462
244
890
882
89
436
520
856
656
51
521
581
937
659
979
657
68
560
682
762
461
341
454
158
375
62
847
115
511
724
464
405
370
696
357
230
188
207
530
357
822
619
521
221
427
98
711
821
495
383
756
968
565
23
406
987
699
110
529
332
892
912
621
154
850
35
659
247
837
1
205
833
149
972
818
336
176
34
122
51
976
552
428
507
4
123
786
817
633
153
117
323
309
262
211
881
265
43
841
846
992
680
6
930
792
834
567
996
915
296
432
365
162
503
413
712
519
214
134
357
582
796
720
189
936
925
150
39
579
819
259
41
185
976
234
979
418
194
572
133
129
64
797
336
241
969
740
938
394
476
229
979
84
553
341
500
470
494
65
736
52
318
852
803
419
949
43
287
225
190
614
165
966
117
981
24
857
880
444
877
145
376
997
519
649
421
216
583
422
744
570
448
200
194
432
520
42
641
462
851
328
764
720
266
461
963
451
808
462
9
729
317
503
350
336
428
871
765
950
327
666
380
444
650
43
578
587
741
772
595
839
163
244
758
742
719
547
463
821
38
317
761
248
511
520
955
876
215
20
387
867
682
239
625
202
491
970
42
898
749
451
853
954
738
447
433
229
512
132
333
637
588
976
882
180
878
562
243
187
164
443
461
217
27
816
705
281
495
591
222
881
668
372
939
138
317
23
138
953
434
555
32
241
943
317
33
82
614
527
793
922
415
848
469
718
926
946
984
310
842
104
730
131
918
162
34
301
801
390
388
861
992
117
293
27
354
455
331
549
44
500
674
933
675
0
49
310
895
689
11
995
32
864
490
956
328
642
949
717
839
418
50
853
838
925
383
592
3
202
42
689
763
276
761
680
518
341
268
468
715
472
142
453
180
891
602
448
117
952
9
968
590
78
290
93
184
281
251
172
348
362
612
651
47
188
283
255
490
37
745
148
813
117
676
688
347
702
278
100
425
943
954
528
825
615
22
218
443
379
276
203
18
620
779
790
180
232
19
822
643
291
438
299
730
553
441
568
793
771
658
268
65
492
819
139
779
719
132
600
26
975
863
697
113
618
493
655
215
307
838
729
567
971
150
988
300
531
370
529
970
920
458
307
871
427
545
307
913
276
271
450
129
650
327
682
877
226
692
425
891
706
127
795
960
273
892
636
33
901
931
735
793
327
330
77
466
79
671
885
855
240
810
220
453
624
921
346
729
639
462
297
284
713
859
754
900
801
902
509
852
3
903
133
188
230
518
711
835
45
409
189
328
313
859
67
312
117
873
356
186
541
590
674
375
507
70
736
37
55
391
326
626
875
603
377
189
840
170
100
808
977
45
543
322
282
909
90
209
260
842
534
28
824
143
528
342
125
451
747
855
264
843
169
765
903
562
525
633
538
650
352
756
230
60
959
647
215
292
637
505
906
336
402
59
180
271
231
80
667
358
293
512
