473
533
748
779
116
724
111
732
300
621
106
175
251
621
744
437
229
468
178
179
922
65
940
39
282
720
316
910
600
219
302
255
361
395
355
608
662
745
889
163
268
837
467
452
269
154
824
74
304
428
25
95
251
343
116
686
208
413
462
240
462
707
437
763
390
490
60
184
558
461
703
807
395
563
62
41
511
723
791
698
858
655
156
225
588
615
99
13
696
282
220
693
685
147
365
588
230
366
298
384
929
382
688
798
645
268
656
859
884
966
529
641
232
937
430
116
442
764
167
504
397
76
499
649
385
277
130
246
772
948
601
499
547
206
903
626
286
795
244
894
145
893
962
915
878
335
67
69
856
932
145
843
635
278
165
472
815
455
120
966
644
87
461
943
279
530
487
705
666
629
6
165
569
37
13
509
304
356
911
535
275
898
456
475
406
396
200
445
187
763
106
687
393
403
987
14
289
190
693
278
836
189
523
29
201
570
663
554
491
741
527
240
14
537
943
962
194
842
119
837
504
422
717
844
241
349
358
316
182
462
85
621
778
111
342
706
612
632
220
709
137
973
526
170
294
231
841
198
243
62
159
931
58
836
317
395
927
800
778
887
618
606
619
947
711
264
403
615
759
915
336
108
31
49
193
473
6
230
835
394
533
897
323
132
343
473
613
679
703
873
875
912
208
338
890
354
599
803
55
881
534
991
942
587
546
676
226
746
563
923
953
514
212
25
599
204
864
737
27
229
901
435
542
742
661
221
23
320
22
205
388
828
819
544
580
124
716
562
727
761
777
874
198
562
252
921
95
766
379
784
841
415
461
731
38
147
204
637
318
288
608
97
112
867
541
106
700
388
987
64
523
586
115
703
968
295
689
374
232
687
380
865
652
523
627
940
720
748
482
148
427
558
2
251
447
323
158
288
899
840
593
753
515
256
341
982
961
83
791
459
261
731
350
914
64
643
491
370
734
45
746
672
218
518
630
600
443
183
730
168
940
715
316
881
122
80
532
139
174
332
978
653
490
398
278
229
216
69
337
770
454
89
41
931
646
524
121
891
146
548
743
220
949
737
110
861
100
141
124
914
683
861
390
534
132
259
528
832
674
972
201
975
355
45
738
658
556
125
463
17
767
118
718
58
392
470
517
841
405
197
688
527
859
842
375
261
669
62
374
269
496
876
991
845
394
108
250
194
824
987
996
613
999
153
357
420
50
118
595
871
834
713
741
397
140
55
794
164
867
109
663
961
911
362
287
201
590
131
148
533
150
4
780
883
452
880
776
559
495
894
286
174
246
600
630
282
56
232
793
359
986
506
197
424
818
24
885
327
939
310
109
904
897
323
572
736
772
600
954
231
426
664
649
879
733
780
808
200
635
538
145
2
820
993
772
846
951
908
317
770
293
465
377
254
991
92
286
271
930
548
120
136
520
338
879
40
259
514
662
893
659
432
591
34
191
296
705
783
624
193
931
486
216
735
235
85
154
835
255
989
955
626
45
262
781
303
798
893
301
509
13
67
523
909
629
387
422
449
664
319
386
707
596
319
161
924
111
208
854
837
492
53
322
291
630
621
237
771
873
904
198
74
352
303
238
887
784
679
806
248
36
234
89
750
146
490
563
22
226
722
649
748
983
460
595
566
230
352
364
178
12
376
618
61
44
29
817
962
317
156
466
379
377
635
192
926
274
883
667
383
984
569
229
190
294
428
26
197
962
109
501
81
538
766
30
18
380
633
384
312
54
742
206
604
749
472
621
104
401
156
564
20
316
591
112
238
363
644
996
933
765
159
126
106
585
576
285
908
781
407
302
222
153
816
702
455
945
171
146
326
449
620
610
960
843
882
380
256
980
13
524
369
148
529
689
51
428
10
451
503
778
274
400
209
368
870
735
761
395
90
140
558
87
964
113
728
912
580
181
896
731
630
270
438
563
648
851
959
479
894
628
289
456
296
379
300
921
477
707
486
415
31
446
915
336
650
933
176
584
306
929
866
574
248
791
880
533
8
927
898
926
867
845
36
251
12
16
443
926
488
265
466
184
463
918
897
694
986
931
619
422
456
730
459
767
969
857
818
638
750
194
0
325
682
585
357
910
505
286
546
941
308
250
288
323
622
422
348
7
23
46
86
599
666
397
533
428
900
571
42
83
620
593
957
952
681
564
55
293
421
8
293
553
228
188
829
483
848
275
65
293
909
99
165
270
956
334
278
968
334
422
201
232
374
342
149
291
788
971
511
389
346
425
224
85
948
682
285
949
681
625
946
278
128
813
555
728
873
833
425
38
2
376
182
320
626
365
805
42
254
769
33
930
925
86
552
463
161
40
747
957
557
187
573
996
310
800
981
600
783
65
170
844
917
435
107
488
651
164
680
265
235
946
368
575
914
403
759
482
671
186
148
613
784
7
437
269
736
48
511
643
153
891
326
701
290
878
740
43
293
605
826
284
632
938
593
769
21
643
643
537
816
725
227
540
525
623
6
268
148
329
828
117
170
491
527
220
205
434
471
989
715
405
471
543
888
406
863
795
706
236
671
410
786
236
573
756
194
192
36
876
877
40
801
272
583
517
787
319
851
677
278
788
715
936
395
111
519
425
784
450
397
816
599
560
641
20
94
457
313
622
603
443
400
256
930
259
349
588
988
497
263
2
341
321
767
17
419
486
250
271
454
393
906
220
944
183
224
776
154
112
87
884
960
508
520
518
922
544
558
142
728
830
685
629
986
675
748
390
329
113
60
492
317
933
500
755
60
667
379
915
492
965
849
343
941
35
545
68
150
812
935
621
914
290
330
91
615
131
687
465
275
788
418
109
43
601
641
659
897
864
406
444
865
859
689
555
496
971
224
640
994
506
444
78
894
129
50
87
224
448
722
463
244
420
311
101
18
882
19
110
426
762
175
244
708
303
548
84
988
314
321
749
193
70
281
172
993
703
928
477
963
108
970
236
824
203
648
137
358
547
799
801
323
677
471
585
226
724
966
382
285
739
174
904
72
485
218
765
741
728
24
345
266
91
834
547
475
574
791
419
588
257
330
232
920
85
716
198
559
150
995
148
311
794
325
604
546
571
34
611
296
904
630
256
393
274
520
25
249
690
779
185
296
896
998
503
237
790
801
760
262
547
238
755
159
363
882
493
245
979
655
819
717
859
383
765
893
44
695
403
967
737
246
726
590
283
152
185
270
508
755
297
332
460
829
687
959
338
8
7
98
322
611
537
840
517
999
532
298
494
355
74
543
17
980
359
937
622
276
339
432
11
829
759
429
328
403
748
949
211
339
767
768
99
732
808
973
490
401
394
324
348
895
413
367
852
369
103
918
918
470
961
358
279
596
805
349
496
547
398
196
466
392
408
481
763
284
366
280
670
177
682
894
185
921
174
234
976
402
234
952
943
946
279
163
396
746
0
103
555
10
800
560
59
82
438
634
877
400
885
118
773
779
504
445
274
371
587
684
855
338
620
420
652
67
72
717
86
678
339
783
675
973
239
501
642
238
901
342
526
125
474
1
324
700
864
388
698
682
774
81
567
694
98
446
913
759
490
824
714
834
122
91
668
726
951
952
707
983
530
995
242
813
32
751
533
392
151
393
813
210
339
262
779
305
335
146
740
568
999
902
386
538
161
997
243
530
844
779
698
649
704
866
516
621
789
931
29
514
520
6
505
855
216
221
686
832
511
947
774
228
428
396
875
234
93
481
435
821
761
924
987
81
491
90
848
456
763
449
776
630
183
671
967
77
615
316
838
214
766
430
526
445
196
567
586
271
208
237
593
539
227
942
707
298
960
981
899
444
407
45
843
713
1
273
814
224
725
446
782
159
833
718
373
320
469
418
985
221
745
443
73
160
310
629
908
905
810
256
825
372
653
772
64
22
273
16
759
900
790
327
545
472
419
376
210
993
721
361
845
670
561
87
302
311
262
941
819
969
629
886
957
243
121
824
853
977
891
463
873
349
62
819
125
340
200
872
798
252
173
904
891
88
350
839
796
574
55
994
188
182
765
324
779
815
862
719
548
759
395
524
462
822
136
751
381
184
973
713
640
813
117
131
493
159
995
53
841
624
212
120
316
253
231
606
544
586
561
876
970
843
518
168
58
909
682
669
533
631
877
505
922
712
36
375
353
894
220
501
878
264
242
300
877
873
870
751
480
130
86
619
516
434
799
98
322
12
30
347
489
997
796
857
256
201
160
342
297
457
278
533
625
339
845
481
29
567
150
228
582
521
737
160
341
15
746
268
761
680
568
900
165
599
166
40
95
884
747
14
531
933
276
486
966
406
241
667
766
466
332
657
223
700
605
999
904
447
603
699
724
790
646
252
61
216
144
832
411
804
922
50
353
989
546
119
552
707
217
150
157
22
203
986
526
751
464
549
195
700
959
162
839
464
626
399
477
925
829
893
631
31
240
982
921
894
60
354
964
375
890
326
775
832
135
314
96
998
820
412
312
213
481
318
389
667
105
185
857
417
553
565
431
655
691
254
885
371
775
508
333
750
536
471
814
267
524
373
88
373
726
466
437
155
382
379
842
531
927
471
493
1
873
530
376
753
541
879
667
217
134
953
528
884
599
526
896
700
327
713
875
951
417
778
45
749
952
812
891
539
472
459
229
847
328
688
118
889
859
643
310
698
333
324
745
796
11
710
424
942
907
944
941
818
227
328
731
252
237
982
828
617
928
123
173
442
498
709
852
396
697
288
26
69
969
634
770
916
223
274
105
981
812
286
296
929
326
625
709
54
480
533
616
608
890
842
1
755
939
843
983
196
722
121
210
507
629
390
194
399
480
608
441
878
863
769
147
471
335
359
614
734
950
596
820
67
651
972
269
624
304
366
170
533
388
770
852
178
813
805
339
800
634
420
426
716
927
243
296
873
818
72
562
817
242
744
283
448
759
501
373
613
748
116
569
877
785
23
171
534
373
195
793
277
201
216
818
492
192
592
451
140
994
798
293
962
664
989
794
537
321
114
222
725
467
631
290
503
38
932
187
42
58
212
833
376
720
921
668
985
998
461
753
114
932
431
802
382
396
190
20
348
879
101
682
788
225
523
927
367
438
230
280
554
927
283
751
118
949
28
308
808
406
822
830
440
956
950
639
456
731
384
910
259
19
92
726
615
419
45
652
304
303
895
918
875
984
533
62
371
298
756
70
676
803
359
149
378
54
479
983
220
383
519
531
907
914
106
70
17
556
809
342
112
443
149
193
320
978
133
915
699
924
229
101
617
881
211
659
796
870
863
222
999
351
54
376
328
248
595
919
190
201
539
776
417
599
779
653
941
655
672
449
914
62
659
159
108
596
959
131
73
215
120
776
724
20
378
585
254
64
755
723
419
924
918
287
320
431
949
406
519
653
898
692
156
86
10
551
736
217
375
385
295
223
552
65
120
236
215
505
496
359
414
64
92
667
