406
980
952
523
507
311
58
167
769
937
486
161
47
682
466
417
212
916
426
539
419
374
9
254
363
360
583
488
790
621
503
703
748
687
204
338
227
620
440
534
293
845
184
21
70
400
871
657
209
355
901
543
622
673
907
158
954
506
870
470
698
370
918
981
757
275
474
324
998
846
746
865
899
973
841
22
325
428
812
118
484
710
291
888
230
956
155
716
771
136
110
826
136
848
432
714
247
501
958
390
871
707
757
771
829
555
493
22
583
860
168
348
624
81
610
266
597
828
134
147
691
935
963
528
331
251
426
865
212
26
989
330
995
446
773
865
297
757
960
387
776
620
757
734
131
776
349
537
978
419
984
792
207
212
457
292
976
487
840
983
57
52
513
501
653
756
238
870
41
133
326
600
845
6
712
105
632
462
712
473
671
655
701
686
265
120
260
650
898
497
997
815
730
447
232
627
641
375
715
470
730
551
43
880
145
600
52
296
994
104
456
439
608
684
256
914
934
794
601
934
245
364
29
990
795
729
365
864
972
221
785
31
464
265
76
641
817
461
294
512
455
226
103
885
753
116
973
616
306
756
563
348
134
468
134
512
304
44
540
649
265
954
347
826
119
141
908
702
48
266
802
412
401
423
491
8
583
605
506
843
689
892
677
673
528
486
170
728
957
445
145
744
581
440
438
966
667
400
887
218
906
978
748
65
61
965
855
165
382
298
417
703
447
588
469
351
696
5
686
58
117
680
561
890
531
645
214
468
112
214
489
35
644
993
591
202
847
766
599
278
616
856
198
241
16
656
311
491
953
709
765
899
710
512
854
892
832
948
983
443
217
51
974
916
921
635
872
340
67
271
143
232
780
642
951
141
863
206
805
377
871
531
820
935
266
563
358
248
430
537
812
900
92
882
498
665
278
772
986
978
477
652
507
200
363
364
549
38
442
104
20
542
535
241
151
681
79
731
356
396
132
585
298
134
619
953
26
197
46
729
162
593
905
968
31
136
187
650
535
545
619
931
249
812
260
493
745
326
279
437
596
618
907
847
332
435
692
594
400
670
861
21
364
244
475
889
128
734
327
721
263
233
455
987
79
809
899
651
200
209
375
741
730
32
370
47
847
503
697
601
402
855
208
37
859
920
142
777
817
780
988
347
650
979
571
732
826
119
775
829
285
247
771
38
170
296
970
334
263
479
159
772
187
220
802
892
716
609
128
285
998
624
677
151
124
26
41
930
390
979
796
25
879
755
151
933
57
880
193
167
151
847
762
237
247
961
880
934
851
162
475
72
747
861
271
350
464
243
646
224
415
226
495
394
536
698
735
574
218
163
658
630
660
258
454
665
291
34
213
607
707
311
45
920
516
254
381
38
259
857
590
475
225
46
651
916
540
95
399
981
184
500
554
935
746
580
823
204
921
491
973
131
193
645
280
319
189
289
428
906
81
201
925
823
417
117
85
788
729
967
723
542
329
257
756
479
277
626
145
698
775
760
197
543
9
200
281
626
451
361
142
14
557
654
207
103
226
890
200
973
9
861
494
276
336
21
277
257
240
400
872
703
992
693
816
30
246
27
724
413
417
545
538
791
884
357
335
865
791
744
177
75
544
550
310
437
274
27
400
481
711
561
271
550
719
799
107
445
125
547
197
900
410
303
9
775
401
993
443
807
14
109
618
3
932
678
405
226
761
953
665
851
744
634
972
732
139
240
817
166
666
339
144
234
412
166
849
821
257
63
965
990
843
444
314
728
503
391
49
98
387
194
965
620
957
558
714
333
757
669
191
679
16
144
