993
692
136
445
929
260
70
208
514
148
482
532
391
422
125
250
142
472
178
798
789
487
335
373
833
446
448
825
92
589
490
103
42
357
537
464
465
687
646
379
882
668
984
52
104
711
317
621
332
911
166
914
970
985
781
299
628
242
571
467
794
361
202
670
802
531
52
615
57
664
727
638
302
731
525
825
327
504
212
18
139
341
926
134
99
403
734
749
669
342
288
781
847
279
227
705
653
611
183
151
575
28
645
135
785
813
423
688
536
491
724
340
270
751
152
692
907
184
814
646
104
430
891
18
801
1
689
277
990
152
356
740
933
813
948
18
168
237
848
332
351
278
715
330
410
81
438
208
14
198
898
891
97
751
360
807
658
117
815
988
202
438
512
354
577
825
793
993
79
824
157
635
608
371
69
133
235
70
845
560
767
336
661
678
539
164
306
728
312
477
809
149
652
179
399
636
438
130
512
738
82
641
378
455
840
488
269
699
773
554
81
846
365
938
268
101
146
882
935
961
646
111
75
561
402
448
925
519
313
110
756
272
356
997
923
309
170
879
791
199
339
162
598
167
185
696
842
292
708
877
489
733
432
534
506
22
990
652
742
79
844
783
929
144
89
15
812
329
953
678
752
221
873
810
832
959
280
326
195
973
363
784
589
193
307
933
82
87
364
249
70
640
629
171
140
452
983
620
232
631
19
320
723
866
557
541
763
378
559
184
580
542
443
368
591
137
537
586
110
360
241
979
809
766
630
620
440
330
352
695
501
322
483
928
396
329
657
167
395
4
529
186
752
626
234
184
76
49
704
256
426
182
705
911
595
908
661
944
585
558
880
949
358
975
798
428
176
854
529
366
19
240
738
377
4
693
402
804
286
461
747
587
475
707
608
448
327
831
285
353
732
42
901
714
70
682
502
967
859
638
35
755
753
219
718
855
915
972
943
594
529
216
462
14
460
221
913
587
459
803
674
597
60
28
800
689
818
279
617
773
648
227
513
493
391
625
145
945
610
234
743
987
179
999
957
671
913
304
305
356
753
100
889
319
518
111
608
382
535
450
737
322
203
931
823
957
467
557
519
483
252
835
516
30
631
638
428
865
743
823
219
742
751
389
868
563
661
743
223
86
135
702
68
178
432
778
947
434
287
21
637
177
581
860
906
468
329
97
728
256
809
726
12
693
943
372
793
372
262
713
658
197
391
280
861
608
500
482
295
941
400
395
582
608
930
40
150
292
340
355
603
440
756
825
440
590
174
59
451
72
491
664
925
238
251
724
89
410
451
913
287
229
394
292
750
594
318
259
876
344
830
34
139
749
779
212
515
749
48
143
381
642
395
984
395
653
911
294
578
619
583
210
937
636
601
692
689
332
581
649
544
860
417
88
867
755
818
484
136
917
745
411
270
478
231
622
993
120
463
577
677
727
743
810
399
286
953
54
83
235
748
567
485
197
154
770
911
526
110
132
860
267
661
773
223
192
814
212
675
624
758
314
383
26
468
476
181
560
390
823
848
313
374
992
288
238
149
843
732
402
683
449
866
42
752
935
949
260
545
193
572
364
202
109
995
328
708
476
560
373
420
499
725
916
328
736
501
68
862
65
380
819
395
653
527
983
645
30
653
246
270
518
833
701
53
894
237
294
987
414
932
442
470
214
220
470
165
315
423
491
937
382
357
893
332
422
527
293
922
190
754
522
528
720
293
354
605
153
961
838
483
726
37
227
858
4
107
525
362
462
347
222
170
639
793
164
146
807
173
497
993
490
159
28
100
924
213
340
220
81
147
261
35
609
230
931
842
400
733
147
450
932
68
409
549
295
366
804
936
797
430
966
912
423
658
824
181
550
957
642
415
507
768
935
116
778
500
887
892
776
958
510
345
25
775
586
838
116
111
817
546
155
510
745
185
737
31
570
328
512
257
438
875
211
314
880
380
198
251
218
90
838
482
648
820
866
744
706
232
704
392
112
933
365
816
917
353
636
520
502
440
632
492
756
674
485
359
548
303
400
534
664
513
638
982
55
758
394
411
751
857
472
534
675
708
967
633
991
980
108
970
912
625
721
963
945
89
260
186
624
384
419
330
39
525
734
988
982
260
709
715
877
739
104
715
159
460
70
813
291
758
612
82
380
824
935
641
848
555
717
471
14
35
270
882
304
210
504
986
688
529
536
893
183
516
44
717
569
432
364
23
68
139
306
627
142
592
863
395
918
566
108
130
339
332
490
11
474
132
681
547
755
17
741
60
866
22
239
631
59
852
432
420
806
447
512
729
507
886
468
213
679
773
525
528
908
329
717
721
886
655
277
979
930
945
458
949
745
614
151
125
602
397
379
752
358
94
322
920
885
245
770
674
366
675
364
371
243
931
442
488
659
702
72
422
449
372
75
28
641
24
774
971
595
62
587
886
736
923
726
796
449
89
677
592
32
702
900
265
566
936
846
787
403
247
909
641
779
55
586
12
142
648
928
181
32
691
915
955
751
900
934
154
940
711
370
304
768
96
450
485
599
571
707
710
874
956
498
782
598
501
893
930
794
906
747
943
743
225
535
627
480
331
999
668
800
82
132
513
986
847
402
43
740
249
95
119
541
387
73
427
541
106
327
170
452
553
537
686
426
532
932
161
94
326
685
520
58
599
511
341
395
141
16
47
423
941
485
824
727
686
694
899
780
195
365
727
998
307
311
477
103
551
301
778
478
7
812
153
351
49
152
289
47
495
616
701
110
891
306
70
381
786
743
570
79
899
625
846
860
67
761
200
312
318
286
50
83
35
671
627
169
868
362
248
9
409
789
418
155
64
561
340
715
515
470
372
322
367
409
43
259
100
363
883
891
765
707
180
386
54
212
106
422
213
425
519
942
767
220
753
892
984
638
167
412
973
400
117
873
626
353
42
367
291
336
930
923
473
89
845
894
92
589
291
512
23
761
186
706
341
753
213
132
845
437
803
228
516
9
450
464
240
491
982
19
533
214
729
843
534
363
864
684
777
135
688
213
607
943
492
631
982
567
244
990
77
275
3
992
76
29
589
99
342
741
483
635
236
135
293
905
735
669
898
431
377
749
127
391
808
798
338
140
808
996
913
432
228
331
380
644
793
143
724
246
327
266
207
285
693
935
681
792
24
260
511
268
79
413
403
604
102
962
960
523
590
690
945
133
541
409
514
195
95
253
10
805
520
838
988
178
852
316
920
355
702
515
19
894
265
657
872
543
222
280
785
88
675
598
454
120
268
833
112
858
921
129
979
844
148
30
990
384
589
912
840
392
204
582
57
586
18
862
586
275
60
706
530
768
60
588
270
31
262
768
803
204
269
752
683
872
751
877
434
83
748
984
805
298
62
889
118
852
517
31
853
358
450
894
6
607
918
359
11
677
710
25
975
494
357
277
767
579
30
303
172
742
732
360
417
413
529
241
325
55
431
818
214
851
830
744
99
600
643
173
699
806
209
536
543
275
822
574
49
714
237
849
360
78
755
460
425
189
672
473
420
335
780
81
727
22
940
339
467
767
472
864
529
62
346
666
600
264
52
669
23
777
358
862
921
399
396
408
594
398
8
693
220
313
617
753
974
730
879
682
530
985
377
676
178
25
661
946
566
848
564
839
932
605
847
50
404
619
114
223
367
276
140
450
580
681
8
942
182
965
915
876
350
586
418
623
864
267
303
540
220
704
743
15
468
960
436
33
629
17
722
678
668
483
232
410
478
226
838
932
899
706
461
610
912
365
726
68
648
136
651
133
607
148
988
3
867
71
792
128
727
947
865
601
29
927
545
211
775
449
430
718
202
237
280
178
375
935
299
782
543
908
342
359
155
711
686
733
453
527
375
906
439
173
105
955
798
828
507
521
922
257
470
201
149
434
272
615
5
315
68
690
744
795
315
792
203
173
113
554
343
226
318
155
632
588
263
834
955
166
144
270
996
551
153
209
130
965
546
653
951
702
540
972
439
601
614
636
692
747
417
742
187
118
376
855
24
540
823
648
969
609
350
696
561
646
282
530
283
354
954
457
81
459
201
799
32
122
100
213
666
957
161
453
487
397
738
203
104
184
237
402
483
473
209
955
556
531
303
367
278
957
322
574
814
175
941
249
295
786
24
169
288
262
366
658
998
421
495
170
287
404
244
164
805
274
508
489
906
609
218
566
518
802
209
560
435
773
309
84
937
797
407
163
915
490
109
242
484
688
955
536
15
629
34
505
243
848
963
384
559
925
801
905
703
749
120
876
467
266
917
421
632
464
36
336
382
310
800
65
438
412
339
866
205
215
938
606
169
768
923
467
838
986
390
757
414
458
189
156
163
449
889
263
106
197
563
98
462
510
900
667
142
268
74
363
836
669
207
216
875
84
543
934
340
365
982
221
989
621
555
54
183
887
61
160
746
657
633
103
367
557
901
292
482
395
420
375
874
444
159
976
454
905
628
190
973
378
445
623
714
818
735
454
795
192
53
898
916
313
937
115
181
840
927
959
76
919
102
203
856
215
676
77
116
652
461
854
708
116
543
485
312
470
980
198
970
591
373
506
380
271
768
552
283
18
182
449
290
251
676
833
653
843
619
41
595
15
838
930
126
855
32
460
211
227
639
660
536
200
521
404
255
120
497
36
110
408
254
38
215
803
329
463
531
59
944
250
630
911
740
494
207
0
43
144
527
350
27
411
451
120
884
451
15
617
497
194
905
237
155
90
696
58
937
57
503
484
263
714
241
9
666
599
322
923
878
140
704
227
4
624
493
291
340
445
498
860
690
950
993
766
680
864
103
478
848
985
228
721
636
821
976
7
852
48
180
467
563
774
875
879
247
853
659
876
771
324
955
615
491
893
266
206
155
365
81
226
331
949
303
895
155
689
0
31
447
813
25
869
8
584
338
660
335
976
976
56
222
365
638
988
829
714
671
226
494
813
171
434
174
792
644
746
240
424
268
11
679
307
916
284
495
767
891
544
833
861
441
642
802
140
495
89
758
897
678
718
246
508
400
530
524
895
958
925
782
407
375
57
575
237
26
381
126
30
793
541
832
654
954
455
977
756
210
688
202
959
736
557
655
262
276
750
881
108
74
908
763
834
551
347
323
687
831
131
375
59
880
632
192
753
318
578
216
218
484
31
628
582
668
107
814
222
523
474
753
101
244
348
769
517
431
423
295
469
502
835
359
448
148
446
542
921
186
912
19
770
360
184
576
477
748
589
373
25
441
746
745
934
7
745
358
651
107
648
544
940
140
880
34
530
705
425
30
667
770
68
110
8
609
185
995
717
125
375
345
283
435
802
437
465
736
558
948
250
424
897
778
327
20
735
228
277
788
695
482
953
497
563
740
512
997
133
136
404
770
500
165
584
979
6
864
292
627
287
448
780
248
760
48
170
572
843
720
21
440
243
208
409
28
240
83
821
599
783
724
268
168
217
199
755
111
978
30
34
187
401
710
470
529
32
30
442
477
473
100
901
849
672
372
743
87
696
677
469
524
221
514
780
355
241
562
234
298
74
612
631
117
416
826
579
438
780
145
18
750
396
723
610
923
108
601
949
725
990
504
946
870
954
182
661
118
208
513
823
128
930
565
808
277
639
792
872
243
410
140
422
577
1
448
32
650
538
875
561
923
711
870
136
331
570
901
205
662
180
338
838
494
542
53
136
750
363
68
874
268
237
163
738
899
996
665
587
346
381
479
150
565
271
276
93
253
929
58
591
431
774
847
773
830
59
689
563
109
311
858
155
341
529
427
979
351
952
368
950
856
667
808
280
342
793
799
219
938
858
201
167
860
877
797
862
149
219
852
358
14
944
637
223
459
186
935
732
995
569
954
70
230
487
186
844
499
49
633
39
581
331
71
866
954
83
857
655
0
747
563
644
548
17
699
740
160
108
44
209
0
597
771
656
250
541
314
365
448
693
567
781
619
959
320
691
421
492
21
890
290
447
673
113
468
295
886
220
658
683
85
631
885
117
847
157
535
128
651
279
520
366
725
305
422
210
670
46
280
245
526
139
911
196
835
793
130
814
108
828
324
315
414
249
996
495
970
396
257
710
82
775
296
170
718
30
171
888
248
727
160
625
728
240
59
340
268
473
161
465
687
416
154
296
636
763
434
631
184
199
164
490
994
775
419
117
536
561
599
93
807
755
880
741
310
3
171
109
712
532
278
260
140
539
552
86
603
729
746
872
749
996
189
104
104
22
527
418
838
774
261
205
657
573
134
421
110
553
497
89
588
894
548
732
143
907
19
105
829
8
1
55
869
997
494
572
455
293
293
638
115
489
809
660
978
497
284
388
491
462
243
406
411
571
392
900
220
490
861
229
984
203
875
383
475
38
109
226
179
193
908
508
949
902
367
495
628
604
670
414
408
990
396
558
105
736
86
82
919
789
588
446
904
438
171
141
781
141
461
30
177
263
534
665
846
8
147
512
302
497
33
640
843
532
471
87
699
144
186
79
228
816
195
624
384
533
62
484
941
188
90
44
276
355
200
752
235
548
706
700
473
404
441
518
918
933
603
475
157
511
383
289
607
46
22
975
36
757
408
937
136
680
912
520
16
391
565
742
152
718
662
311
147
689
690
35
222
837
129
712
873
762
354
948
19
869
857
96
921
89
92
912
58
197
955
494
674
985
579
623
969
810
597
909
120
621
855
452
447
368
646
904
30
580
558
163
934
111
369
293
2
301
496
59
872
343
816
66
798
196
547
302
818
491
410
843
443
331
317
724
301
442
855
441
477
369
624
459
506
417
616
843
380
606
573
225
468
641
418
9
150
740
916
583
759
735
561
683
168
87
823
735
148
758
567
854
428
222
924
919
660
406
652
830
938
415
482
764
770
672
492
637
593
694
344
951
996
848
774
978
716
518
306
923
328
185
642
690
807
109
14
844
185
164
608
379
768
316
161
872
56
160
884
843
240
293
436
890
189
802
270
605
154
387
162
706
797
951
716
627
440
564
873
245
963
733
56
652
771
274
646
930
785
837
646
39
505
229
699
787
349
371
403
446
582
322
987
496
799
44
745
700
46
527
346
431
799
478
264
247
326
227
454
446
449
723
180
374
8
802
818
246
650
853
3
435
77
151
536
386
801
475
821
609
586
720
620
445
505
99
780
166
974
677
805
775
635
477
715
858
127
809
733
688
406
206
297
30
258
487
382
763
281
937
85
14
650
397
92
356
44
31
448
79
798
372
343
386
349
576
176
304
725
229
623
429
566
632
537
596
842
213
848
624
305
26
147
791
498
593
382
327
886
871
513
452
650
162
511
250
897
392
142
933
147
818
293
216
655
351
975
922
336
981
235
204
966
914
149
223
12
345
901
203
2
760
506
83
671
77
74
892
852
801
337
491
815
37
979
62
235
297
127
987
961
259
139
436
669
237
790
972
439
599
590
932
299
731
111
446
520
912
940
931
242
566
837
880
981
585
277
842
887
632
742
930
359
276
947
316
968
782
50
217
612
665
21
725
775
623
220
387
330
280
832
268
911
732
822
566
768
978
774
825
279
793
759
101
57
627
968
671
156
282
718
226
681
835
781
538
856
703
429
92
240
935
155
298
183
384
976
579
852
916
394
502
118
168
917
118
424
725
422
617
749
821
364
803
618
655
59
881
284
742
742
591
654
563
872
10
934
283
912
345
845
620
575
350
370
129
62
315
563
372
81
176
831
939
186
864
330
323
859
515
661
633
292
351
153
672
173
687
896
476
648
926
897
437
431
356
294
167
741
839
987
606
236
981
189
943
418
838
749
370
472
974
544
332
322
640
108
464
684
566
313
653
878
572
177
363
646
605
101
623
447
134
286
886
611
990
69
847
602
135
575
824
639
614
313
346
555
933
788
529
49
211
900
651
117
497
883
651
890
333
845
573
670
787
879
441
956
687
545
173
141
264
758
722
852
54
876
313
109
252
516
926
593
600
143
658
993
152
642
31
581
615
288
365
728
348
635
258
281
691
39
557
472
605
107
387
346
531
157
651
380
80
376
316
232
772
188
790
943
180
323
805
259
247
811
738
807
268
405
101
726
759
745
333
933
770
172
7
942
744
7
421
418
917
565
77
50
281
801
435
873
475
489
65
657
666
963
578
137
759
714
894
425
646
37
623
82
388
780
739
332
730
312
258
932
63
990
63
10
164
192
780
829
608
72
430
243
820
690
783
81
425
69
2
228
845
61
1
985
709
248
346
399
412
866
48
591
794
520
510
517
72
910
182
902
15
341
103
245
616
149
662
540
214
962
467
363
647
382
300
272
106
203
424
692
883
747
433
838
602
182
468
686
961
439
237
864
908
28
371
554
82
264
202
740
682
902
448
675
785
988
775
386
872
834
569
982
770
101
122
549
291
845
991
762
140
559
988
215
938
695
483
223
104
382
977
94
745
188
362
552
287
283
333
299
481
935
258
923
518
133
271
592
785
831
2
21
741
234
433
487
775
436
157
616
811
925
405
463
687
17
183
550
964
743
1
264
234
849
486
493
627
104
716
427
88
35
513
42
31
444
214
836
118
399
404
24
497
720
411
466
192
624
90
888
412
963
128
427
880
193
585
896
932
40
524
946
308
426
177
766
207
248
672
667
643
827
564
828
110
146
735
683
744
53
319
291
404
613
510
250
909
30
407
433
605
946
564
242
833
123
829
213
136
148
675
895
682
916
898
175
934
321
692
958
811
837
971
219
680
295
255
968
79
633
669
100
307
17
224
854
275
735
425
282
119
322
450
580
167
847
449
150
19
567
240
407
229
371
769
331
891
335
574
617
768
232
70
181
778
283
148
466
454
36
674
627
303
224
611
990
86
799
581
813
620
337
77
491
370
316
669
584
185
103
904
49
638
174
182
791
509
323
403
266
262
501
242
953
61
936
416
721
443
905
491
840
331
235
816
180
31
803
883
373
295
212
769
212
163
592
450
63
801
525
627
810
216
575
775
939
485
943
693
361
194
312
37
106
868
673
189
968
934
148
344
904
137
27
861
479
781
201
901
56
81
68
414
902
886
701
541
979
786
777
888
115
800
648
849
856
556
279
559
378
660
780
471
658
874
22
159
716
727
358
859
703
778
797
449
627
613
892
14
661
760
202
764
953
231
486
43
237
222
345
531
670
837
78
716
986
719
890
85
985
596
378
777
88
103
173
119
987
153
655
616
911
156
390
700
81
244
725
733
478
679
323
621
288
814
319
316
250
307
658
577
105
674
985
769
335
277
646
518
516
959
698
438
203
218
393
125
406
627
514
237
951
203
417
857
909
945
826
97
39
587
92
560
608
204
264
217
775
71
989
928
81
97
514
789
269
725
31
947
84
841
680
934
540
949
870
851
583
252
508
849
236
986
163
333
674
670
386
309
964
554
230
866
606
989
274
712
3
449
243
641
480
504
627
413
472
665
888
798
836
745
559
224
910
501
210
702
819
20
252
871
148
281
837
680
695
597
903
27
663
331
267
300
380
813
408
220
455
397
713
63
279
533
74
17
897
472
303
381
792
305
145
389
457
505
734
461
281
735
36
658
581
903
105
617
38
45
130
713
815
778
102
114
924
837
630
167
777
758
860
31
628
99
413
490
504
477
341
335
654
709
821
170
818
80
827
825
520
562
302
640
42
270
731
859
679
779
754
713
321
603
959
88
42
845
701
787
228
66
149
592
636
253
831
421
962
315
323
419
184
449
287
747
885
797
109
741
4
149
335
288
94
180
362
756
984
579
964
186
322
468
140
445
126
89
813
434
233
3
374
578
993
591
401
144
723
562
774
774
104
582
867
474
339
540
882
390
394
881
687
149
206
582
564
497
736
319
388
186
842
773
344
777
480
782
233
314
961
218
651
328
222
657
825
970
629
544
947
619
10
195
233
416
803
892
219
370
566
905
399
699
730
452
69
597
199
644
306
718
115
320
39
568
473
532
326
92
488
884
73
279
629
845
287
789
294
139
307
42
893
333
914
272
485
29
969
930
955
155
745
694
916
433
296
401
839
370
933
157
775
339
136
254
520
251
891
522
427
719
625
814
519
550
66
949
878
51
928
571
153
105
97
120
465
113
377
553
395
14
35
128
711
354
547
75
286
897
988
274
861
59
873
762
690
192
890
31
826
795
229
806
340
345
918
496
638
651
253
970
482
222
315
857
404
900
768
315
187
555
915
377
961
132
271
977
793
854
823
624
780
505
206
357
400
718
589
248
358
347
546
297
334
909
961
53
737
86
594
258
907
558
934
396
731
293
783
9
848
366
788
598
433
768
462
645
713
854
465
118
662
782
26
682
357
887
802
558
171
571
668
900
778
972
177
918
790
851
293
564
83
35
773
349
613
132
640
225
540
460
207
701
330
23
690
296
225
151
177
234
14
376
67
397
508
770
95
587
791
609
93
879
126
193
631
784
436
858
473
943
907
3
626
777
421
835
758
192
968
251
610
797
381
848
332
856
606
124
284
256
394
604
322
701
862
196
141
643
945
150
189
505
964
81
879
911
452
174
427
335
357
22
994
257
909
856
473
562
11
767
29
600
162
407
778
884
141
240
4
994
417
987
977
364
169
873
825
850
754
275
659
446
277
996
629
508
522
11
231
783
182
533
53
927
316
215
911
238
345
633
911
585
799
973
567
244
856
751
28
590
13
735
434
92
570
825
182
377
175
414
730
843
526
491
400
265
979
319
255
0
317
67
323
837
464
841
636
101
908
807
517
664
334
941
574
627
529
489
97
773
601
612
326
58
492
734
763
347
413
900
684
374
797
162
490
57
744
379
507
490
754
885
295
90
388
626
426
681
959
0
978
779
972
546
375
63
909
400
754
0
91
962
459
812
821
658
427
930
482
846
378
312
476
588
670
19
297
937
186
856
895
706
14
527
563
412
784
415
582
238
215
68
884
180
344
485
970
711
823
58
779
983
308
19
128
554
111
212
138
983
265
965
605
35
785
389
99
101
671
582
633
117
312
867
962
654
727
142
582
117
621
431
527
745
564
607
328
474
734
803
843
23
460
371
765
839
54
649
743
801
375
151
252
295
49
170
866
757
244
395
935
64
822
996
10
929
88
496
10
144
429
498
55
62
704
383
395
939
353
368
605
397
467
192
402
594
525
132
896
701
107
320
864
276
496
566
591
690
770
65
393
80
698
744
747
271
671
702
676
393
438
797
462
565
64
123
119
857
736
693
823
849
511
505
53
629
6
720
354
785
744
375
810
287
937
870
490
111
678
97
578
494
298
453
841
612
539
685
311
239
631
738
764
933
414
577
994
511
445
334
353
762
188
190
55
351
133
498
729
393
673
671
675
374
33
851
712
775
478
178
535
218
725
446
370
239
906
941
980
7
464
628
934
168
91
833
757
989
258
335
468
690
924
931
114
798
470
267
488
609
918
333
233
124
199
629
702
168
313
657
525
471
604
967
549
823
233
702
345
973
477
817
847
574
99
448
419
104
637
737
756
431
783
332
123
867
848
612
844
191
421
272
347
932
668
290
420
700
938
255
198
451
937
909
597
16
98
691
754
337
931
433
194
204
821
577
744
122
756
221
71
869
251
224
785
827
300
649
901
811
418
721
400
59
195
278
682
860
812
320
772
990
715
704
163
477
211
673
932
245
992
142
244
217
200
131
58
726
201
320
540
167
404
928
915
962
518
448
4
807
159
938
867
761
209
417
422
173
743
623
795
879
151
83
919
132
718
942
805
827
710
964
247
580
430
383
475
146
654
863
861
525
574
975
317
455
810
209
525
969
772
713
34
766
742
838
980
869
425
693
795
652
456
176
552
55
578
60
485
944
704
688
18
809
76
833
933
21
753
570
565
284
157
369
411
653
416
933
174
230
351
227
105
110
242
32
707
908
238
553
987
401
47
814
822
40
966
341
839
245
43
418
201
211
111
412
500
112
225
803
689
739
363
534
484
950
536
209
621
126
492
3
947
975
968
253
334
165
328
135
711
781
651
684
966
242
247
526
240
995
246
205
875
361
617
40
447
495
663
726
938
866
642
502
352
688
742
794
454
852
702
858
9
879
758
981
680
156
831
114
291
18
114
517
110
668
12
582
518
964
778
635
478
483
122
389
870
654
125
632
169
707
437
707
450
921
670
864
915
837
20
254
313
57
338
865
895
23
498
811
85
19
254
148
116
998
553
205
385
655
138
619
340
891
206
678
988
78
490
945
794
714
282
692
702
796
409
5
721
566
789
149
808
350
70
62
969
558
131
178
438
853
472
247
603
155
696
807
877
881
396
12
729
367
573
225
535
215
99
451
697
694
994
414
51
443
222
564
425
872
668
904
431
734
732
137
273
869
854
818
640
688
440
702
198
871
113
657
614
950
317
785
195
211
246
707
291
733
363
986
479
527
343
379
210
60
241
260
611
989
124
466
937
638
794
474
339
606
322
783
913
789
514
10
122
272
291
560
234
879
568
997
160
376
978
462
290
237
204
780
677
848
733
236
13
46
319
788
116
633
483
776
227
168
47
570
755
538
278
744
286
87
410
440
663
7
368
806
627
395
559
870
770
473
719
140
662
814
882
992
543
460
146
72
520
491
863
774
490
580
427
353
482
408
28
799
337
151
620
103
113
884
361
84
239
485
300
406
322
969
296
651
998
266
785
67
188
466
383
633
562
850
21
773
530
870
394
422
450
588
484
389
536
539
27
237
280
296
289
678
379
947
60
936
301
112
150
373
956
82
578
815
744
738
642
105
859
237
873
666
734
763
98
651
157
540
939
658
160
477
370
919
903
936
667
572
434
9
331
529
42
301
188
437
191
54
829
953
175
521
900
262
896
824
851
807
634
218
501
665
84
64
835
846
1
308
712
25
991
386
869
812
372
584
81
894
381
794
225
416
276
846
272
30
965
502
419
795
501
747
484
820
368
806
952
287
485
779
975
661
584
247
360
18
589
592
103
774
140
683
452
571
533
527
368
279
304
529
630
452
409
962
604
994
719
587
549
366
872
49
253
83
811
834
968
527
521
711
415
49
176
508
624
518
166
210
505
603
646
838
792
389
386
995
970
508
182
74
62
318
852
762
157
904
330
994
89
806
804
658
687
220
590
906
434
901
899
402
237
320
963
649
493
60
460
114
225
904
16
432
319
316
471
962
316
238
457
625
567
437
250
662
714
162
938
216
878
476
344
884
315
242
650
693
937
659
52
187
102
681
59
736
323
36
644
557
893
979
869
595
950
574
728
69
237
799
336
83
768
854
233
810
525
843
441
975
32
143
972
706
611
891
16
679
16
994
735
927
620
203
762
341
409
990
80
429
547
71
3
903
556
704
915
337
895
73
89
666
901
619
546
971
519
347
134
32
16
698
956
260
222
888
292
683
814
496
912
104
993
319
664
295
870
958
753
181
493
792
441
539
798
93
449
298
340
44
551
472
417
847
343
608
278
296
894
808
479
410
467
308
218
370
866
16
954
348
142
570
708
74
155
886
197
399
445
35
566
610
32
218
205
126
149
23
17
486
757
48
705
118
21
371
890
452
919
725
60
838
729
964
407
981
979
917
479
438
66
138
529
786
333
371
257
507
808
837
546
551
117
361
177
321
259
83
38
642
504
770
911
679
939
927
707
428
871
63
552
598
429
19
378
406
641
967
553
498
30
303
773
693
241
484
553
559
919
854
649
895
452
12
305
68
313
360
379
859
417
38
469
123
936
362
453
236
8
248
145
790
346
263
303
614
814
791
166
115
487
66
400
23
181
959
540
889
264
881
220
983
109
814
816
376
881
283
68
784
800
13
925
613
544
74
371
502
487
126
668
507
37
298
886
87
8
462
230
482
514
743
593
827
105
308
509
995
931
682
702
132
483
464
681
721
676
725
574
271
481
204
431
697
887
458
223
433
240
558
105
18
85
671
102
971
759
836
122
990
698
588
636
110
494
493
192
854
19
794
523
359
872
710
434
10
640
725
80
27
258
570
34
142
844
635
328
763
835
657
146
445
418
171
492
953
36
474
192
890
423
670
887
577
168
80
539
841
684
449
852
497
442
63
37
626
955
616
394
752
731
159
145
702
247
740
442
474
362
64
491
879
382
494
469
705
700
204
909
292
664
169
271
229
252
705
678
882
710
947
657
173
833
779
194
187
613
716
248
667
876
293
735
11
555
60
321
204
344
305
635
597
470
225
326
301
283
683
289
842
90
230
704
710
249
449
323
497
409
157
885
178
477
709
262
455
290
918
600
69
130
537
275
17
508
493
797
172
531
217
625
749
353
663
699
832
265
652
662
364
550
276
378
443
435
227
301
562
439
958
989
48
524
360
119
876
813
833
511
199
394
144
60
208
825
704
983
414
219
729
528
872
416
630
645
504
679
332
32
271
518
794
924
946
187
995
28
873
757
944
808
152
58
891
853
663
709
727
143
516
707
363
693
152
787
869
442
807
392
155
51
353
220
204
906
102
658
582
462
86
776
304
133
389
447
711
199
558
225
551
680
391
558
207
641
962
659
359
299
843
416
557
930
413
859
146
274
960
438
188
609
181
34
676
185
786
151
176
120
96
57
547
565
177
888
744
424
48
964
702
343
593
147
789
881
47
641
591
649
588
467
521
121
787
296
112
736
841
436
465
234
34
954
505
154
760
229
531
982
862
59
248
679
171
663
624
996
539
337
630
482
863
12
970
650
131
956
9
527
328
882
919
450
256
582
596
236
383
624
379
991
530
691
279
25
567
966
785
943
308
951
301
810
547
70
275
824
259
764
57
305
754
935
493
652
494
411
103
246
891
502
381
303
990
399
113
609
769
588
69
461
471
688
135
228
983
45
767
894
981
811
365
3
539
605
15
524
480
380
200
917
375
738
709
265
400
917
361
546
499
735
416
388
40
958
968
364
612
308
131
10
870
397
953
928
952
968
51
926
649
189
354
572
503
162
254
803
466
761
154
200
459
649
557
942
419
695
588
631
640
96
490
214
818
686
529
756
996
110
970
446
702
546
617
783
87
767
860
95
744
301
242
184
428
822
24
600
763
645
934
656
62
565
17
832
581
883
289
708
819
801
875
744
643
271
841
859
796
784
932
947
704
790
636
61
506
723
678
950
230
790
380
571
474
198
275
354
114
974
998
228
722
629
775
903
268
65
942
747
921
871
986
49
860
105
244
99
682
716
763
524
382
165
81
349
665
784
269
233
782
925
442
846
332
216
869
561
76
18
923
716
490
337
689
654
625
961
885
303
495
741
554
446
136
678
945
218
630
855
578
825
541
323
58
440
29
931
591
408
281
312
62
209
644
193
917
886
395
386
461
564
845
57
759
128
975
926
672
477
21
878
311
126
923
476
155
726
297
245
241
529
349
894
554
311
666
468
988
237
774
960
95
743
121
933
808
230
593
999
114
466
314
674
439
124
531
612
375
203
917
384
448
633
588
880
747
609
392
358
271
943
741
367
79
91
541
749
958
92
800
647
355
917
522
639
247
183
931
639
635
579
28
865
959
2
564
570
765
499
978
987
156
768
237
476
849
381
472
988
751
429
33
425
519
587
808
728
51
99
565
490
836
459
146
636
459
529
255
201
717
242
285
710
983
259
354
209
1
896
819
167
943
503
552
793
778
328
168
546
310
539
254
192
804
934
347
548
824
338
347
535
13
273
436
323
267
598
56
60
451
312
940
185
481
604
696
963
664
847
495
769
844
45
721
468
313
369
108
742
697
137
722
786
554
692
67
520
885
787
266
448
283
146
925
504
546
426
895
43
765
740
760
448
386
523
164
308
917
918
792
893
450
698
920
669
672
232
30
135
337
88
670
497
277
849
213
965
238
819
559
118
318
731
47
60
588
251
385
579
38
244
75
134
872
176
507
844
67
528
730
813
121
863
694
643
941
658
53
391
15
660
845
142
109
17
184
784
237
775
325
798
343
421
146
949
999
505
101
731
23
97
42
997
972
709
39
730
871
551
475
648
620
457
116
665
999
986
632
473
2
860
564
351
187
637
896
518
394
735
787
231
913
798
739
396
548
126
908
347
559
207
698
13
391
598
530
10
272
929
26
907
846
798
513
468
600
976
1
908
446
232
553
2
219
4
495
126
397
358
323
761
177
468
926
713
828
935
361
397
197
722
922
738
270
649
177
696
377
507
770
604
518
686
627
946
74
662
236
214
916
761
782
223
922
106
524
129
792
992
694
62
360
426
141
17
517
961
65
478
721
402
341
825
543
926
548
353
35
600
933
601
389
763
826
747
868
45
343
161
703
284
37
722
382
924
126
413
184
362
554
596
886
247
64
648
636
844
81
261
832
303
927
795
211
56
779
488
148
42
547
493
620
505
226
387
236
596
89
65
50
871
475
182
467
857
111
621
450
172
806
66
422
702
108
911
10
731
852
139
286
605
180
912
435
689
680
823
700
31
578
370
888
958
487
526
460
209
268
955
900
562
903
338
306
442
922
130
895
410
323
558
799
833
935
694
130
194
4
649
724
416
478
812
957
497
265
2
100
949
677
31
575
146
80
666
382
326
581
647
134
143
826
191
361
610
367
581
194
598
106
845
918
676
784
778
494
182
902
364
817
257
389
885
927
416
524
935
840
126
743
60
130
720
670
17
538
380
904
223
993
474
790
143
608
878
868
906
463
775
106
394
486
976
929
489
87
400
408
980
338
871
470
579
592
207
266
215
372
668
63
521
603
378
275
875
124
91
646
869
891
929
856
639
983
174
267
534
763
917
768
93
594
956
285
512
251
265
692
736
300
254
695
726
107
2
895
414
544
918
403
114
358
496
918
15
392
903
505
136
576
501
936
438
891
570
697
224
224
682
142
741
927
93
796
955
486
366
660
250
615
667
278
803
997
640
566
863
157
40
911
917
954
82
883
427
880
108
52
119
50
510
685
963
951
821
402
892
31
650
711
541
292
311
836
229
364
149
709
393
354
381
775
943
636
825
342
600
663
846
148
993
966
721
965
527
426
315
990
308
579
530
227
418
413
429
55
91
342
251
278
651
35
113
927
530
330
318
21
226
43
789
653
929
727
223
625
379
219
58
19
888
158
505
38
933
509
833
221
474
159
630
959
919
212
248
242
540
514
77
540
995
527
996
97
988
554
451
615
549
397
566
221
108
803
861
578
715
575
936
9
102
493
946
890
939
449
727
36
655
661
58
983
681
913
328
742
901
515
803
393
952
414
156
145
419
790
840
196
142
41
38
584
586
329
794
876
810
447
73
346
215
753
17
761
815
36
316
247
322
901
402
20
136
728
527
329
786
92
400
215
404
54
525
597
307
810
692
881
873
104
298
383
738
914
582
983
105
220
452
457
148
636
467
612
114
65
396
500
989
784
823
937
719
306
475
84
341
105
570
605
514
889
783
991
522
675
45
245
932
709
309
214
338
269
907
452
184
756
830
91
519
143
506
156
981
9
276
25
555
349
225
403
899
206
107
815
523
377
530
575
282
218
370
180
86
460
158
49
904
645
42
868
189
45
13
565
265
55
299
97
514
599
813
768
790
532
675
578
90
247
456
152
713
993
344
567
917
180
9
327
525
96
530
209
442
477
412
968
983
144
540
439
198
438
946
208
129
621
826
372
315
802
29
830
212
869
2
97
370
689
262
226
211
376
37
673
676
44
659
433
516
575
68
263
882
372
948
391
407
710
685
353
418
390
555
667
567
138
277
16
354
1
386
30
150
907
140
517
317
653
318
611
818
66
382
477
835
517
487
96
260
620
367
446
930
998
551
140
694
348
348
135
169
581
520
398
146
956
670
155
41
253
849
236
399
989
879
798
60
670
55
617
989
201
756
214
912
262
677
492
933
567
691
578
603
84
430
239
515
71
868
734
269
159
63
894
158
578
282
637
675
426
784
20
460
267
993
389
80
739
809
577
840
399
951
750
515
71
447
229
758
312
500
474
261
672
446
629
763
214
883
662
978
694
982
861
831
172
289
991
149
505
535
725
300
225
995
110
677
533
654
172
886
459
529
196
397
99
752
303
482
613
343
246
45
70
60
818
761
346
992
145
908
651
491
517
484
375
275
286
159
463
305
656
174
964
88
303
744
845
419
406
551
851
945
936
129
901
959
6
334
695
443
318
40
997
417
228
427
886
484
827
259
108
530
548
517
991
612
143
459
665
305
823
647
356
878
704
226
48
484
628
826
921
614
794
438
236
221
824
215
298
753
935
46
974
287
493
956
