963
989
855
171
113
769
86
527
826
544
213
960
69
745
91
214
107
228
653
672
396
501
798
260
103
238
354
327
918
680
170
821
352
341
162
630
64
709
599
821
162
706
180
254
534
938
867
476
749
858
480
452
328
682
361
585
9
160
98
253
673
196
382
528
24
46
671
256
827
751
166
734
927
218
614
41
643
968
923
673
236
298
936
289
315
879
358
850
665
475
400
441
850
184
331
916
527
715
508
46
829
101
537
340
892
236
705
771
258
310
999
456
53
666
578
116
159
259
224
490
475
385
112
671
455
701
575
724
66
809
83
603
908
483
619
980
85
92
919
730
381
768
812
631
851
4
303
136
457
503
387
862
501
599
358
931
394
178
334
854
884
213
616
506
939
235
305
985
39
86
661
952
962
139
989
280
51
741
478
753
454
617
212
786
560
345
22
953
393
528
34
363
90
961
57
561
486
788
5
728
597
837
767
291
147
66
214
455
768
618
218
107
864
645
398
266
795
139
539
30
934
493
993
58
592
706
96
715
89
271
597
645
348
695
201
446
654
954
715
105
31
429
406
434
509
926
813
801
815
73
194
60
511
236
110
813
65
204
570
917
568
738
77
171
304
758
310
902
478
14
865
674
195
75
7
922
559
680
485
875
683
727
71
841
15
754
757
785
385
779
139
585
855
353
215
599
444
143
508
421
534
75
163
606
313
184
681
504
356
72
435
518
696
657
933
808
969
730
35
361
446
811
831
837
714
887
801
197
157
623
101
856
236
283
869
856
36
687
175
959
487
841
610
556
365
635
746
133
427
833
755
642
137
608
850
692
469
712
654
304
486
560
141
404
403
997
260
253
249
270
487
562
675
343
606
593
20
280
136
292
72
938
17
664
960
485
431
258
676
465
283
341
683
111
538
284
647
434
755
288
699
176
331
31
286
527
308
571
481
742
20
210
972
681
345
558
207
400
611
659
916
965
426
384
570
312
182
572
499
816
742
95
599
776
200
602
506
132
439
451
201
711
578
521
18
571
360
697
65
83
98
659
951
384
369
116
788
62
231
880
773
267
793
923
577
908
617
53
517
531
259
848
512
304
869
63
368
851
641
421
595
564
239
142
882
687
419
590
40
127
159
820
792
790
225
627
60
374
332
869
98
31
652
772
353
405
507
775
681
37
441
269
440
61
728
809
73
725
581
306
983
214
618
797
24
365
233
289
84
51
115
287
93
876
119
212
512
42
374
125
137
150
50
278
301
563
471
447
33
127
98
971
584
758
366
286
881
285
245
42
463
215
739
238
33
359
215
708
938
523
459
765
884
618
538
20
29
314
553
235
460
560
654
710
125
565
453
146
863
681
386
609
206
286
560
182
788
924
320
527
99
844
805
596
334
692
212
394
709
502
586
571
431
717
981
654
314
93
268
423
574
165
506
219
423
924
686
779
257
141
838
658
398
265
210
412
355
608
805
589
657
43
813
35
287
152
588
505
356
179
359
472
786
846
36
540
414
245
456
97
852
272
614
345
360
566
924
963
959
74
959
384
884
973
887
413
934
256
22
544
870
179
697
522
615
567
337
96
774
205
283
717
729
401
203
143
980
654
288
588
534
263
512
793
594
584
284
518
633
423
423
330
373
601
80
727
857
581
351
410
36
287
27
369
932
99
753
873
551
911
298
971
572
963
836
394
960
111
688
227
901
601
963
817
901
865
670
197
28
163
520
351
683
361
324
475
217
722
517
570
188
995
581
716
293
529
437
783
354
336
479
199
300
210
759
770
305
607
864
214
860
238
523
834
56
710
802
806
916
587
618
911
296
520
423
499
117
277
289
997
323
861
316
766
4
615
134
313
285
999
466
728
669
353
929
80
502
193
192
806
593
665
564
228
86
296
82
932
273
395
451
176
23
419
53
908
832
972
301
801
743
909
535
94
660
32
856
189
954
863
35
983
332
329
960
885
811
208
867
60
715
408
904
316
283
855
276
157
115
91
390
743
624
244
677
788
803
352
419
364
936
172
983
13
281
446
256
765
626
788
669
918
424
160
970
852
291
483
829
14
747
866
607
262
38
730
110
855
823
300
766
586
275
484
583
509
12
340
410
953
816
584
270
614
716
294
415
389
562
316
726
217
642
821
27
555
101
457
647
545
828
728
102
875
839
923
129
201
842
640
986
580
777
528
32
584
228
14
371
906
957
830
681
660
94
223
167
482
920
631
987
584
567
73
158
874
753
821
983
847
373
989
346
923
288
928
608
424
970
637
936
408
607
301
579
266
538
452
901
726
148
326
808
271
626
147
306
804
268
630
102
730
242
224
760
610
321
443
626
674
707
14
316
515
429
460
80
159
210
209
563
109
668
611
40
970
850
400
247
901
302
954
962
406
845
428
479
132
305
111
962
403
996
861
330
623
546
185
44
447
513
273
517
392
373
218
592
269
460
727
319
408
920
229
862
232
507
213
492
951
516
54
363
334
415
255
646
175
651
263
450
351
37
473
429
22
498
111
740
396
34
97
408
578
608
746
640
890
38
344
194
236
869
358
770
607
834
271
909
448
924
377
192
129
873
892
969
873
160
646
831
252
850
76
990
55
130
751
922
298
979
176
437
874
9
457
451
474
383
666
178
389
592
229
896
227
825
878
140
934
211
290
606
175
670
947
827
970
57
286
513
859
695
330
849
915
275
804
18
235
932
771
801
435
643
573
790
752
849
364
155
424
70
697
366
851
4
771
885
888
658
580
841
264
388
993
418
459
728
107
258
278
931
7
471
974
290
286
432
820
861
25
536
476
101
94
272
707
518
519
519
236
448
13
885
960
272
753
813
544
755
618
257
360
282
144
7
673
416
460
288
995
17
530
353
438
205
268
99
523
106
508
14
460
456
29
58
780
173
655
853
252
625
277
977
691
683
485
157
329
58
171
131
889
289
922
498
385
842
224
402
943
515
949
508
545
37
280
268
905
777
894
479
612
381
736
78
805
132
304
645
170
532
631
173
506
49
966
445
666
847
23
840
67
332
167
215
922
868
122
399
116
598
683
925
715
332
831
606
337
312
285
476
568
817
196
882
43
189
160
488
949
160
867
578
724
75
636
27
841
136
471
399
231
170
49
469
974
529
862
556
291
483
96
541
726
886
574
77
543
9
959
374
301
347
745
236
525
907
323
410
371
742
939
599
448
791
212
307
657
137
392
555
351
672
302
428
608
174
592
412
602
49
524
956
127
841
189
753
657
424
445
754
580
978
865
404
506
83
193
889
151
256
675
592
898
493
434
237
604
870
56
721
224
281
581
300
375
528
827
679
462
645
304
350
271
343
927
282
457
625
291
101
861
816
241
38
310
725
849
541
780
121
104
521
837
781
398
404
120
692
351
256
744
424
816
306
673
193
695
997
210
988
855
242
942
640
359
483
977
988
814
463
468
228
886
135
646
986
378
423
607
408
148
529
401
892
472
563
621
933
775
848
79
98
976
684
96
674
769
505
238
550
974
495
146
994
212
281
13
666
29
562
15
609
720
413
670
789
12
596
48
743
889
225
414
94
307
968
717
283
283
149
441
94
972
322
936
120
231
377
312
786
428
368
686
827
334
730
572
127
393
465
262
978
490
90
226
228
563
585
105
14
553
915
174
330
228
11
226
49
491
388
858
135
226
685
830
72
57
442
614
438
298
439
826
626
782
375
191
744
908
131
385
823
407
519
962
685
987
934
981
506
500
389
423
779
803
477
291
991
918
266
464
190
707
481
810
788
801
902
417
957
211
35
905
243
169
340
895
307
812
407
445
894
14
538
371
707
500
901
34
442
610
542
62
67
601
851
295
692
263
610
172
25
531
188
629
22
379
232
971
616
708
987
22
682
133
485
778
828
105
784
495
877
615
10
516
249
71
385
784
253
467
318
28
983
592
82
600
227
848
717
657
528
982
909
843
890
589
715
121
80
772
930
366
869
122
609
87
148
978
72
559
412
139
95
374
107
375
737
343
287
470
551
981
808
734
425
441
785
305
976
298
573
443
15
18
654
63
832
489
960
901
899
481
12
98
800
637
81
396
670
390
565
471
268
91
330
201
676
532
107
983
576
931
701
450
660
528
419
50
803
696
617
397
38
153
866
515
703
580
373
161
172
632
338
257
542
575
419
906
417
551
613
657
182
343
294
860
92
43
256
974
446
871
611
437
205
516
305
932
398
202
699
148
871
674
361
398
434
477
911
430
396
231
203
637
23
650
682
13
692
585
210
505
844
578
698
673
581
110
806
687
322
456
471
177
307
191
671
619
508
850
882
576
401
647
552
765
703
760
447
370
422
59
637
302
987
181
699
366
257
818
29
297
511
291
629
843
789
588
144
932
472
817
992
860
733
69
849
62
418
14
791
158
792
432
716
832
349
628
768
487
134
989
705
582
841
696
330
646
152
421
231
301
345
470
662
511
459
34
513
636
84
439
648
262
109
794
164
557
919
612
654
656
694
459
702
458
979
921
608
639
24
469
696
274
205
869
214
916
743
125
485
27
216
590
597
909
506
662
968
487
948
575
298
438
639
583
289
297
819
908
436
953
66
930
696
735
102
690
573
48
718
664
144
119
963
769
386
79
369
879
45
507
258
987
542
117
452
766
758
543
267
124
866
665
641
325
803
271
153
457
264
926
203
408
335
188
761
115
634
289
136
210
790
141
211
219
303
887
546
124
176
600
703
645
622
426
945
525
500
776
561
591
201
171
546
632
189
517
974
376
179
574
731
19
200
377
244
987
258
643
268
572
627
975
373
907
317
488
214
124
959
788
756
631
214
538
143
333
111
392
453
965
24
611
588
158
478
867
121
696
113
594
782
995
876
994
679
515
169
792
965
303
121
649
220
573
97
79
191
995
576
823
307
164
173
627
865
422
213
255
685
692
162
954
108
317
799
523
954
535
111
149
681
33
646
577
974
141
712
567
61
414
669
840
12
611
758
914
821
383
153
993
638
133
231
567
274
877
607
104
650
981
172
140
646
295
633
913
749
411
781
909
797
441
546
213
844
405
711
21
557
439
437
581
214
165
342
723
797
304
897
259
595
832
114
752
393
997
159
285
39
131
142
997
220
673
945
507
711
678
900
839
163
8
373
350
946
442
281
693
512
985
360
801
672
596
359
141
661
198
579
937
206
634
61
308
164
225
265
750
840
722
752
837
173
583
598
970
453
231
774
430
384
742
449
374
511
525
933
376
198
39
354
393
935
794
48
949
443
750
620
834
628
517
697
834
591
815
852
195
485
801
216
356
424
41
55
174
706
88
690
948
368
436
231
225
854
345
802
93
293
724
247
3
935
356
91
106
699
989
546
878
692
290
466
315
476
822
495
725
997
727
568
790
784
664
359
45
271
826
118
447
244
846
933
381
301
681
256
850
567
461
4
95
135
615
506
837
224
570
972
479
926
8
53
185
265
416
53
472
957
481
826
0
22
193
914
628
609
562
773
677
30
554
735
362
634
805
387
761
896
529
883
119
903
158
916
890
767
744
142
568
229
610
433
267
975
705
283
228
505
842
118
192
205
537
839
323
256
831
344
272
417
167
136
579
950
997
632
963
583
179
78
479
131
810
158
108
937
497
604
568
71
813
903
990
942
869
983
398
895
1
135
128
86
951
294
629
308
745
535
587
564
390
752
723
675
555
919
640
2
326
464
806
23
975
820
164
519
548
572
567
865
367
659
709
412
262
921
75
672
902
780
459
618
661
600
214
609
603
751
474
997
988
124
296
591
613
889
525
803
296
537
634
523
877
400
906
581
559
526
167
173
25
90
18
117
259
651
397
520
397
130
758
870
182
27
643
665
105
651
205
767
445
803
739
440
8
26
595
159
799
153
270
262
981
207
401
450
629
973
660
5
573
900
25
562
409
2
595
755
521
716
753
718
17
5
477
782
731
397
365
54
50
237
861
80
565
294
718
724
415
841
791
764
711
521
711
4
697
157
148
151
720
617
420
932
782
900
973
871
257
29
475
188
4
758
422
879
783
35
172
799
68
828
354
873
368
445
371
144
361
334
386
81
554
367
946
61
880
900
968
384
288
910
889
503
744
641
158
822
894
58
544
47
641
17
825
983
690
404
569
450
934
804
937
951
635
848
424
830
124
647
912
197
459
884
780
10
58
170
880
899
127
862
69
625
289
452
704
291
275
122
869
607
324
265
869
451
31
977
417
506
390
148
506
802
815
499
511
121
304
652
434
968
100
669
728
824
538
163
146
489
534
403
388
2
718
385
498
762
291
919
458
125
626
861
114
26
422
31
519
793
460
916
223
346
267
586
932
344
493
727
461
133
247
123
618
95
185
545
931
440
42
732
854
731
667
646
28
730
662
660
359
421
907
293
810
509
174
825
325
590
65
943
179
699
106
822
882
115
736
37
582
409
31
838
410
609
726
860
980
750
361
822
484
833
520
492
513
348
635
998
928
773
648
676
50
294
427
680
640
169
553
896
765
328
224
431
273
162
558
707
726
522
901
729
73
162
544
548
342
69
901
221
392
617
999
61
492
467
334
93
128
205
77
246
158
546
336
197
343
395
784
206
878
490
165
49
762
458
191
74
311
42
488
778
305
407
985
340
678
726
56
154
455
35
811
389
451
315
356
675
289
966
184
842
695
769
109
347
372
8
664
530
662
24
969
114
312
521
116
237
428
635
804
209
833
96
677
286
513
983
222
924
402
257
610
346
591
780
994
161
530
621
800
383
0
906
874
567
761
837
353
93
434
493
470
735
41
623
792
743
748
298
956
902
543
319
873
515
776
23
710
536
944
334
243
277
641
774
625
142
742
263
415
575
244
129
738
937
267
84
864
852
496
671
240
76
571
469
82
936
679
341
127
501
275
976
940
697
381
790
457
131
902
969
832
992
869
331
476
361
812
748
120
16
801
203
456
49
386
765
120
622
377
740
344
458
599
655
8
159
264
95
134
658
522
929
721
180
267
743
248
892
535
674
388
488
331
146
519
891
641
613
280
552
48
702
797
52
230
357
435
306
877
421
900
320
200
850
909
622
681
233
235
999
632
842
2
536
865
352
522
709
299
361
110
11
785
584
386
960
975
8
336
958
706
939
383
671
388
81
601
403
266
356
552
524
804
0
148
642
737
992
475
579
149
131
397
186
720
326
395
968
955
563
812
48
545
311
572
996
928
713
329
966
412
421
754
329
158
1
399
765
374
967
800
72
994
673
499
26
633
603
84
42
112
98
947
580
384
963
685
460
59
430
328
411
969
592
152
360
43
448
630
971
331
401
731
842
630
774
801
542
751
117
186
672
58
826
224
237
401
684
752
817
990
92
443
728
958
465
651
799
318
297
638
304
245
954
714
860
246
583
702
371
568
782
608
696
691
270
920
72
617
741
504
288
479
527
622
430
423
516
768
464
372
656
923
217
808
926
8
138
917
974
252
597
366
131
98
268
546
18
911
376
421
260
569
750
626
228
477
28
744
484
115
297
944
242
169
338
481
992
689
32
992
161
263
367
895
375
412
546
536
170
976
802
447
827
615
789
729
622
843
539
229
462
697
212
678
146
523
638
170
509
865
322
922
716
549
125
397
144
202
525
667
883
648
201
932
711
271
619
715
714
404
250
458
30
501
271
963
333
941
105
888
729
525
356
575
353
264
988
774
416
352
48
271
792
314
362
416
252
235
315
89
58
558
218
723
207
323
573
146
965
629
112
134
304
416
490
812
78
628
88
356
188
979
697
902
237
571
632
382
917
689
152
121
180
451
210
755
823
463
521
559
928
229
879
610
109
389
184
20
326
511
708
388
576
934
123
239
71
367
920
676
536
188
384
71
364
207
436
552
976
541
57
343
137
425
41
543
934
890
451
620
342
331
333
178
407
324
97
163
264
562
990
725
543
744
997
710
252
384
828
356
103
426
608
598
325
55
907
216
445
314
197
399
680
532
246
674
607
243
121
152
47
815
189
188
887
209
565
770
530
496
15
165
840
504
826
926
671
793
928
187
542
234
979
241
354
672
396
288
306
991
334
666
837
539
361
599
876
27
947
568
873
891
177
37
894
197
467
605
923
427
509
514
103
124
705
39
215
129
994
847
861
730
580
132
232
105
655
648
273
51
450
963
574
638
901
