859
319
740
63
582
540
37
213
537
738
196
701
12
150
56
978
887
490
422
393
922
808
173
421
251
25
414
900
871
412
30
759
920
570
570
326
343
317
982
2
399
953
234
124
190
699
945
546
568
182
687
866
225
628
222
975
55
97
661
817
730
828
70
841
585
839
154
161
722
325
796
106
542
667
207
999
327
103
804
559
534
13
876
376
77
785
222
47
390
870
45
244
694
189
161
529
450
137
913
67
164
159
18
538
354
892
639
979
827
358
77
604
823
764
312
159
858
465
336
256
108
228
130
801
808
107
916
645
175
518
177
232
504
376
861
853
79
815
230
946
567
861
543
334
469
599
234
379
899
498
784
366
933
950
224
356
531
731
259
574
924
240
600
516
219
330
217
840
265
57
456
673
398
79
743
625
245
273
235
248
444
416
204
95
29
441
20
720
172
888
17
754
844
348
497
35
360
571
593
847
899
606
514
549
789
696
664
112
403
296
384
714
786
37
382
932
95
569
696
683
254
982
931
309
597
238
432
946
3
15
98
669
395
34
822
536
607
756
111
463
619
6
542
797
936
807
123
332
929
586
698
536
757
842
956
874
865
633
73
659
17
248
703
670
891
745
282
320
745
928
224
323
409
200
288
902
786
762
782
144
341
639
397
347
54
207
338
62
29
259
360
667
637
28
390
223
537
910
977
751
534
711
975
48
393
658
353
903
493
248
580
535
785
646
821
152
844
761
270
925
470
566
298
502
788
326
792
972
87
622
391
59
410
877
391
57
158
879
775
437
181
631
585
443
911
585
694
60
955
733
687
945
30
399
985
304
137
331
676
120
946
549
664
895
554
391
125
627
902
485
198
908
108
282
768
760
372
861
77
625
440
53
