354
128
763
527
252
219
414
835
81
52
477
940
259
18
248
702
116
311
418
726
319
577
159
141
576
149
972
895
477
714
483
730
720
392
914
786
914
292
671
801
533
251
338
740
629
451
967
968
69
721
502
883
474
613
873
824
702
971
865
994
267
602
310
81
825
151
409
899
278
388
47
177
153
441
748
898
3
916
177
126
203
605
381
592
5
794
843
910
318
410
557
629
974
149
349
526
386
696
572
469
437
399
257
872
106
594
175
356
553
570
603
666
75
181
401
889
636
364
650
670
933
630
932
334
594
582
262
548
46
504
974
549
289
825
546
368
884
67
823
548
689
815
41
994
513
229
527
306
595
863
682
865
958
973
346
991
628
801
141
575
115
322
837
7
680
982
173
615
274
776
800
855
449
825
437
417
153
474
115
526
759
848
597
597
238
272
755
893
806
258
373
611
10
323
812
775
885
634
246
993
433
764
5
129
139
882
302
564
430
240
761
850
58
425
442
612
241
22
362
972
958
461
266
117
306
238
766
25
924
833
874
296
180
819
356
158
573
672
933
198
597
426
637
962
794
135
706
717
738
656
629
583
223
686
665
695
125
336
656
112
450
351
124
322
753
538
263
153
266
53
760
107
657
444
899
786
210
54
819
281
798
501
278
172
997
665
141
456
712
548
215
153
753
208
249
2
610
493
916
935
686
711
794
279
568
195
990
661
382
186
920
630
617
615
354
5
524
666
955
993
135
31
37
424
591
440
308
901
163
791
461
972
301
400
120
263
3
355
372
889
202
783
894
527
606
170
350
863
624
13
518
752
213
116
527
281
886
428
113
853
265
92
935
988
732
974
165
518
801
575
680
128
434
10
984
944
674
915
676
317
14
350
458
952
638
976
73
663
900
646
389
616
912
666
150
259
405
692
526
544
316
180
13
111
923
773
779
638
409
925
433
613
465
530
484
541
504
695
319
711
220
35
915
66
244
194
326
180
318
309
630
537
641
365
232
321
759
309
314
188
862
389
705
377
148
467
719
12
949
572
300
373
275
848
168
109
576
795
979
988
834
231
841
510
851
7
637
988
660
119
361
662
182
679
151
990
933
398
616
56
290
427
990
125
371
463
591
631
785
910
905
231
165
605
700
546
815
381
585
930
653
229
373
688
493
918
185
136
863
215
802
973
378
193
520
923
146
109
845
315
498
474
363
801
963
483
714
801
329
972
246
128
622
996
369
743
30
910
34
10
719
259
449
215
146
450
981
322
298
831
852
149
864
409
527
477
113
812
288
232
701
951
913
202
108
121
722
14
766
789
853
306
687
668
634
147
622
657
626
887
681
599
123
402
311
583
959
160
929
902
89
194
182
155
189
147
73
534
995
666
993
612
912
258
5
415
160
476
594
219
164
710
378
675
867
37
586
809
713
542
449
772
961
163
680
564
264
97
523
465
568
733
98
97
821
879
948
729
376
662
873
3
989
811
137
405
339
138
198
938
215
187
588
570
981
695
137
741
901
926
732
948
78
773
950
424
769
972
15
956
509
294
79
341
274
114
91
275
668
238
431
119
14
923
686
524
296
859
419
426
383
295
738
109
936
381
769
988
760
671
245
766
643
87
322
79
103
6
882
447
36
652
945
684
722
641
923
310
871
426
178
680
124
127
88
831
259
986
958
346
79
882
527
137
751
501
932
619
128
548
28
911
766
904
231
252
407
538
63
660
957
368
748
291
518
524
35
717
746
638
482
229
760
314
946
395
644
148
209
797
849
192
332
6
919
974
77
467
889
634
831
90
766
58
419
974
522
872
269
461
689
839
88
106
175
115
531
974
703
241
167
162
822
93
997
607
922
931
649
246
188
29
205
52
279
51
227
893
13
336
524
834
509
121
486
573
738
976
724
584
635
295
744
893
970
825
686
808
12
330
629
65
116
734
407
966
604
351
178
565
89
136
178
919
305
86
773
344
308
671
867
803
772
522
208
907
179
198
560
28
696
111
870
703
485
890
96
84
711
146
802
898
643
667
677
210
882
788
308
562
776
530
987
21
527
535
325
711
99
561
96
791
970
446
863
325
642
206
556
418
486
417
975
447
575
951
248
870
659
150
285
101
596
990
472
105
255
329
577
502
832
782
715
580
391
548
309
478
737
947
207
909
685
679
423
217
32
86
599
991
832
616
701
661
650
743
239
930
817
172
48
492
820
0
284
657
474
724
916
967
252
288
46
7
23
600
900
27
780
221
695
961
830
311
143
639
552
416
778
126
896
996
192
700
676
957
798
249
23
338
831
699
328
607
355
149
176
736
346
722
518
528
674
807
424
718
849
591
392
974
519
376
721
174
586
866
460
87
120
760
67
723
883
55
593
558
348
587
685
452
311
705
401
506
446
671
27
577
828
888
215
181
489
940
599
853
69
419
296
658
403
762
498
754
523
582
539
566
948
222
49
71
876
797
331
72
421
604
754
541
191
335
649
489
460
198
982
325
739
731
740
324
124
539
22
155
45
621
706
382
871
440
264
678
384
530
494
606
277
482
562
749
364
255
202
990
804
889
867
362
209
669
484
896
504
359
342
394
499
328
58
481
369
86
199
739
837
523
751
96
857
853
909
573
808
188
718
87
549
787
73
177
675
326
923
297
521
874
707
140
185
962
871
866
918
717
114
508
808
836
906
874
806
65
442
817
742
244
961
289
371
119
692
997
820
321
839
148
389
432
819
660
197
703
757
550
107
575
667
876
789
50
4
631
582
90
842
254
11
408
782
128
843
961
881
322
953
763
107
469
911
757
218
134
528
436
311
369
98
394
776
656
927
376
510
676
911
165
116
447
851
335
643
624
688
549
115
853
973
671
170
551
131
61
786
967
601
413
379
367
553
320
957
979
619
612
583
989
667
476
689
968
609
26
10
397
870
95
791
577
110
690
489
120
502
412
626
306
938
885
811
627
459
783
701
865
76
247
810
830
144
316
535
957
962
832
945
378
521
579
992
698
709
687
508
10
226
239
571
99
720
320
85
674
308
17
620
334
751
775
91
243
161
393
169
371
378
267
730
652
517
285
491
669
337
699
784
26
309
88
787
582
31
715
3
560
777
124
399
95
552
376
349
831
682
551
724
925
484
271
42
655
486
538
27
60
516
930
447
611
241
524
414
896
34
178
370
633
212
363
161
831
451
925
974
783
208
539
491
912
685
353
349
207
57
604
876
597
947
111
70
219
156
519
415
316
550
328
750
344
459
161
575
194
771
739
792
575
261
647
131
990
625
628
311
903
648
560
771
508
257
494
272
324
97
798
466
782
446
82
787
515
416
308
388
324
149
341
185
571
431
48
167
981
251
933
652
820
505
378
35
907
931
204
619
843
109
27
60
43
599
491
965
916
9
263
220
610
356
320
211
358
193
651
555
336
728
72
792
210
567
214
721
152
125
701
74
12
962
35
112
982
205
728
984
792
945
61
788
919
389
559
451
813
415
650
148
612
948
120
247
637
526
681
384
462
899
476
632
738
886
211
602
675
604
884
519
458
756
228
271
831
532
743
637
68
941
250
677
323
298
642
380
809
482
853
492
458
800
101
163
883
227
645
439
518
31
284
600
896
647
223
170
399
276
811
109
151
671
80
763
156
271
497
685
257
24
431
10
543
456
805
885
121
879
983
522
844
307
596
126
436
196
122
64
682
682
816
471
825
258
182
977
88
271
305
116
898
75
468
557
329
521
456
596
217
581
659
32
256
859
230
188
891
817
609
397
740
482
81
551
456
352
2
619
44
429
815
439
608
702
710
450
908
973
129
642
639
745
975
508
454
500
305
591
201
897
664
222
233
568
635
320
478
175
126
214
701
214
39
496
919
231
458
76
276
425
565
124
934
344
893
619
723
554
647
227
762
680
859
262
126
983
962
528
488
226
600
181
462
934
292
788
730
297
333
447
254
840
431
774
987
780
395
199
313
16
492
5
849
258
590
994
574
59
305
177
529
373
235
285
300
608
3
751
198
985
665
568
445
143
12
244
258
123
724
447
86
715
637
519
555
595
789
397
525
890
828
73
871
28
378
145
466
513
479
677
231
961
44
554
806
2
999
906
735
208
371
28
806
223
94
926
468
944
108
259
544
534
568
322
460
51
499
285
364
796
685
170
513
342
424
570
899
556
877
859
110
326
718
997
987
863
386
429
736
659
175
969
178
899
521
385
629
207
817
782
886
231
977
482
544
261
563
883
706
802
185
301
354
268
872
323
995
136
646
450
650
874
138
394
791
431
298
842
126
67
511
23
20
571
958
553
447
513
608
74
823
680
952
323
537
291
884
532
450
590
109
112
319
328
929
419
755
116
160
169
987
747
107
141
275
167
888
930
203
446
602
305
620
281
134
480
37
624
632
843
178
740
764
114
323
481
352
399
163
118
950
954
903
979
304
19
558
5
804
523
832
152
911
471
983
538
630
217
578
320
479
45
537
103
342
574
994
305
