74
825
250
647
62
578
409
293
708
450
660
843
309
863
760
763
716
814
941
813
35
408
185
79
848
240
561
331
197
979
431
197
477
293
900
592
706
972
878
148
788
419
981
485
252
245
352
899
334
740
941
482
789
733
797
998
688
146
269
748
738
468
17
47
368
938
603
966
147
930
393
727
181
739
253
594
952
69
189
724
826
469
59
271
773
617
223
442
578
397
673
26
614
615
467
885
69
197
834
910
555
297
853
282
146
805
637
758
741
489
645
923
834
87
612
399
950
111
21
729
683
684
312
825
173
882
617
106
538
178
21
276
7
475
725
530
79
863
180
61
110
207
155
915
196
620
731
280
510
979
594
815
790
364
662
29
730
240
151
138
914
708
922
533
643
398
919
322
81
778
748
555
889
826
642
921
972
672
701
525
919
217
538
527
383
169
112
73
666
900
289
242
489
832
778
675
202
637
998
367
394
973
737
315
488
878
224
703
860
657
582
929
510
982
184
549
371
206
922
179
449
917
483
973
212
634
163
154
114
428
566
388
713
826
744
963
160
559
871
148
418
601
833
977
119
156
634
486
12
352
231
565
579
276
521
543
238
381
489
352
901
359
346
630
999
926
885
485
197
777
949
49
769
148
874
914
773
921
99
917
801
283
924
629
684
462
584
861
203
830
15
176
904
210
544
79
826
220
139
879
674
377
837
964
117
208
590
446
437
608
567
423
355
322
188
677
71
288
778
762
488
496
826
334
855
402
787
758
877
954
638
259
972
617
763
345
755
479
121
738
748
373
538
823
343
858
172
50
545
524
668
499
312
313
134
957
525
113
647
188
964
673
499
678
175
71
850
307
222
813
414
314
507
636
488
105
346
871
744
96
862
992
410
195
471
731
69
843
583
141
800
935
267
320
670
356
23
238
728
166
146
991
489
898
825
450
237
850
631
860
290
515
266
631
177
671
793
154
454
578
409
537
114
971
31
681
378
25
96
170
56
15
52
201
279
590
657
577
453
581
523
702
681
223
257
605
3
178
51
987
995
159
527
337
81
403
427
169
116
97
309
464
206
177
255
231
884
905
694
151
468
95
385
904
559
48
30
631
814
616
240
10
760
918
405
961
65
739
44
539
111
127
235
722
734
129
151
252
531
393
309
263
822
643
141
680
504
354
374
279
572
198
796
795
842
867
702
814
950
864
484
60
464
105
734
278
724
817
408
725
233
704
546
389
711
685
523
232
473
624
957
267
554
239
459
137
941
890
999
554
900
549
17
624
162
554
410
270
444
744
959
893
625
60
408
437
683
386
96
100
454
608
647
958
917
919
498
545
436
239
676
755
335
622
726
178
130
645
787
616
522
736
374
754
800
407
956
867
774
789
358
961
106
492
407
908
512
299
100
910
379
398
401
100
500
376
840
879
915
424
900
407
618
485
508
205
490
918
699
268
540
739
220
411
265
994
930
977
758
63
717
294
975
899
50
857
597
279
98
267
466
501
610
311
248
835
810
141
833
645
679
578
642
367
827
390
785
700
196
129
117
277
114
962
740
745
770
486
39
277
280
922
730
753
625
109
768
831
270
548
444
457
324
11
210
197
729
125
475
455
121
745
559
11
238
825
981
438
14
743
94
521
494
143
568
248
117
411
382
349
619
663
109
427
936
562
473
242
265
885
93
647
76
675
106
317
445
61
775
716
586
697
887
36
441
350
912
62
473
335
607
415
917
193
88
570
229
219
571
881
639
305
947
704
499
517
137
406
732
979
205
552
953
999
76
108
436
509
109
791
642
300
53
652
761
16
458
313
984
226
869
735
463
358
264
382
424
570
935
802
373
534
748
159
409
124
426
556
595
382
995
895
540
78
77
933
50
925
343
668
933
228
105
503
390
248
297
909
760
958
362
38
686
835
863
483
716
758
886
545
298
405
671
978
827
81
283
456
196
991
82
150
751
227
453
613
511
467
298
624
838
549
941
13
83
382
603
593
551
200
482
574
406
335
837
11
395
785
4
153
483
904
807
389
812
77
59
134
495
554
61
237
240
35
540
916
598
570
259
733
262
919
916
72
402
680
648
200
39
43
634
210
220
565
899
75
462
373
552
494
840
130
49
702
416
349
467
454
69
709
972
619
884
773
22
986
642
388
373
675
436
993
594
706
746
329
90
126
290
287
513
55
928
926
832
481
827
702
693
871
427
464
898
518
295
144
286
272
475
78
511
834
246
105
681
818
177
657
447
16
748
567
368
615
427
147
358
232
173
257
664
812
997
770
520
700
633
914
54
31
576
587
586
967
633
518
265
328
302
833
879
326
407
249
371
50
899
477
248
664
897
76
415
968
557
637
282
480
87
9
380
242
805
535
532
71
152
404
128
400
324
452
997
924
504
298
125
179
718
247
610
285
381
987
742
872
817
173
661
341
244
768
154
446
814
429
798
654
112
207
24
420
759
23
798
542
427
420
897
78
527
590
71
547
811
840
273
879
133
824
853
544
46
836
702
670
288
330
119
128
597
323
703
947
363
166
573
456
420
701
653
480
714
470
203
6
632
992
532
298
859
512
605
454
767
943
187
414
286
401
697
385
19
421
7
110
677
404
63
445
175
0
996
396
732
459
643
466
376
352
483
707
841
233
665
465
196
839
828
475
460
320
176
13
222
904
262
963
192
894
360
267
119
225
537
182
368
392
771
787
238
523
27
665
122
681
78
654
193
478
415
8
135
681
561
215
929
904
150
342
600
632
698
108
282
892
50
699
682
473
326
845
463
461
254
653
370
314
40
913
386
362
791
418
554
560
559
93
985
993
45
778
202
21
836
38
810
574
762
631
782
148
881
171
527
818
9
829
542
632
546
158
362
358
936
908
937
554
119
737
586
735
550
763
336
314
128
603
643
857
197
773
913
179
655
27
946
150
928
605
481
377
473
785
942
446
261
267
464
307
501
449
712
534
12
174
201
779
602
777
491
787
974
129
142
610
485
447
68
925
767
376
55
631
576
549
834
63
668
313
68
591
484
895
142
675
197
990
518
203
215
642
140
407
283
159
954
247
542
908
192
580
395
330
173
78
220
176
242
419
352
229
688
929
56
264
434
192
924
175
597
479
451
723
891
713
423
948
791
52
687
78
27
782
662
216
38
771
360
853
505
848
21
248
448
886
646
9
14
995
925
318
297
706
625
408
916
373
966
932
563
549
147
185
473
447
461
541
934
682
569
159
708
456
327
888
353
25
594
708
55
815
500
502
86
954
14
533
147
320
340
729
633
495
719
825
390
851
548
157
953
711
723
827
711
881
650
537
733
759
239
990
0
408
964
164
896
961
93
77
979
276
141
538
238
606
126
274
694
254
496
557
844
365
249
582
742
54
282
518
35
756
770
738
927
586
379
475
420
963
602
246
561
935
997
848
332
446
885
648
84
972
523
385
562
65
815
458
133
236
891
339
884
179
742
430
262
202
420
600
21
461
963
11
953
476
272
449
569
890
512
327
861
202
515
11
887
599
338
20
599
245
921
245
966
897
544
869
282
906
347
294
215
107
737
815
463
735
322
865
593
175
770
354
965
642
634
794
743
666
486
888
202
255
512
655
475
226
883
994
318
160
596
265
231
73
227
264
503
716
943
778
926
745
135
623
695
282
758
167
583
927
742
810
199
948
820
77
322
289
276
203
392
127
875
582
488
58
811
24
732
807
372
547
182
571
892
272
529
925
689
0
530
729
966
269
589
426
562
980
204
748
614
34
906
467
292
488
286
723
589
548
611
637
363
397
44
866
93
523
685
231
545
912
476
285
923
415
775
828
84
304
959
716
918
261
473
256
523
28
398
351
846
656
944
168
233
902
389
545
149
482
368
500
384
260
754
991
953
931
144
167
887
931
670
648
631
102
689
154
68
965
290
291
33
512
831
958
90
546
475
46
937
274
350
265
732
847
943
195
555
284
557
357
263
340
229
938
638
898
206
166
252
807
608
739
171
240
963
2
915
380
220
818
996
255
410
624
512
838
311
996
174
752
498
571
273
780
593
662
991
149
291
831
605
999
804
835
360
988
682
168
366
960
300
124
19
789
938
503
687
452
503
903
837
449
195
142
7
9
429
634
189
955
686
768
700
48
152
806
819
984
966
444
720
666
629
446
305
816
144
833
743
157
929
111
53
452
235
25
78
14
293
584
284
48
649
247
549
470
626
537
280
688
835
715
366
360
213
261
99
332
513
770
923
54
395
161
913
501
671
224
451
456
901
964
241
351
360
808
324
430
909
903
668
47
855
55
74
475
943
724
132
308
384
78
15
50
553
993
990
440
915
775
496
530
562
44
248
486
753
965
942
844
622
869
75
979
580
38
593
457
951
416
273
470
419
602
302
470
533
786
607
73
251
930
987
305
663
42
452
559
750
155
501
827
464
183
320
710
112
75
312
109
914
949
749
973
732
664
246
973
341
665
849
332
419
718
718
128
81
378
354
552
532
631
646
255
439
720
215
757
885
826
481
508
259
391
405
532
192
926
386
443
492
666
831
285
758
589
479
507
514
961
861
875
967
724
190
20
647
357
62
61
735
423
34
425
326
793
773
48
403
207
86
189
231
625
822
975
905
149
424
175
816
531
241
397
419
230
951
103
100
970
846
992
740
574
141
960
488
240
824
437
312
487
630
814
936
737
386
696
160
617
967
159
358
452
20
67
907
697
159
284
459
314
270
635
566
428
72
278
164
591
186
368
917
42
270
755
53
686
446
386
223
373
718
280
801
743
191
815
757
537
712
318
495
442
935
882
234
371
494
367
38
675
688
683
532
996
738
783
786
926
894
931
25
349
947
933
731
433
737
118
595
506
824
161
13
294
256
96
404
297
314
253
42
840
590
139
754
10
134
526
977
859
824
357
691
278
385
130
170
982
324
964
194
785
649
658
311
769
579
115
240
225
842
318
485
65
455
939
42
494
742
605
224
249
485
861
409
306
899
772
242
433
28
348
197
944
705
868
811
736
732
238
153
375
201
990
18
307
287
65
810
446
390
80
42
182
931
863
447
119
815
286
357
695
358
420
209
53
795
563
589
111
624
612
956
431
234
776
789
66
12
216
500
621
994
329
987
524
438
647
361
608
856
445
977
731
165
447
603
723
34
364
463
929
834
483
765
198
19
736
674
113
231
491
693
327
631
78
184
311
609
441
290
569
682
956
713
586
878
488
93
350
372
690
775
787
799
605
960
966
159
179
62
629
431
688
553
800
847
259
84
397
801
153
279
246
992
64
825
840
677
301
499
891
388
114
304
977
875
823
616
109
634
148
812
258
469
569
892
549
223
75
299
479
41
531
908
83
984
443
766
729
565
720
939
828
829
767
806
934
865
94
35
790
80
304
488
219
280
627
337
688
283
386
482
532
214
458
133
789
669
756
947
584
810
206
183
31
765
742
470
383
77
92
571
549
845
74
471
581
913
707
245
191
175
813
980
718
683
324
549
14
603
972
20
866
41
699
396
503
431
417
747
904
972
270
453
6
605
198
212
52
87
59
292
829
480
159
133
762
293
43
402
476
310
825
326
50
302
283
166
912
807
319
753
84
210
368
124
494
348
65
35
819
20
672
698
270
80
740
457
292
399
581
70
858
578
143
204
757
932
386
545
478
761
841
637
448
882
93
110
695
846
918
600
23
180
974
778
982
445
441
245
503
278
588
117
44
507
489
770
87
184
804
752
285
640
382
794
264
497
835
405
271
623
506
376
924
380
568
834
233
689
137
924
336
974
949
837
894
373
635
20
547
829
485
520
545
602
111
956
943
146
781
446
897
523
176
198
181
143
292
12
604
865
921
482
674
354
276
632
349
76
506
879
894
856
728
173
583
626
562
111
858
666
958
493
825
310
484
542
759
522
301
213
185
330
212
891
115
478
365
492
907
684
545
686
44
228
203
811
290
620
970
296
748
556
612
405
267
36
11
757
829
257
70
560
646
574
727
4
997
63
716
539
662
97
204
277
529
478
265
637
838
676
612
585
898
205
217
132
299
681
744
430
245
383
541
675
150
67
53
40
652
201
197
433
297
344
504
152
152
969
149
817
159
246
11
353
608
504
2
124
590
801
912
829
120
241
228
752
565
867
418
604
85
47
124
852
176
979
825
700
485
922
876
697
441
175
324
441
138
714
51
634
238
80
494
830
525
634
960
204
232
884
843
698
52
542
4
110
623
783
601
172
382
996
914
506
40
649
58
775
131
902
320
825
905
499
662
510
390
278
933
699
241
89
835
808
869
801
419
164
770
80
71
757
973
932
315
63
705
825
25
718
920
97
477
823
938
684
125
688
880
867
967
760
702
725
639
921
843
61
379
570
6
115
916
641
166
622
499
910
862
795
54
978
68
15
246
222
845
176
286
616
166
66
506
529
569
886
802
546
858
773
529
300
341
362
390
246
911
605
566
857
333
339
212
24
332
443
855
595
470
60
902
731
126
562
874
968
872
855
112
797
696
606
770
981
381
882
672
487
82
869
368
309
993
485
624
819
916
905
60
994
994
378
368
252
89
124
627
234
798
212
502
128
447
3
16
642
449
664
535
633
843
371
941
246
566
574
741
535
495
278
680
855
563
399
449
439
110
39
809
658
823
16
559
295
484
889
440
63
77
614
246
598
392
507
697
87
369
704
487
232
779
94
769
13
639
424
227
48
687
21
63
726
0
809
768
92
650
747
550
912
62
937
74
541
707
304
847
814
828
928
523
923
649
388
529
545
505
199
261
796
65
546
891
608
43
266
356
501
118
30
933
321
302
990
494
127
800
863
13
557
13
123
900
435
736
533
981
591
365
10
304
22
175
507
55
213
230
39
519
541
524
237
11
781
787
111
238
513
213
923
469
729
934
11
839
772
210
484
618
299
791
131
130
306
150
795
192
441
684
716
846
537
895
605
395
57
191
570
287
296
115
385
100
285
45
518
839
683
827
86
154
640
923
368
975
989
354
159
275
431
177
725
580
979
788
834
848
713
736
34
684
575
497
732
6
991
325
214
968
499
385
606
330
460
150
843
426
49
519
523
922
485
25
838
326
25
399
831
264
489
361
546
610
531
825
985
335
985
971
856
967
704
62
625
694
689
650
282
999
484
640
98
866
437
792
27
999
127
475
256
293
404
287
864
388
167
976
147
827
72
801
609
919
774
703
562
249
500
125
192
987
578
385
200
559
372
147
32
107
183
373
26
829
767
652
942
270
31
642
775
358
128
268
300
997
930
463
390
625
216
274
480
161
357
80
154
749
773
764
57
687
463
913
265
898
854
414
194
525
583
818
152
828
932
465
940
940
327
803
152
809
867
573
384
638
555
327
364
31
550
385
50
974
762
506
568
577
733
391
487
876
187
605
827
473
658
803
647
72
49
550
261
516
199
394
827
653
624
210
657
131
441
733
111
861
389
605
68
630
576
925
321
784
328
734
811
224
244
398
991
774
597
846
545
552
929
422
333
202
14
655
910
507
763
420
852
311
554
70
696
389
410
907
339
724
929
986
141
959
23
534
458
66
821
973
239
727
213
467
834
778
179
248
182
229
424
826
925
801
127
448
121
474
600
789
131
477
843
813
397
328
879
128
515
238
656
719
211
254
238
231
917
136
578
113
894
747
388
852
743
957
679
584
770
768
230
488
492
893
256
35
582
241
415
566
902
488
47
810
890
458
505
109
380
160
127
120
457
11
594
756
788
634
767
26
416
461
400
966
906
731
918
487
372
460
956
662
422
412
984
328
832
13
762
593
866
535
303
23
300
535
791
872
401
993
154
929
14
339
1
549
617
312
169
702
964
22
738
866
177
501
966
973
768
876
685
367
51
737
613
242
994
36
767
883
802
456
396
650
105
744
775
375
677
315
603
651
698
659
509
248
426
687
325
30
462
186
270
812
139
832
205
687
72
94
494
609
660
771
297
833
652
70
364
826
290
325
26
395
873
335
209
899
893
351
345
39
511
581
856
34
678
731
435
856
762
81
727
430
233
941
558
537
908
394
301
905
612
412
553
402
694
662
353
232
518
376
527
940
911
720
977
719
96
515
388
177
947
288
352
679
191
634
942
863
13
593
933
73
71
987
596
403
868
147
555
521
777
966
650
584
201
559
779
798
557
710
651
439
695
505
755
374
352
39
861
22
970
117
42
148
439
623
944
924
464
844
985
580
730
750
926
648
322
205
922
995
297
224
748
158
419
87
485
57
514
311
199
388
303
843
526
368
200
459
536
118
829
532
143
379
709
164
768
320
989
632
348
490
112
203
364
874
899
941
529
890
495
711
17
858
89
406
118
991
6
860
112
808
584
78
811
916
790
714
475
403
487
322
683
399
438
886
574
198
698
361
693
47
565
626
550
95
132
612
181
639
501
420
77
172
44
856
247
394
369
415
947
70
571
72
61
246
936
578
798
679
572
245
187
364
790
452
979
661
347
792
297
715
290
874
585
118
702
36
632
282
58
964
725
140
606
134
867
268
144
877
72
177
790
638
616
979
824
250
842
665
755
366
452
855
847
992
627
188
617
775
810
630
93
231
291
434
996
640
372
340
627
75
913
351
92
656
288
953
93
551
337
622
919
225
91
224
777
978
900
424
810
981
457
339
302
947
3
4
312
354
819
570
613
95
444
606
97
728
158
459
707
295
443
282
939
910
122
424
700
620
225
911
437
490
424
838
49
53
985
69
254
72
803
866
419
565
765
313
466
575
103
244
837
87
45
486
821
146
413
613
837
43
807
852
853
250
340
202
570
792
463
851
363
462
473
928
591
938
697
269
506
292
584
487
574
299
473
129
166
743
559
42
350
587
322
964
110
25
681
323
158
217
203
103
323
776
601
696
726
465
834
246
534
546
466
171
732
366
45
493
549
642
254
171
741
454
212
890
285
459
379
165
975
91
728
832
849
497
886
151
245
502
375
776
569
653
116
185
242
876
133
207
371
191
796
732
868
602
811
452
758
955
270
604
554
962
811
128
929
663
782
992
302
206
561
566
600
968
825
550
260
145
707
770
703
690
517
473
208
931
610
860
508
567
485
117
204
707
231
540
0
300
435
135
607
148
14
316
774
777
508
135
518
290
997
931
139
287
279
575
334
252
877
62
68
457
149
698
631
873
560
679
66
21
970
32
370
437
849
408
160
90
210
886
788
435
686
158
747
194
468
264
792
193
497
704
841
559
850
689
424
33
218
654
866
422
294
863
221
108
694
340
490
425
111
641
537
175
987
606
100
438
369
754
156
711
617
324
672
915
880
365
916
470
849
277
877
356
261
496
138
614
129
693
359
304
934
315
235
658
478
72
866
401
442
24
61
129
281
174
892
626
138
546
973
212
26
615
710
361
577
80
815
581
207
838
819
148
324
80
773
384
781
848
656
421
859
574
174
308
701
995
266
200
213
212
105
712
160
913
754
841
831
881
927
672
395
636
835
17
974
997
371
623
868
857
82
64
767
320
101
523
570
799
301
433
477
656
730
38
208
151
452
178
43
225
181
520
602
603
315
611
846
796
601
840
557
48
957
876
700
274
564
882
419
742
218
993
302
416
654
120
228
324
289
47
33
195
743
852
30
638
62
310
80
827
596
457
246
473
461
326
356
905
881
398
908
651
988
420
236
458
279
996
626
717
245
916
540
283
208
197
61
226
9
525
178
332
78
501
930
455
749
826
643
928
655
707
570
51
216
589
466
1
395
214
358
950
362
508
529
901
531
785
314
323
367
798
510
357
172
105
238
967
290
172
391
891
170
275
831
433
313
538
133
665
573
233
114
202
143
93
412
78
638
219
682
236
4
92
169
985
386
440
276
925
471
0
554
78
5
724
34
139
292
805
225
382
840
345
828
30
454
625
457
200
388
552
895
490
742
354
199
37
428
790
546
452
401
26
153
669
886
986
540
18
261
788
786
84
802
475
743
246
747
237
708
409
985
219
176
977
278
405
347
971
438
232
91
769
331
526
816
756
512
352
139
877
351
553
540
880
734
962
919
149
907
61
496
684
577
593
302
740
43
498
315
545
165
337
644
288
50
431
531
967
735
402
426
118
70
73
50
172
943
170
601
416
754
918
58
525
760
341
766
808
503
371
873
505
443
22
488
684
881
779
766
355
847
836
997
42
16
569
369
678
235
728
904
395
827
466
150
792
866
939
997
249
270
645
666
265
381
402
315
234
837
772
556
891
28
540
160
644
542
267
741
217
805
943
592
1
123
741
712
322
210
808
479
922
613
340
754
444
736
570
377
774
617
144
386
115
794
827
456
657
390
516
89
513
481
852
246
431
109
397
939
53
422
247
774
864
999
620
668
502
158
377
999
515
522
481
908
799
309
647
456
501
844
183
155
362
395
498
389
64
101
269
292
751
730
237
448
663
513
905
621
836
820
547
496
302
323
148
805
467
865
19
613
68
619
890
173
865
55
734
657
185
865
521
967
363
328
501
464
762
135
726
282
664
911
93
216
850
529
637
627
228
890
836
385
177
696
232
852
24
441
307
54
358
218
836
8
141
765
675
794
814
116
545
180
736
25
466
819
948
256
344
576
756
756
549
530
456
878
892
836
413
317
821
529
99
223
59
531
289
645
684
379
663
108
845
210
63
448
550
790
584
419
241
977
241
299
811
203
951
2
100
464
91
639
633
173
611
481
883
179
427
700
795
997
856
572
709
398
289
366
94
244
978
607
212
938
350
195
408
281
96
815
562
133
406
107
674
278
579
743
166
805
583
350
901
735
662
864
270
606
922
993
446
746
245
679
44
686
527
345
803
847
424
154
692
896
106
349
396
592
910
547
65
325
298
647
405
354
612
491
933
428
14
83
912
290
318
455
975
218
184
815
310
193
42
255
828
546
348
545
108
376
130
521
144
95
15
636
167
916
327
290
284
444
297
770
427
650
848
372
647
451
869
794
533
635
139
192
935
714
350
555
78
785
704
94
999
870
714
743
464
824
739
584
448
436
416
977
296
13
608
578
626
442
515
286
684
306
855
572
409
195
134
855
677
631
335
189
50
583
703
69
411
834
596
209
221
54
670
907
797
96
986
52
210
534
828
800
376
593
289
637
838
472
199
554
645
63
585
467
253
351
354
523
477
310
605
819
71
591
447
766
558
717
514
759
564
737
766
202
77
556
822
927
746
190
157
750
986
860
403
956
739
703
71
259
441
201
155
751
865
19
279
845
189
866
307
878
260
801
684
217
797
271
570
119
880
513
676
32
745
762
648
227
914
294
427
746
276
390
841
836
985
718
178
604
249
99
129
718
502
472
570
850
150
55
152
1
430
436
840
668
710
765
381
261
236
526
417
245
120
530
460
164
346
531
892
7
851
130
18
59
990
842
533
151
284
951
301
984
486
284
989
175
699
634
398
261
703
364
645
430
588
655
104
979
215
808
202
257
25
189
528
768
520
541
439
214
426
691
76
809
198
158
752
43
671
196
878
751
717
604
923
395
457
523
184
6
293
119
79
440
847
895
248
905
296
187
166
689
364
696
867
263
0
563
556
677
571
503
42
921
771
898
391
718
54
378
450
184
473
556
182
151
831
269
989
803
202
625
220
814
999
585
812
319
297
466
205
714
845
312
398
412
997
370
165
861
660
550
927
142
325
173
685
258
56
729
428
577
81
899
695
87
662
858
251
932
926
590
767
324
393
242
166
255
287
335
394
978
265
677
622
484
862
292
615
21
235
633
777
376
219
357
410
106
158
975
541
35
953
714
822
665
402
201
589
67
989
318
952
3
48
562
377
53
376
150
289
860
662
281
423
132
882
258
442
570
386
125
358
415
79
819
134
419
948
489
311
207
763
931
197
795
550
953
197
125
199
687
261
131
85
331
787
680
179
48
673
274
631
743
554
85
852
701
740
968
988
871
754
332
717
233
596
21
878
95
789
410
951
683
609
846
275
173
89
33
403
593
196
688
671
553
372
480
355
179
587
3
525
862
608
545
703
606
473
999
893
231
102
197
244
622
488
753
76
162
796
738
852
329
328
159
969
120
345
741
194
35
702
639
651
802
869
240
244
380
336
260
190
605
492
156
633
843
374
8
477
463
633
671
851
78
232
355
78
975
252
399
60
55
675
402
579
144
991
773
218
240
614
432
301
821
586
923
788
607
119
912
529
590
452
158
780
410
752
39
28
442
579
275
596
220
198
462
488
59
679
717
571
366
325
606
751
52
429
557
919
78
855
827
348
893
888
168
354
99
92
25
871
909
919
781
792
69
569
513
15
671
60
236
148
937
811
500
383
197
209
167
120
883
602
982
427
455
474
204
627
947
632
220
770
629
479
248
18
192
321
670
203
312
184
389
89
215
339
621
377
709
433
212
793
116
21
933
969
641
310
547
530
870
721
444
689
909
925
200
951
727
915
641
912
699
608
852
150
906
937
413
354
310
634
441
287
315
739
317
427
822
231
20
82
10
250
693
673
465
150
355
491
583
386
941
171
131
560
638
543
591
585
168
462
862
760
225
734
317
543
728
172
42
314
529
609
977
726
819
541
886
109
858
154
540
66
248
688
260
171
103
640
489
392
618
440
752
854
697
978
958
671
667
369
513
522
286
561
192
259
306
657
958
143
427
872
842
15
853
473
530
470
66
661
46
480
367
300
561
73
989
175
641
663
427
628
400
453
472
591
763
148
630
466
224
152
90
913
492
821
624
700
58
269
588
58
280
807
451
294
307
396
808
369
243
145
634
812
730
868
858
695
397
390
139
619
37
420
458
801
95
521
757
893
791
163
784
50
180
40
994
963
380
509
582
36
696
186
149
667
3
334
937
549
452
83
981
297
747
350
440
819
879
717
456
535
797
133
131
43
566
71
160
287
176
782
828
123
260
207
561
317
519
173
897
565
122
457
904
935
788
275
831
813
320
879
461
422
73
958
160
599
713
184
961
397
49
187
790
596
419
475
384
534
755
158
565
547
716
682
696
90
247
342
404
106
710
354
968
431
310
531
868
764
675
911
81
449
701
553
7
121
760
458
864
507
162
541
793
603
774
532
201
413
333
828
466
237
972
634
173
677
112
520
826
900
710
544
245
55
391
396
507
911
241
800
716
96
961
925
811
825
859
602
680
116
628
121
326
355
15
155
728
741
300
209
879
620
951
984
375
932
124
152
815
227
728
169
399
231
114
355
716
56
665
784
983
732
183
480
524
832
627
937
61
634
68
817
894
416
881
946
892
292
422
336
991
863
465
730
703
566
131
498
242
894
322
771
187
176
258
470
967
184
75
169
608
888
646
645
396
508
810
42
728
674
427
289
190
896
98
5
966
745
271
31
9
365
675
229
984
460
698
871
131
455
845
333
670
924
990
864
549
84
340
444
16
354
471
70
201
338
389
552
82
35
707
470
452
491
631
476
475
653
346
558
573
777
259
59
361
297
734
319
964
884
300
548
30
489
676
476
443
473
207
78
206
344
497
922
672
394
956
931
126
375
158
864
504
522
818
382
6
932
836
974
85
767
318
982
31
706
152
799
761
216
260
371
526
77
575
513
232
607
436
550
838
708
355
905
922
94
14
730
513
176
171
536
525
555
686
911
192
561
38
283
566
509
392
27
221
781
841
780
825
798
68
689
712
651
155
36
852
553
986
860
839
81
768
211
976
570
503
794
531
203
554
339
479
619
982
227
73
45
265
474
14
507
984
872
382
861
612
390
916
934
292
678
306
676
294
976
241
978
478
627
238
251
425
92
320
997
852
717
949
424
701
597
716
674
971
64
302
656
138
723
430
459
694
502
143
700
345
814
381
469
231
342
235
182
502
161
540
177
84
255
605
914
808
90
111
638
922
547
290
655
607
398
453
266
13
311
227
742
117
287
623
872
142
95
360
871
213
479
119
921
130
732
69
680
631
948
122
989
578
479
440
23
273
740
158
560
869
492
40
725
342
535
796
151
646
954
151
107
803
754
142
642
4
280
153
693
644
608
385
178
660
175
770
67
603
112
196
465
257
420
716
501
905
164
119
638
301
532
534
260
763
501
540
144
452
599
789
798
453
546
305
576
975
535
702
208
874
664
500
49
430
624
361
203
73
592
981
825
717
367
295
649
41
837
814
39
295
613
197
742
606
437
670
708
638
499
391
641
632
317
265
764
664
861
525
290
707
768
313
444
26
905
400
740
737
486
736
547
729
110
173
818
705
110
115
627
692
231
952
795
379
262
720
534
331
960
706
415
81
415
488
235
570
405
676
993
56
844
45
560
622
303
857
468
756
537
908
351
214
856
959
832
471
981
188
779
395
667
950
517
745
570
445
226
816
431
999
620
265
906
466
498
425
667
973
379
634
209
415
861
856
401
103
471
662
951
178
679
731
228
891
904
583
485
117
588
391
995
188
498
504
660
602
372
840
166
13
360
200
483
749
505
469
349
388
913
454
176
62
725
56
254
663
861
373
467
788
599
52
686
825
462
841
992
986
348
333
236
965
961
648
139
244
903
635
810
361
268
778
867
299
515
382
197
181
775
689
257
156
397
818
210
833
885
809
992
989
452
173
617
561
506
984
852
512
563
156
476
580
84
798
485
29
67
137
894
176
611
750
874
932
979
103
165
96
226
499
432
256
138
611
706
606
222
547
995
132
864
813
69
408
660
799
329
265
259
460
355
262
844
24
412
478
341
781
570
378
554
955
166
110
160
821
473
174
617
198
995
309
476
81
66
289
16
720
212
267
261
461
506
738
95
268
833
695
319
721
629
978
704
238
812
948
971
445
428
598
296
260
82
783
306
166
608
115
565
853
498
702
854
886
54
488
815
69
125
546
821
15
258
46
168
615
78
733
655
256
198
971
558
993
658
836
885
238
794
770
678
283
390
638
634
739
955
324
432
591
925
227
107
907
542
329
735
482
777
238
784
553
395
79
311
433
751
619
938
750
60
306
87
909
310
136
261
330
13
897
551
7
325
983
701
368
899
767
688
59
121
682
594
950
695
159
896
449
222
966
326
250
290
111
109
807
979
504
899
966
72
469
551
776
801
154
927
428
831
748
224
575
10
582
249
673
606
600
277
996
395
129
467
214
360
893
587
397
956
969
823
602
48
819
836
486
788
519
444
553
189
980
722
113
303
182
17
663
621
180
960
238
154
361
718
141
475
120
70
780
459
200
503
27
962
679
707
725
675
747
282
675
505
492
178
5
973
37
181
596
774
137
415
331
54
346
707
260
413
868
241
287
53
704
30
940
289
421
416
754
34
969
867
920
959
6
845
888
56
463
627
532
999
113
918
552
420
303
510
199
796
477
289
794
629
374
727
275
312
25
733
432
324
646
333
138
995
759
846
597
891
561
749
418
755
66
768
960
231
772
306
322
555
911
345
713
184
149
408
170
134
191
224
483
838
597
506
334
985
435
74
376
827
751
41
883
470
166
657
592
461
126
285
568
494
390
989
281
194
938
803
78
228
843
973
15
763
803
191
248
190
22
284
741
435
404
761
811
892
475
814
242
87
521
98
15
449
207
642
933
302
361
461
171
295
257
663
729
896
500
952
532
61
676
360
489
305
229
410
854
970
91
578
76
436
464
380
345
256
276
259
626
385
581
594
45
252
454
58
732
361
27
185
677
898
786
723
767
526
693
808
504
219
724
250
529
670
176
529
931
80
226
564
834
95
426
742
855
341
100
947
692
625
620
638
761
793
762
184
587
297
905
31
28
858
201
465
798
314
564
779
584
955
998
106
723
667
893
725
215
432
680
781
894
750
268
627
954
222
849
556
106
788
588
323
855
621
638
675
397
283
105
599
158
471
18
273
360
562
938
611
167
744
934
317
741
297
959
643
669
797
716
930
47
780
811
144
525
367
662
749
716
646
466
385
279
239
259
947
270
536
356
548
163
873
746
526
701
705
416
956
933
739
541
823
78
988
49
489
978
572
479
250
567
247
148
765
768
447
574
775
440
208
191
371
233
7
65
44
754
904
227
712
472
971
650
6
203
137
227
180
873
665
340
151
688
186
978
559
245
388
725
950
850
399
344
502
147
975
621
780
281
643
869
981
240
993
101
483
235
503
516
235
839
416
377
911
717
442
401
699
641
880
238
494
400
441
243
727
430
243
331
929
213
933
418
237
554
209
900
987
449
906
873
220
864
775
914
118
921
835
437
157
866
25
291
883
638
257
587
740
902
697
88
688
754
619
861
845
321
255
737
377
265
989
798
969
448
625
363
201
881
539
377
721
890
33
490
215
313
236
877
983
527
716
638
132
125
297
691
41
979
503
242
913
56
725
549
175
603
410
488
347
695
980
209
242
102
206
621
689
428
349
292
69
556
736
915
33
41
594
151
797
362
846
297
264
328
373
221
634
484
614
492
609
729
723
722
382
209
875
642
770
532
122
189
562
459
705
633
492
642
339
766
541
803
838
556
609
95
258
448
70
240
473
997
398
939
75
280
7
521
957
652
160
100
309
243
458
198
668
750
320
508
16
875
925
402
69
686
17
321
352
163
735
363
120
191
222
495
449
798
370
720
302
94
511
912
610
731
553
353
763
300
834
348
940
987
113
763
758
570
563
32
674
25
993
145
309
588
926
771
801
224
603
427
123
950
337
116
390
936
99
130
188
225
933
901
964
9
156
481
653
62
132
34
853
262
512
45
598
897
297
82
582
923
622
550
569
151
229
580
5
863
347
131
810
280
462
515
884
834
668
169
438
405
607
523
741
543
608
165
86
490
644
201
717
915
535
12
851
692
60
285
803
556
735
746
729
156
391
755
447
802
875
343
862
490
392
357
357
72
436
163
609
403
34
162
737
427
50
91
749
155
692
226
715
834
953
704
565
467
695
512
10
220
847
311
135
675
676
182
426
308
634
211
923
928
264
195
296
784
667
13
203
847
137
672
2
693
255
364
690
288
631
262
721
412
282
645
815
963
614
201
888
560
916
115
505
157
321
55
244
773
534
519
985
780
446
41
883
954
459
753
709
270
430
177
591
823
825
228
729
974
722
858
170
439
775
869
693
231
985
315
513
295
255
388
460
30
423
419
899
389
786
634
417
19
437
510
225
57
592
481
17
816
781
174
861
470
319
263
693
184
333
818
605
433
65
522
71
985
817
298
174
393
633
44
657
386
554
464
11
157
979
48
291
445
595
576
717
633
376
987
676
797
616
496
890
976
257
451
621
865
519
64
688
730
578
491
11
215
248
819
264
584
926
829
964
929
263
92
549
410
94
901
982
155
102
481
988
784
564
292
228
538
301
947
932
933
450
738
434
118
388
987
725
781
165
419
158
440
421
686
506
352
637
459
535
740
884
802
312
179
252
73
823
256
968
70
574
718
156
87
731
106
473
397
117
440
276
543
735
22
825
419
696
93
729
335
539
245
701
262
570
616
14
726
867
391
987
781
84
0
518
236
920
89
220
732
654
895
966
133
730
271
16
230
978
877
574
814
503
379
438
201
958
233
382
934
370
979
131
501
376
40
387
222
679
334
304
316
305
371
273
625
779
31
974
603
565
429
991
972
246
976
874
847
439
690
936
646
834
80
411
265
535
481
246
657
306
389
161
890
725
27
335
735
958
282
446
967
492
913
578
597
123
58
518
789
530
672
928
554
677
130
912
661
372
760
861
800
783
26
372
641
820
320
278
746
87
524
788
453
85
708
657
868
588
539
693
910
466
183
754
830
49
277
621
110
540
576
866
49
817
49
28
333
91
745
776
503
322
945
252
913
105
458
794
590
668
409
299
223
116
570
194
830
721
189
806
126
187
918
75
438
92
254
629
171
213
136
378
986
44
902
195
831
255
513
39
295
488
575
533
922
740
470
499
701
177
311
392
284
572
558
650
564
989
70
260
925
792
929
512
407
200
237
197
196
425
650
797
83
650
48
686
637
142
590
195
72
566
941
694
153
116
747
644
334
854
995
181
97
301
409
246
185
482
395
581
267
284
75
480
630
312
858
91
307
909
879
836
531
194
948
524
58
575
33
997
378
565
74
922
283
499
251
384
797
958
21
607
712
452
400
964
451
116
720
15
553
454
252
371
481
579
121
175
644
776
389
953
522
525
759
394
629
484
708
17
855
0
629
120
176
60
20
357
575
932
13
830
913
788
522
813
608
884
38
531
955
300
235
476
395
602
806
614
445
61
32
655
947
204
248
347
566
904
60
807
358
339
55
189
801
804
644
212
658
841
400
186
737
311
998
305
801
264
28
444
710
921
538
269
765
959
611
380
942
166
188
157
228
566
729
935
101
234
407
301
20
766
764
459
908
740
106
494
47
539
315
128
869
661
431
270
160
356
56
640
548
0
350
573
460
231
303
153
831
761
974
28
194
887
620
751
183
864
276
341
811
936
408
68
933
29
690
480
265
158
709
778
613
179
553
898
587
948
476
174
333
871
446
461
239
232
518
756
926
935
120
404
359
129
864
591
626
596
183
597
188
4
12
863
292
898
735
167
133
911
502
498
994
605
458
699
121
830
948
478
814
964
753
661
200
316
245
522
376
775
436
74
349
711
763
2
861
450
284
377
38
54
72
786
795
138
503
876
434
652
980
215
306
988
836
405
89
980
460
355
811
202
730
211
872
420
220
896
36
655
525
460
2
596
150
465
970
120
641
90
271
390
120
486
454
467
444
473
520
973
546
454
936
57
408
764
616
951
645
236
854
397
78
885
980
101
164
60
509
195
467
731
227
272
110
12
646
940
838
123
567
67
73
909
978
863
959
297
322
341
392
682
958
791
138
94
785
637
142
374
696
425
457
561
844
838
649
431
799
820
301
336
515
707
471
855
158
520
206
470
42
81
843
519
985
289
37
108
245
385
856
451
725
148
176
122
836
92
108
531
540
958
582
332
896
47
447
589
70
466
270
127
91
999
241
814
353
121
20
314
764
996
910
800
554
480
84
560
704
95
477
850
617
831
108
634
193
141
140
645
568
359
806
727
475
251
901
443
268
73
651
422
849
865
540
336
506
771
264
464
652
114
231
523
875
147
748
64
428
296
788
19
624
419
440
876
884
785
261
619
549
853
85
547
690
398
655
184
130
391
881
254
715
904
605
415
692
998
698
849
995
44
537
746
448
12
696
192
931
30
716
282
601
443
327
980
233
126
289
603
108
912
370
222
907
623
221
108
291
155
913
568
91
989
353
646
174
100
563
577
196
996
358
458
155
837
52
815
130
934
191
829
166
844
952
300
566
515
330
750
201
615
21
555
336
799
199
4
693
487
461
521
210
665
559
617
983
671
305
822
187
432
397
931
283
45
694
251
81
510
304
816
956
453
427
420
685
375
774
711
42
338
393
165
851
784
802
747
553
535
817
78
262
442
711
633
960
591
673
761
224
917
43
214
887
818
895
520
599
143
588
923
943
185
387
49
73
781
901
539
597
919
313
492
273
566
474
801
72
783
444
240
38
541
143
645
902
530
972
67
34
85
356
253
266
344
696
905
817
20
275
429
328
155
268
834
573
930
160
313
791
249
76
534
992
297
0
544
909
873
246
417
506
868
610
177
30
394
820
497
30
705
208
206
862
641
359
565
569
713
46
413
857
729
916
933
610
93
306
43
625
642
499
118
811
712
930
497
752
308
586
909
270
73
464
769
529
43
125
625
648
439
113
616
675
770
497
850
792
261
481
107
789
90
276
910
632
437
920
859
339
938
55
121
939
343
287
459
975
557
563
201
213
769
67
758
408
401
7
450
614
605
457
739
246
124
663
709
806
816
680
907
787
207
646
384
882
199
113
295
971
332
285
523
637
985
90
772
436
658
897
583
631
409
142
720
838
589
936
838
953
51
150
420
964
904
516
296
23
436
258
913
257
700
662
738
788
101
568
69
571
496
875
334
552
542
180
949
931
673
2
23
637
564
470
578
363
992
28
795
357
789
263
878
622
225
482
705
462
600
499
710
634
560
570
867
469
983
463
431
928
691
970
19
486
494
100
146
659
412
363
494
994
155
730
97
708
854
182
822
222
334
821
66
788
517
282
641
106
856
459
625
882
536
724
21
191
565
196
711
520
400
516
766
952
235
360
799
490
56
462
515
625
339
772
509
998
772
998
526
219
365
700
511
692
908
106
418
357
77
82
566
462
760
604
693
196
290
885
667
281
75
661
829
3
579
522
172
258
745
723
869
771
290
327
542
338
914
171
190
100
443
938
754
842
431
38
768
481
115
381
889
775
450
816
216
128
314
245
26
638
304
788
577
671
147
326
657
872
455
385
725
976
609
48
463
415
178
175
523
197
906
597
718
615
306
290
768
363
453
888
755
685
340
941
863
411
261
758
428
627
271
792
155
420
29
432
882
921
924
611
314
314
115
119
238
581
974
976
769
402
471
358
876
364
90
532
180
379
570
156
916
294
69
765
292
869
513
406
46
533
394
229
800
813
418
632
235
21
371
773
279
967
428
549
353
805
893
594
578
778
280
258
117
701
670
668
548
575
227
103
911
734
216
25
59
202
451
421
99
596
597
934
926
215
32
768
589
550
698
446
614
813
298
797
657
388
398
632
991
734
975
861
546
472
218
388
910
580
827
184
818
213
528
390
602
805
319
827
732
123
357
882
916
888
828
874
551
64
560
653
793
566
975
413
771
575
595
562
116
561
917
415
779
981
687
2
14
967
565
17
650
742
369
938
56
311
739
771
24
748
937
984
221
746
528
515
509
144
623
510
451
491
156
364
954
998
518
325
216
823
575
208
164
909
363
739
438
717
729
606
818
724
173
197
801
975
575
964
180
966
76
261
389
311
470
108
716
518
235
356
618
474
551
475
654
699
79
72
26
760
404
133
729
365
303
655
295
841
383
242
212
205
108
410
855
345
567
852
388
241
952
907
873
340
531
94
387
709
328
646
199
50
14
542
631
58
948
899
284
172
596
723
243
410
684
402
413
92
817
495
838
33
274
85
890
849
918
533
351
765
572
425
747
72
293
659
979
63
288
732
28
443
242
497
490
440
415
560
803
773
25
216
47
732
644
166
63
444
820
748
510
457
356
644
984
54
772
258
422
528
54
95
923
27
621
650
359
771
754
657
813
225
116
85
474
717
147
387
293
290
138
719
381
149
191
555
364
751
431
645
854
970
659
655
189
272
689
568
973
127
601
232
311
897
189
736
644
920
3
552
624
239
506
810
864
979
111
259
209
600
131
666
167
672
578
57
854
646
971
697
289
913
743
394
261
748
144
727
936
962
879
264
851
551
290
961
154
57
736
800
828
77
130
620
299
958
689
0
266
305
190
975
86
548
585
370
82
284
545
549
187
310
660
903
276
117
77
240
911
522
192
109
329
314
986
183
897
457
337
345
309
668
389
368
536
844
299
597
164
615
772
22
904
920
30
891
958
254
278
691
100
211
177
215
588
203
646
726
434
460
833
216
90
940
406
783
60
286
856
910
13
839
230
997
291
717
976
805
820
182
588
246
788
78
239
945
977
475
754
215
940
331
427
480
631
5
477
431
997
941
597
106
507
496
249
608
481
919
943
964
556
481
72
526
675
97
623
192
652
623
970
797
611
26
732
525
486
899
324
526
568
797
677
477
776
64
587
250
925
492
495
977
136
587
887
997
878
743
133
79
193
779
386
156
74
702
615
116
501
785
256
63
760
562
942
658
249
153
263
111
756
32
315
771
422
263
390
136
736
309
869
931
155
339
15
968
253
210
66
433
718
917
982
701
98
241
378
286
738
0
809
123
545
605
680
747
912
946
343
835
230
214
218
607
624
826
131
933
529
978
126
951
958
505
137
30
928
693
869
244
751
121
749
658
32
17
82
304
115
344
880
219
827
734
241
528
490
446
820
631
497
355
322
914
905
58
829
869
113
282
141
200
780
552
783
928
310
687
732
732
59
93
780
410
772
377
382
361
751
761
837
882
321
759
688
424
859
851
598
662
7
492
627
87
997
552
316
129
566
180
403
747
844
205
576
837
676
548
260
919
161
583
674
762
446
709
589
986
352
290
336
965
662
928
598
869
37
894
391
473
100
290
963
74
969
555
86
769
383
226
752
254
149
470
888
827
435
54
956
982
779
681
383
910
82
761
512
717
138
670
43
724
973
727
727
228
536
