564
793
695
77
210
102
992
177
772
208
708
38
454
741
252
394
635
454
633
41
930
265
152
309
845
70
189
924
303
542
91
379
41
879
86
872
216
628
509
550
23
721
519
850
261
341
905
922
739
952
409
652
220
699
866
276
457
895
20
568
232
750
271
942
376
646
956
221
964
804
640
288
114
685
974
439
966
863
872
544
223
262
514
411
294
818
291
131
615
918
952
879
414
123
727
849
391
75
869
902
953
562
244
580
560
71
485
434
917
304
470
560
493
747
0
368
347
473
879
844
506
500
582
375
316
202
327
608
944
674
941
360
51
866
902
453
829
675
583
495
375
765
238
695
358
604
958
912
887
556
435
85
87
648
603
298
837
205
68
439
215
494
231
127
782
105
329
391
343
934
842
417
6
336
700
88
633
892
866
726
710
918
362
442
562
795
129
765
832
226
193
195
410
635
265
70
750
977
89
990
640
500
369
422
432
814
925
432
112
672
431
672
629
221
641
485
943
628
164
468
542
171
67
855
427
582
189
251
8
831
115
759
445
48
927
544
824
980
484
929
384
587
880
944
886
564
819
4
769
573
138
506
588
877
485
71
902
971
529
8
206
808
42
829
81
327
929
84
34
996
142
345
380
554
274
323
847
823
508
298
740
26
742
965
687
621
387
696
200
357
111
66
694
470
75
996
305
252
235
398
890
788
294
3
921
25
34
997
19
642
417
124
438
256
620
967
338
742
530
709
437
9
461
293
507
727
129
321
785
651
289
97
316
422
265
156
483
635
250
825
350
425
885
460
137
499
879
477
713
19
925
778
273
234
197
700
785
829
968
223
588
426
656
130
917
584
929
839
366
724
735
69
748
632
381
928
10
214
749
930
272
218
521
163
495
253
900
44
900
534
45
618
79
394
945
197
199
349
269
688
85
609
165
19
633
667
892
916
532
885
536
668
115
381
833
661
148
253
742
257
545
876
443
254
118
338
499
174
96
344
415
411
868
118
536
448
474
534
590
818
220
445
365
29
710
538
873
243
620
879
175
591
402
461
935
904
204
668
289
929
67
567
739
109
673
950
420
736
481
381
208
640
518
130
105
770
118
804
270
385
218
550
146
186
557
307
28
235
262
164
799
793
836
637
101
193
542
765
309
94
108
700
797
353
829
367
198
679
533
822
499
980
411
735
205
293
189
676
479
651
976
231
72
483
728
949
770
27
303
744
926
359
294
231
922
561
238
689
969
975
681
622
901
991
498
998
299
797
286
42
498
405
693
864
922
675
985
677
741
351
314
59
685
471
923
818
810
277
725
27
126
392
525
623
47
918
596
774
407
166
140
51
780
379
178
788
119
213
861
608
619
666
961
393
884
226
271
561
882
112
421
89
512
852
181
61
117
669
221
147
111
812
307
266
102
908
59
119
692
901
630
538
119
327
32
559
873
180
719
329
181
174
771
417
933
832
742
508
348
705
609
466
861
882
536
603
574
737
107
28
965
646
618
559
966
435
13
568
710
8
157
156
831
620
914
109
576
912
354
272
767
53
451
863
22
702
693
209
696
88
695
639
478
413
500
435
355
320
906
281
216
315
551
527
156
669
384
401
396
359
327
373
779
373
720
413
558
866
536
26
703
379
83
333
931
766
136
874
90
812
507
790
43
473
304
615
178
685
135
802
103
906
856
862
147
710
147
568
65
707
660
201
847
121
234
226
488
517
51
760
304
522
262
857
427
630
20
510
954
960
963
667
507
909
57
961
884
234
553
341
635
524
53
666
141
579
521
353
401
21
367
761
312
911
453
505
908
565
887
881
362
451
833
857
829
756
918
353
312
87
310
816
600
651
831
737
148
23
251
495
978
171
578
193
927
189
332
240
786
364
229
453
477
89
181
71
849
251
35
539
614
97
637
484
388
466
407
874
889
632
326
535
366
259
415
428
752
186
584
842
841
581
499
556
744
750
75
858
939
485
140
233
784
594
460
654
443
894
415
353
86
978
883
222
483
257
778
206
383
458
781
148
140
581
843
972
470
462
350
766
831
207
654
696
426
632
444
49
496
258
669
154
586
938
673
871
827
673
487
915
129
711
823
570
169
367
891
191
444
902
67
758
393
973
676
292
792
719
12
778
777
268
996
465
647
411
706
895
148
750
146
703
169
423
609
487
226
529
926
747
61
481
829
775
589
331
113
793
639
121
174
773
104
766
440
698
225
233
635
257
808
261
408
910
404
469
160
263
316
733
632
778
517
443
370
260
351
901
788
395
458
580
990
372
218
797
125
417
188
785
176
826
76
162
363
404
981
542
912
80
548
96
174
834
681
889
867
833
506
894
670
942
118
643
154
678
163
789
480
946
237
845
196
766
692
785
449
814
160
100
52
147
668
470
786
925
508
934
311
875
972
251
916
807
806
874
708
621
88
218
291
905
984
555
739
879
892
893
349
254
26
885
905
150
225
642
818
577
899
742
648
254
535
848
219
680
103
998
264
285
803
575
548
410
735
455
587
828
64
276
19
489
958
725
426
141
991
882
984
705
153
270
851
429
721
561
5
22
228
602
876
243
112
818
38
89
977
795
990
815
212
144
343
924
769
662
916
939
994
744
850
801
754
712
787
885
484
289
16
662
657
18
106
955
493
877
565
355
367
469
537
628
755
293
558
985
302
214
195
469
125
337
691
820
459
666
229
289
341
301
207
922
915
594
646
424
61
188
165
898
975
320
655
81
731
441
434
509
474
704
531
359
230
88
991
728
767
344
613
94
624
833
254
623
437
663
542
622
428
749
274
91
789
313
485
167
326
78
809
221
112
80
791
827
176
675
99
928
586
500
471
48
633
9
921
834
204
548
548
170
381
482
912
667
755
138
39
92
522
378
702
155
956
107
347
728
478
100
33
816
449
532
542
962
100
313
437
141
555
565
156
968
30
672
284
188
400
977
248
476
177
630
893
885
219
332
205
632
134
880
103
220
48
59
334
224
604
436
972
510
70
599
108
715
9
987
337
211
373
402
670
850
296
609
978
869
360
191
767
15
594
603
152
496
490
494
125
735
655
327
188
823
874
893
862
568
451
583
851
589
528
431
354
507
907
518
345
241
663
185
998
954
599
312
192
327
115
855
701
826
72
910
936
958
114
715
206
810
368
671
78
52
685
678
267
930
174
880
519
731
789
77
165
341
505
677
259
423
736
940
954
902
626
765
212
894
107
422
881
294
500
113
446
646
398
50
403
876
309
708
774
905
13
687
217
835
116
852
189
323
140
313
810
175
339
311
84
650
472
152
283
191
523
823
447
197
242
136
30
740
828
734
236
774
556
355
502
336
772
850
139
399
907
352
943
712
437
825
109
208
821
575
888
698
425
149
14
767
138
202
762
223
791
386
668
773
189
70
823
913
773
66
263
560
250
903
5
286
917
551
185
827
327
22
107
754
594
769
134
654
988
878
617
280
18
715
786
420
637
898
729
586
875
18
439
904
108
89
586
476
415
773
622
14
121
266
457
124
610
253
10
272
572
448
47
428
952
662
227
974
903
30
488
750
65
828
902
436
734
194
208
278
383
23
975
175
352
222
861
196
676
399
760
336
629
66
658
927
615
607
145
543
743
707
463
458
357
221
872
376
307
839
475
970
873
672
928
441
127
870
29
325
182
689
300
161
811
354
756
908
73
922
346
27
362
367
899
689
321
489
97
64
855
979
777
529
329
13
189
424
226
582
794
955
250
999
416
689
91
667
321
311
19
514
760
373
307
189
976
368
179
36
382
984
319
850
500
506
691
426
650
432
830
483
243
691
238
663
849
555
56
169
566
893
33
245
273
859
182
793
273
2
389
897
89
621
583
441
568
550
338
331
748
677
478
104
666
793
460
603
36
891
478
105
783
986
247
517
544
736
672
888
43
436
36
821
872
433
929
907
11
452
220
987
437
410
103
73
20
808
569
240
212
580
474
814
448
553
809
743
473
200
269
229
298
577
532
988
78
369
411
404
918
374
411
728
371
293
420
507
332
796
401
58
53
836
767
596
484
830
227
630
369
135
312
124
705
166
297
346
143
794
937
32
608
592
748
516
393
449
618
321
367
747
824
405
99
934
474
376
432
911
569
752
754
769
901
953
61
590
55
810
495
950
270
732
115
551
764
811
235
754
348
823
73
246
282
844
418
214
414
804
720
725
711
287
474
106
488
769
994
798
682
154
554
250
398
347
188
414
525
467
477
996
494
185
398
443
3
444
575
352
704
223
247
270
808
288
548
86
382
375
819
314
558
868
541
931
278
345
375
770
836
350
60
844
469
476
889
334
774
265
316
80
635
762
314
358
98
119
28
889
947
895
165
701
190
365
731
403
369
890
199
295
749
874
818
868
284
219
254
282
33
487
919
290
611
139
972
128
103
471
30
247
770
598
804
19
440
504
223
512
420
147
729
272
916
545
701
265
279
402
411
852
462
793
11
642
245
756
851
905
173
966
230
196
103
727
603
841
846
867
47
484
393
359
752
961
773
15
232
207
499
717
898
184
259
469
292
628
804
148
88
421
182
806
113
261
934
774
167
555
94
424
182
549
775
274
121
639
211
562
599
186
907
601
320
552
258
789
438
68
357
316
58
310
751
780
289
412
204
575
227
468
450
940
569
838
888
49
168
206
916
412
118
710
68
209
912
67
80
142
661
62
138
474
11
91
148
371
740
886
5
791
556
425
471
955
794
250
424
87
233
449
354
42
954
328
961
434
783
251
729
667
526
150
746
273
568
662
889
865
237
239
756
153
574
997
905
32
951
15
507
416
263
821
435
784
397
594
391
966
521
116
969
810
404
392
15
597
668
35
82
40
816
852
477
449
237
245
748
632
171
560
150
945
991
885
705
50
349
497
161
291
697
659
44
93
314
769
373
979
828
423
763
845
601
23
445
388
676
868
740
448
905
24
245
604
956
78
273
811
876
50
323
484
812
364
638
921
758
739
176
38
452
494
735
788
213
221
423
733
600
999
125
401
199
381
114
79
275
507
623
752
400
631
602
182
302
18
67
26
395
251
573
490
392
747
996
897
286
867
95
616
964
609
258
650
633
602
380
422
144
361
855
269
477
93
241
115
930
185
470
571
846
949
592
883
379
354
956
679
578
379
18
345
997
207
665
78
201
491
844
491
254
339
5
902
205
969
213
113
245
750
477
682
913
310
812
606
945
177
365
723
420
187
419
165
87
572
940
128
461
691
696
396
778
302
901
263
717
141
73
316
826
357
626
329
650
808
21
102
160
129
913
761
520
629
279
623
485
117
217
205
311
880
676
700
912
870
915
987
810
271
305
206
375
329
803
109
124
705
639
583
18
488
301
317
410
655
793
427
469
766
770
521
397
133
611
280
212
886
507
239
7
33
778
509
574
727
242
857
210
691
775
190
188
490
637
226
238
707
174
837
424
754
132
455
554
958
569
706
265
666
56
591
896
57
687
956
275
994
548
675
979
635
921
998
57
922
477
926
265
519
889
618
765
413
51
717
298
23
266
872
507
927
728
751
65
434
149
160
51
391
61
917
80
118
112
715
838
957
481
427
885
742
830
581
454
468
955
717
346
548
371
382
248
145
341
666
14
111
799
467
586
849
809
116
102
710
376
633
791
382
133
766
528
427
218
211
248
667
968
396
244
577
784
406
906
243
780
533
443
382
521
163
324
541
460
164
394
881
758
85
575
314
133
210
669
700
8
950
326
573
22
205
150
26
868
846
925
9
313
68
445
138
352
948
364
54
634
904
198
162
925
170
835
661
372
221
72
628
644
740
973
694
225
950
826
259
827
545
959
897
264
499
958
166
751
632
855
577
198
622
504
420
297
564
375
178
248
761
94
230
651
456
185
772
677
433
158
848
162
331
202
548
653
358
668
736
643
301
928
98
350
712
611
157
759
192
990
757
835
843
561
208
753
655
509
160
485
611
813
934
84
945
522
8
780
992
90
51
695
926
709
316
733
11
115
423
354
976
61
827
587
758
535
173
480
276
38
857
639
848
716
751
197
846
37
953
129
750
284
699
255
616
991
515
806
307
853
24
807
811
504
871
706
264
714
473
478
835
168
784
725
788
853
352
306
318
717
418
920
956
999
324
416
261
293
684
30
99
203
27
265
842
258
358
173
155
248
576
15
40
862
668
748
626
118
917
374
46
502
736
573
910
13
697
957
523
33
931
521
600
283
740
333
443
360
604
560
668
892
470
414
136
501
110
256
127
609
187
966
281
797
318
171
255
692
848
195
102
88
459
708
742
272
351
677
144
141
636
607
695
290
791
991
374
897
21
861
79
28
188
189
187
118
113
304
909
199
404
581
456
365
8
809
257
574
31
224
552
663
531
662
288
943
670
503
622
525
131
959
566
698
805
120
888
829
93
678
834
866
937
448
759
805
616
77
821
689
58
455
108
272
268
753
922
829
905
857
636
222
732
362
31
47
515
378
821
621
117
634
899
225
115
391
646
812
964
747
973
805
395
121
714
396
60
820
403
962
140
578
581
631
581
18
272
296
960
183
253
139
533
672
395
600
78
670
553
998
467
457
454
638
182
103
789
872
86
522
877
353
721
829
100
526
481
291
51
191
290
676
812
995
746
524
8
195
638
786
93
414
694
722
908
457
263
527
777
336
647
913
196
558
685
822
397
933
93
385
572
250
91
84
662
576
392
354
148
319
632
478
533
392
428
937
707
761
746
84
859
376
594
683
574
101
652
98
869
672
957
327
297
396
273
843
616
951
498
446
316
879
390
790
797
930
406
980
143
681
307
355
398
931
124
926
693
490
146
892
631
460
908
394
373
161
654
102
669
267
124
556
307
422
141
727
570
326
515
325
739
688
174
887
246
46
328
524
878
746
235
9
767
773
839
743
875
525
856
953
529
785
43
272
743
210
809
100
494
313
333
994
932
767
375
29
488
444
331
946
493
111
835
852
9
871
313
296
200
372
841
142
329
813
379
37
906
663
686
434
551
198
808
381
870
563
738
760
982
586
424
836
510
815
855
905
546
637
230
618
263
938
703
180
976
387
343
369
849
7
337
524
825
442
129
139
637
289
915
740
462
308
788
782
69
477
129
5
149
228
476
449
502
172
269
916
522
630
748
86
696
895
836
15
838
193
715
480
724
291
327
598
964
886
507
756
389
621
662
780
598
479
300
801
495
85
542
212
340
674
445
553
787
108
948
966
188
70
763
936
856
343
848
81
866
739
280
674
83
315
251
584
962
587
653
678
223
313
800
279
664
853
543
583
853
745
526
677
502
446
557
191
653
344
939
210
30
560
375
867
115
676
354
831
579
732
704
468
354
188
38
34
132
617
365
770
331
802
604
97
625
29
796
608
831
282
460
828
259
320
165
789
216
610
280
533
848
142
548
534
164
386
187
832
500
507
20
71
169
475
19
541
848
942
60
1
762
425
872
675
550
816
126
570
896
851
690
53
354
932
51
202
136
663
405
398
242
254
823
810
715
848
664
998
719
406
331
332
457
714
345
692
497
388
493
168
901
98
762
723
335
739
105
291
844
464
479
895
396
343
923
759
45
774
77
503
66
617
66
367
265
863
628
490
26
175
311
9
740
99
854
316
146
702
35
268
618
95
645
431
629
946
540
817
426
79
864
172
190
874
935
436
398
710
934
634
501
142
671
634
80
674
0
675
39
554
988
674
982
354
539
227
202
426
293
654
279
505
91
234
805
966
142
25
468
986
689
455
100
453
881
967
23
547
910
668
194
875
841
33
342
956
853
991
101
404
554
297
512
191
444
956
622
688
10
120
742
391
555
141
117
855
811
564
11
715
618
188
240
972
438
278
132
713
111
773
772
500
832
797
705
669
374
519
426
734
280
862
169
449
246
473
35
65
526
917
97
156
170
62
548
298
398
955
414
870
517
35
131
933
939
975
965
279
764
598
935
601
179
775
585
309
384
310
11
863
633
382
901
308
553
239
258
897
741
821
389
181
739
669
4
453
486
812
801
626
764
725
856
992
576
999
58
789
499
137
599
484
438
739
979
470
530
418
487
965
952
583
960
860
5
214
509
525
349
694
146
400
905
361
881
869
187
289
48
447
197
357
293
189
577
799
886
454
323
844
150
105
155
847
258
262
191
754
777
99
685
426
449
527
150
669
727
949
694
835
534
110
456
998
673
958
175
56
243
801
423
416
435
513
913
968
454
327
333
413
988
627
858
148
989
634
641
670
452
156
520
80
257
430
922
817
997
66
235
80
846
417
610
314
723
619
607
997
369
283
203
349
571
825
455
144
480
421
901
911
591
613
483
363
741
331
166
514
951
902
202
317
483
972
567
959
320
833
432
836
239
934
534
115
705
768
329
194
311
60
742
276
145
309
427
682
22
105
327
883
530
846
584
865
502
396
644
114
648
55
33
879
635
916
840
349
234
245
427
533
438
915
152
146
344
71
261
39
807
237
691
954
26
797
688
657
674
511
748
624
959
571
533
579
491
650
950
470
51
444
186
823
137
463
6
452
487
736
957
199
342
578
157
539
564
472
238
849
756
168
259
884
599
63
17
685
89
795
596
883
71
728
825
778
420
290
470
327
914
276
910
510
405
251
705
177
675
291
103
917
512
923
501
298
830
79
816
559
810
162
375
831
978
622
501
644
826
74
35
166
237
414
613
128
313
558
883
904
779
681
327
193
322
821
862
63
295
136
543
718
562
965
697
470
432
418
306
495
304
98
25
822
101
852
333
73
813
14
454
949
57
31
905
161
957
408
602
510
695
46
762
854
356
96
167
5
934
751
290
273
282
46
556
154
37
679
810
277
759
280
16
307
872
704
754
673
182
866
253
851
113
997
164
834
349
981
22
856
687
338
116
404
419
746
608
118
554
406
666
520
305
982
476
950
532
298
13
684
337
310
931
891
601
856
257
504
26
953
920
961
343
142
482
749
257
779
553
623
78
171
710
357
664
670
390
155
65
479
951
560
394
912
776
602
603
172
630
907
956
825
227
695
634
945
704
728
950
627
36
808
727
515
325
474
88
826
978
574
628
899
555
655
477
956
248
91
155
157
79
86
298
456
161
147
829
452
387
697
327
568
123
741
280
41
552
842
868
792
588
73
55
987
374
302
725
894
959
658
870
254
775
143
158
586
792
267
539
998
463
579
16
877
403
707
982
98
38
360
457
859
488
803
385
331
931
538
567
339
770
540
879
44
946
960
54
307
378
482
0
537
735
212
724
350
240
981
140
778
553
25
844
87
458
653
291
535
615
877
983
221
899
220
83
898
133
854
700
799
669
581
889
290
512
887
776
567
902
128
774
340
605
209
270
665
62
781
203
906
326
76
473
426
823
654
597
750
420
245
428
763
604
855
369
516
373
311
136
228
978
967
80
181
879
356
454
803
369
822
740
321
242
347
424
533
666
7
913
961
890
713
236
1
562
317
140
749
155
66
168
402
958
415
223
241
922
975
974
587
53
221
10
383
354
22
481
906
249
834
203
594
596
430
214
167
669
178
199
398
181
530
124
804
39
51
422
123
963
323
148
948
839
661
754
241
624
688
960
21
518
948
223
731
325
456
967
192
992
50
300
286
304
308
535
381
162
95
129
952
510
583
498
890
139
499
231
163
344
703
25
547
230
24
642
17
10
875
299
696
854
410
545
319
543
604
631
59
673
984
204
292
246
310
60
897
326
298
901
120
239
822
96
14
830
426
39
775
638
147
294
267
397
373
610
670
999
430
950
730
289
185
716
858
655
540
456
533
34
830
72
261
457
336
720
596
520
943
147
298
566
595
371
774
376
848
97
638
787
542
280
572
623
319
148
775
831
364
624
283
324
660
61
262
849
315
198
768
834
34
0
406
573
761
328
955
787
646
540
660
64
448
907
214
61
573
528
143
175
916
977
637
521
951
135
567
252
657
798
670
94
528
388
303
672
535
351
288
914
267
870
412
777
776
121
573
809
663
485
37
237
470
439
609
739
676
378
691
757
887
372
578
26
348
266
704
363
978
76
480
961
588
948
353
451
841
935
68
629
146
590
286
381
255
326
546
799
414
819
582
521
353
28
440
256
579
247
134
937
695
565
183
108
36
336
664
938
521
281
686
159
737
447
565
290
787
522
428
698
369
589
878
915
995
201
749
726
560
38
508
878
648
76
561
631
912
304
381
369
194
299
778
218
1
828
512
313
150
198
819
294
386
348
677
32
337
24
827
414
375
379
111
423
2
950
794
374
787
888
219
316
586
352
169
521
621
34
81
45
212
535
132
857
477
92
215
715
103
741
880
606
21
690
859
400
289
399
254
525
625
434
191
800
155
894
128
378
393
764
108
235
81
225
9
173
884
114
242
297
945
587
679
657
261
216
491
284
433
107
618
280
351
492
317
969
666
815
60
560
282
510
710
447
441
623
488
336
717
105
160
565
90
200
956
891
459
472
812
944
437
222
593
627
305
345
424
458
843
775
223
510
67
109
347
340
648
799
292
333
988
117
61
84
624
246
732
111
620
358
210
487
707
675
583
722
553
389
509
776
90
540
303
842
889
812
319
894
537
819
73
847
940
907
935
154
165
938
105
595
588
406
168
853
381
191
80
217
869
605
960
182
875
824
591
647
495
223
37
770
994
344
603
36
249
189
704
954
831
712
465
642
45
749
3
864
121
566
880
236
729
756
804
481
362
505
75
673
977
106
858
555
989
641
630
511
160
874
852
848
224
139
326
904
198
870
55
953
625
931
267
767
624
110
174
660
707
152
792
443
620
594
505
798
624
20
207
539
844
315
769
705
725
657
942
681
488
542
103
775
883
108
358
943
342
984
386
388
601
708
80
595
180
82
167
519
749
387
920
102
993
846
784
545
106
580
668
640
649
671
424
372
745
531
76
974
560
765
403
412
834
944
49
28
275
470
496
25
833
467
303
331
340
918
288
387
187
585
676
507
492
95
886
980
416
509
697
89
865
577
582
577
208
63
54
698
567
387
560
689
704
200
607
694
56
631
11
483
76
419
667
765
382
393
572
756
84
518
137
125
573
832
135
574
905
38
626
985
748
163
754
786
406
38
420
803
730
413
262
863
561
136
515
498
338
426
559
719
817
473
808
116
89
551
817
720
71
785
476
701
909
684
738
944
7
592
986
782
277
253
573
328
494
554
922
22
285
60
459
626
787
635
50
195
648
793
353
115
447
131
933
26
726
154
206
65
631
363
550
258
726
970
291
700
326
542
867
581
634
269
115
817
277
840
892
375
71
746
938
234
517
514
658
732
484
919
912
326
257
579
50
101
880
632
885
751
231
880
250
908
85
305
588
527
557
476
496
506
489
870
385
793
157
112
128
335
42
569
837
134
467
708
956
650
967
236
62
268
19
291
819
365
691
58
305
288
533
27
68
722
619
514
162
453
291
530
634
832
164
196
832
258
767
785
279
173
760
9
620
688
463
765
674
549
783
446
24
89
683
248
611
289
880
65
833
498
155
564
51
825
383
170
118
993
627
120
247
578
86
979
976
39
896
872
484
416
646
864
714
214
353
488
441
5
60
799
521
779
272
641
9
367
815
681
731
669
217
51
992
702
997
335
145
155
968
193
571
90
219
541
686
10
804
175
738
113
252
745
647
381
336
927
360
6
270
596
874
130
678
551
655
443
794
231
161
563
452
499
589
863
899
495
206
170
752
393
723
592
555
650
222
211
38
984
682
602
82
143
704
685
38
359
854
238
409
41
581
273
680
764
781
804
144
44
135
49
522
386
518
680
406
966
475
73
565
48
516
424
943
583
889
489
301
185
875
619
477
161
160
305
80
94
463
499
817
968
228
387
828
149
121
868
800
882
330
373
106
677
627
994
680
735
896
523
599
271
513
814
234
497
767
960
167
902
871
649
151
573
803
830
690
895
519
727
13
536
271
296
553
594
162
293
753
331
538
703
104
86
283
435
396
983
126
386
411
536
634
907
56
721
789
900
978
308
676
455
50
6
653
929
919
154
733
582
759
815
819
120
412
378
520
967
864
598
89
730
719
791
370
507
920
743
193
905
151
616
148
703
458
752
808
194
710
178
336
111
933
192
574
883
222
702
897
172
762
419
739
292
742
705
397
447
274
323
121
170
620
918
28
779
2
368
542
727
259
989
7
758
552
745
768
379
900
264
851
359
596
104
320
262
693
408
374
913
26
218
50
434
495
867
110
79
813
100
769
525
361
713
207
117
571
271
933
84
496
282
3
621
813
75
518
153
553
25
593
447
85
807
887
878
290
603
40
350
47
359
958
39
462
352
346
890
978
236
912
147
672
377
300
928
702
352
631
75
972
224
786
115
366
262
621
777
323
506
845
262
613
414
488
122
373
255
582
191
386
286
102
572
894
608
114
798
117
321
920
512
163
216
293
715
897
548
488
320
124
388
577
730
274
323
444
234
665
418
214
858
518
80
235
178
407
165
817
217
894
820
196
467
594
414
807
337
435
612
708
703
242
964
456
438
251
692
454
554
896
877
54
325
995
591
586
50
383
538
13
86
668
604
176
833
725
423
50
963
991
130
572
609
897
951
710
118
603
837
369
542
724
236
234
502
180
917
392
575
474
588
138
218
867
614
784
173
736
796
404
12
226
962
100
746
189
553
32
134
574
544
938
459
402
690
391
752
453
912
560
862
604
263
477
72
815
148
511
212
999
788
872
87
639
345
514
712
162
630
968
898
905
659
21
797
455
20
47
742
955
436
887
747
881
911
193
771
702
612
490
370
5
857
810
866
387
610
752
892
955
33
636
166
159
73
965
743
21
246
560
646
401
955
217
641
676
375
665
561
137
394
509
482
872
409
534
824
545
585
922
420
926
496
367
759
965
374
431
134
969
843
373
147
372
427
106
508
11
444
659
820
526
960
147
864
58
110
985
924
293
762
446
868
94
685
917
511
30
199
119
325
95
681
130
265
783
447
781
33
456
546
147
242
840
220
801
265
665
28
733
92
900
314
830
807
318
237
186
595
127
463
888
553
442
754
395
524
606
699
607
619
809
573
795
510
740
209
587
272
127
353
584
531
329
60
86
946
803
347
219
423
514
74
799
213
880
643
284
639
350
84
787
583
408
824
872
772
213
211
668
554
121
223
629
885
945
396
724
536
274
653
826
975
78
933
584
686
276
639
354
312
619
661
334
769
690
561
223
799
503
631
873
387
291
555
840
766
487
359
898
710
421
133
957
952
732
467
278
79
393
612
695
130
431
698
220
172
36
138
491
773
503
704
789
886
537
921
413
842
847
224
268
31
193
64
463
108
83
752
414
997
333
820
345
113
440
760
793
173
848
103
232
385
841
722
390
824
239
533
409
701
118
723
480
32
538
529
20
64
572
112
299
507
930
948
603
297
794
970
320
479
931
414
570
991
487
930
134
444
281
58
734
147
791
36
48
613
44
38
264
185
421
712
691
966
629
144
497
494
192
892
670
87
688
369
685
251
247
803
953
863
122
710
778
640
767
32
296
721
795
937
207
745
761
923
664
98
386
740
327
332
942
178
542
896
733
614
901
761
173
833
124
412
96
275
88
392
681
818
629
248
546
863
982
470
557
37
118
466
102
51
594
639
81
369
597
638
317
671
255
357
268
696
963
31
382
381
940
791
689
966
795
615
343
4
512
946
20
754
186
130
251
378
412
347
508
36
839
519
355
968
310
43
656
93
2
902
743
394
418
593
756
737
374
458
101
860
752
819
163
15
680
823
765
437
963
445
651
447
247
461
93
919
454
367
390
450
748
363
832
780
622
442
509
566
369
60
463
578
84
803
901
551
924
253
98
880
314
391
963
262
850
180
709
838
555
69
537
62
278
778
774
0
333
934
361
329
673
241
442
323
695
944
590
190
145
911
957
950
93
286
368
118
860
345
697
994
281
753
38
138
299
152
259
978
729
402
675
446
170
582
387
627
582
172
763
233
844
969
521
933
832
854
300
298
600
615
107
831
132
199
952
724
160
168
164
38
232
256
199
354
935
511
508
662
891
165
239
763
720
201
668
31
695
883
517
167
979
347
752
857
545
515
235
511
625
391
85
479
861
757
474
352
317
79
202
664
420
614
550
608
930
744
688
97
103
314
215
407
273
80
572
539
706
41
924
343
538
649
746
563
588
566
223
452
999
491
97
516
267
386
445
309
142
620
19
678
627
301
85
488
693
27
123
794
333
757
886
569
366
57
382
836
873
733
427
971
706
374
205
783
886
399
184
252
87
721
391
28
670
169
147
45
676
232
361
370
269
484
462
600
226
43
423
519
9
759
249
880
594
621
25
661
992
728
674
707
155
731
713
21
294
339
182
267
194
378
713
767
398
416
263
448
81
308
720
527
814
273
773
71
339
987
811
322
222
137
159
782
363
60
893
446
654
549
161
308
842
622
41
813
213
694
381
877
184
432
428
314
750
13
596
748
280
189
614
121
242
789
635
279
958
755
279
147
51
597
633
470
305
423
531
71
212
475
349
700
931
714
808
642
772
777
338
252
597
759
901
367
961
138
467
612
270
722
747
887
183
533
49
829
131
753
245
202
553
625
42
760
477
70
361
420
84
623
361
714
80
764
957
432
8
883
547
944
384
341
813
15
368
155
989
203
107
842
73
562
174
221
209
117
787
162
9
635
930
861
247
90
515
88
203
888
434
868
430
112
295
273
520
256
553
881
34
526
134
107
924
51
881
780
885
792
73
871
973
829
746
461
232
913
195
536
945
931
99
993
536
886
112
713
634
4
109
53
939
729
992
282
507
496
493
176
266
836
498
964
801
188
241
621
511
177
115
551
700
476
983
302
326
72
695
962
381
935
75
377
757
497
716
667
280
695
767
655
45
613
331
906
977
421
537
863
344
416
216
282
648
600
474
719
667
130
207
200
263
287
236
795
147
593
463
162
176
226
569
931
33
927
416
56
985
492
304
753
376
386
854
149
953
947
289
384
755
798
773
998
354
278
61
86
745
237
92
361
79
389
529
978
715
191
220
712
412
301
833
390
866
289
608
995
923
129
311
173
467
434
677
969
139
321
547
61
484
817
17
855
720
510
345
902
270
792
540
350
160
523
216
105
378
379
139
153
330
853
119
562
206
753
258
36
78
132
256
574
39
649
991
934
225
895
463
565
582
318
388
855
576
339
65
296
381
979
155
906
569
581
975
395
537
343
537
379
535
346
450
36
751
314
765
618
997
93
870
290
888
110
871
982
751
209
977
974
63
406
3
235
446
667
418
236
127
769
702
988
538
265
532
587
319
503
613
96
495
340
442
848
423
778
90
528
858
577
706
527
594
439
560
887
811
331
453
610
900
906
324
192
451
691
50
887
323
741
492
660
781
544
528
61
640
113
377
785
774
583
162
719
21
338
390
323
574
115
290
599
21
166
32
390
702
661
609
795
112
854
965
873
577
277
18
204
958
428
551
236
557
758
628
841
945
691
16
170
929
565
550
40
382
250
502
391
182
98
35
325
106
136
158
179
104
598
366
385
142
473
873
597
572
307
452
347
788
935
651
425
313
191
910
17
457
193
425
738
425
64
518
0
99
439
888
687
798
480
438
191
915
723
715
857
239
146
910
152
138
889
91
107
154
331
205
823
188
831
94
977
617
857
828
912
705
717
18
265
431
527
504
84
33
582
816
84
114
526
831
900
893
653
715
549
416
957
279
52
171
968
440
272
155
618
91
353
496
864
974
180
415
774
984
875
821
974
21
865
321
533
265
67
227
647
712
10
999
563
752
405
761
721
212
556
868
711
63
735
99
875
9
869
986
307
48
952
642
24
597
701
311
753
346
505
392
252
702
351
339
31
717
903
306
45
310
488
774
12
66
86
830
770
470
711
740
600
509
535
596
111
38
915
906
583
189
698
271
167
880
200
864
374
464
284
531
144
330
313
334
108
553
242
742
498
802
767
640
162
204
676
152
735
978
96
732
539
670
994
740
556
619
584
889
324
87
418
751
878
251
99
120
108
41
207
446
718
265
112
492
773
552
51
2
461
117
535
651
665
449
494
348
912
883
19
780
789
701
819
594
588
110
481
624
176
596
154
58
202
198
7
715
260
428
680
148
188
500
605
41
300
794
80
395
54
155
214
899
996
414
605
793
917
278
423
898
564
944
757
567
3
22
959
696
229
398
199
868
928
795
485
19
129
358
405
683
850
776
597
715
966
806
610
296
757
321
75
329
963
120
709
377
123
709
509
448
26
370
820
662
430
638
420
702
756
823
849
970
776
493
459
809
967
689
112
986
193
400
878
843
875
337
270
866
424
934
204
727
200
314
211
373
248
920
733
620
801
843
248
84
845
479
741
31
355
195
82
427
916
786
894
586
182
157
700
536
622
238
873
977
362
187
104
541
204
550
317
778
579
973
359
907
316
42
318
106
46
257
323
623
234
145
23
100
985
937
268
407
983
89
272
866
486
842
543
35
806
691
584
395
191
545
512
702
833
378
283
254
147
782
977
339
664
122
84
267
567
114
360
58
897
378
916
166
494
674
269
266
352
996
241
165
9
3
416
566
345
258
79
735
319
446
959
491
944
632
42
100
694
107
597
37
712
398
457
817
159
207
204
871
600
501
124
379
165
712
668
537
446
647
335
472
958
125
824
209
808
920
660
955
856
128
512
573
926
321
244
575
717
989
913
845
457
217
262
624
383
690
590
11
751
12
438
359
460
887
698
108
524
38
319
876
146
957
635
101
361
734
313
956
659
88
512
272
944
445
291
58
274
63
620
319
197
974
921
527
940
88
256
381
910
198
543
483
672
510
580
114
492
922
619
763
599
421
958
917
535
373
46
131
867
82
760
521
926
537
179
3
939
861
254
2
524
27
278
172
765
488
805
823
595
737
406
562
675
790
141
223
309
453
28
657
302
623
543
350
389
8
705
281
861
816
352
807
33
513
963
323
215
165
212
72
707
142
760
675
668
185
250
955
987
304
168
30
463
850
174
721
782
561
359
83
750
495
114
430
114
446
488
764
808
747
67
730
558
126
642
187
5
249
698
356
30
210
879
975
721
55
992
102
717
717
392
286
282
917
728
214
761
244
913
242
733
29
224
312
867
693
827
822
196
10
551
598
923
385
812
616
970
963
952
98
215
891
216
926
204
286
254
880
140
936
139
803
641
327
557
511
595
926
196
120
27
432
351
454
501
823
436
901
116
616
428
185
767
197
332
231
49
503
704
74
127
821
434
929
386
901
696
10
332
486
756
845
543
872
316
495
593
872
26
466
812
268
726
13
297
912
888
629
181
122
946
968
220
392
865
73
658
52
436
21
233
64
604
281
380
708
532
574
993
562
939
962
405
314
396
220
82
911
455
780
116
13
976
837
153
533
588
471
190
6
332
885
78
274
211
224
525
290
98
590
883
879
778
491
421
582
25
450
213
103
437
992
993
979
590
949
33
863
337
992
730
297
222
261
544
13
819
806
496
533
385
724
915
699
252
776
854
796
585
586
726
84
343
844
153
375
200
829
608
587
521
454
409
408
141
218
345
808
392
958
287
1
263
602
515
188
37
740
701
913
975
792
922
305
393
366
568
472
810
312
587
373
426
149
353
559
61
615
840
565
639
766
279
586
942
455
921
84
752
420
414
631
817
113
699
299
638
952
786
191
544
962
21
736
368
315
268
338
321
905
902
361
924
104
436
668
220
436
424
463
465
981
476
316
274
48
32
414
11
952
731
617
759
56
338
49
462
435
223
597
527
594
857
703
778
930
993
580
860
479
644
443
661
9
204
907
590
706
562
421
643
936
846
939
745
813
903
867
377
217
574
845
658
297
36
469
725
982
147
436
258
836
482
890
920
29
779
832
9
506
878
525
875
877
912
967
627
646
871
180
269
104
556
68
774
199
91
148
818
657
878
34
953
382
277
544
173
237
90
855
999
812
321
482
607
235
669
579
833
150
54
510
644
278
550
592
991
194
938
51
781
239
126
817
887
969
353
146
616
101
880
37
508
189
870
47
97
22
369
546
184
338
952
405
5
725
840
364
457
950
694
700
217
892
159
797
167
946
123
564
254
833
280
924
636
568
642
665
40
354
528
176
722
781
146
782
522
914
398
980
488
342
58
612
835
828
476
11
621
204
686
282
803
76
349
746
283
226
800
131
742
811
197
106
461
251
39
949
327
721
980
548
464
14
283
662
622
418
426
405
989
564
414
183
650
228
76
410
453
206
852
667
287
341
861
138
755
665
611
782
417
310
485
473
181
355
179
15
335
596
893
81
843
628
495
864
808
211
609
632
702
832
714
851
384
675
836
294
761
706
746
340
996
845
870
781
907
712
120
771
105
789
641
17
427
627
926
368
160
831
655
872
130
501
623
263
669
827
422
257
60
642
401
524
731
522
435
190
62
801
837
805
953
792
658
635
241
483
237
565
887
690
467
862
517
208
997
452
585
615
614
975
175
638
643
225
562
193
720
487
83
227
47
274
10
347
227
306
417
408
83
296
761
633
994
535
59
118
211
790
56
517
329
420
333
258
292
633
478
422
609
468
260
138
225
382
353
776
57
586
23
726
257
360
40
456
558
245
249
402
362
121
808
487
19
628
108
704
433
453
915
612
801
489
934
880
727
797
953
740
248
624
975
34
989
423
467
140
763
878
297
640
256
888
418
162
504
884
70
310
877
812
52
737
549
218
845
316
837
922
239
755
852
358
117
184
442
418
388
590
631
933
0
973
920
704
12
442
715
550
681
816
980
64
678
375
297
708
190
311
920
297
903
417
32
306
614
490
4
764
575
965
140
862
314
572
198
804
754
931
138
160
360
25
339
822
132
59
696
314
835
655
147
784
244
562
113
655
508
231
792
179
457
964
527
797
260
626
534
593
271
633
103
965
622
829
372
305
635
226
120
231
353
687
90
649
650
554
523
369
132
712
417
552
702
535
876
287
480
362
605
667
464
392
951
761
105
905
381
662
46
822
307
881
637
868
425
312
206
973
682
364
314
227
251
178
793
145
406
958
892
864
70
982
721
235
397
808
948
904
10
97
954
524
46
723
609
305
205
178
308
486
82
692
155
172
378
987
846
800
875
656
986
817
62
909
516
872
895
206
587
839
13
429
378
16
693
754
59
107
945
419
183
11
14
446
657
621
155
488
66
286
21
688
167
41
383
269
592
329
663
368
682
961
196
112
435
414
595
376
397
621
281
719
476
110
547
132
393
149
457
716
257
577
849
306
96
602
967
417
287
212
474
1
156
130
2
323
449
753
670
235
933
867
682
153
902
629
925
548
560
909
832
476
806
331
883
354
471
130
874
142
565
987
884
836
599
567
108
877
615
495
752
493
85
434
543
326
745
82
736
233
768
675
749
116
726
625
310
36
10
941
306
784
903
595
384
463
734
315
596
384
985
163
862
836
115
805
228
754
891
2
207
831
583
267
579
367
332
247
119
205
972
718
117
754
809
736
652
422
237
923
912
920
484
520
667
267
17
393
845
504
693
153
215
570
87
151
254
890
869
865
106
823
880
473
974
577
558
182
306
179
864
186
452
915
300
67
381
519
117
817
23
565
574
923
900
406
254
630
786
473
716
59
3
896
92
187
833
33
154
121
175
483
107
221
98
51
68
537
446
834
122
241
365
396
320
196
922
880
990
1
868
935
598
984
294
275
851
191
611
822
322
765
15
3
442
726
768
748
616
708
11
490
635
86
555
395
407
328
381
339
933
150
687
689
839
142
38
284
304
233
103
387
18
694
789
822
178
156
177
140
317
409
488
281
78
259
198
540
512
250
632
931
917
817
471
355
337
775
385
463
897
878
865
92
101
872
350
40
5
904
97
901
831
300
953
677
414
581
657
659
558
216
808
556
364
805
657
88
171
137
609
889
481
290
101
79
104
694
734
877
560
408
245
707
217
489
337
825
695
743
168
525
606
836
177
178
117
246
207
501
855
974
506
260
44
56
992
766
806
950
153
473
871
784
360
900
608
932
941
409
892
982
823
622
220
596
95
673
307
25
544
350
417
476
298
862
213
396
789
869
796
922
899
896
222
387
102
586
207
256
257
938
363
396
603
282
27
474
205
462
380
201
749
222
710
309
419
994
730
650
649
642
837
351
407
311
258
901
68
377
427
187
761
358
247
56
447
660
55
283
121
435
379
834
92
530
10
358
66
220
638
207
286
511
982
241
770
721
149
827
989
438
703
576
904
515
852
507
671
913
21
468
573
78
748
977
584
317
264
683
499
904
501
471
18
480
490
524
408
154
300
496
573
165
744
34
187
987
158
947
960
676
41
671
230
714
99
249
37
909
981
160
282
691
579
100
568
858
30
868
301
662
523
656
528
898
50
398
670
308
881
812
628
394
830
305
223
763
899
287
271
20
652
584
634
31
196
701
669
281
149
341
973
57
343
360
467
8
864
161
29
25
785
193
186
191
793
701
918
69
610
238
763
286
985
641
424
66
548
187
75
601
676
219
35
815
474
884
345
796
918
901
588
383
906
30
331
998
597
209
165
533
795
203
852
272
562
798
976
495
463
196
320
349
335
58
132
421
786
598
894
298
385
39
246
200
248
424
957
284
231
816
913
277
498
649
278
710
944
714
406
986
9
412
584
842
289
501
148
173
673
229
478
885
381
419
497
370
407
370
10
221
954
421
357
547
187
12
630
980
682
339
126
151
534
805
413
564
310
58
222
85
789
298
886
202
381
789
166
15
539
264
697
508
323
46
927
418
442
105
583
949
594
587
339
354
667
982
341
950
171
851
456
352
256
131
121
652
485
296
772
397
849
239
259
159
165
925
329
70
435
691
645
870
412
287
242
160
802
488
811
749
308
806
348
394
56
819
203
520
538
122
726
127
475
563
566
303
981
192
320
523
450
943
877
930
653
3
975
947
440
233
356
372
356
101
519
287
599
967
673
50
856
702
671
818
494
814
277
779
534
201
888
101
195
880
337
862
136
11
462
1
769
165
786
881
312
653
701
60
363
586
678
750
106
975
564
944
374
943
108
437
629
741
917
841
339
282
807
502
498
563
114
413
634
759
763
309
379
978
529
731
119
825
838
247
741
59
881
366
192
631
384
473
374
480
154
34
356
586
11
462
999
7
537
923
213
715
547
631
810
968
145
754
814
551
46
2
748
924
34
65
302
140
276
245
980
758
957
11
547
603
95
697
858
139
461
703
439
925
236
1
600
459
999
772
518
304
208
178
84
927
690
716
717
681
796
339
291
563
504
938
660
633
97
596
407
707
314
894
605
835
860
992
994
767
64
853
546
217
410
652
832
752
174
115
106
859
660
895
16
794
679
507
387
881
660
906
307
610
502
842
873
182
582
223
859
495
7
561
358
5
536
420
805
259
714
754
679
829
313
719
575
769
424
456
709
135
501
832
338
790
19
113
984
380
942
107
744
73
418
797
749
521
844
85
406
284
306
413
946
988
526
157
651
602
101
518
36
990
719
730
143
217
247
830
159
920
273
808
508
728
827
659
237
912
548
916
344
511
242
17
333
379
808
605
361
763
635
258
165
578
854
803
310
520
148
85
376
287
906
962
60
319
415
9
313
678
83
461
550
480
661
928
102
982
625
132
532
110
774
391
605
359
142
272
53
120
926
754
489
380
221
908
652
203
290
178
133
408
342
84
61
722
488
736
775
314
199
598
192
328
714
409
118
658
867
781
517
939
571
65
132
91
231
387
407
528
151
786
669
705
303
284
289
739
911
660
974
202
109
911
523
958
738
980
718
911
618
869
757
222
909
703
583
801
483
690
353
507
236
357
757
374
260
657
13
101
654
504
821
747
120
946
14
186
444
356
631
601
470
741
270
205
961
310
61
82
741
334
671
302
347
743
201
626
993
401
117
934
976
936
530
584
114
716
40
113
514
797
943
132
244
505
911
203
931
700
921
856
801
835
701
302
409
589
773
489
280
918
231
632
818
849
376
333
953
625
203
423
673
412
872
165
686
4
362
78
71
588
409
881
436
300
446
414
513
769
269
464
143
748
332
72
376
917
962
927
849
436
707
175
60
11
600
943
562
363
275
169
72
554
832
569
953
590
782
692
81
57
573
803
9
121
154
482
822
666
894
489
436
90
437
247
968
328
730
438
540
530
687
791
275
10
113
891
52
125
755
331
923
408
849
444
650
415
437
210
512
955
367
560
0
654
108
410
706
654
777
543
870
828
385
966
868
561
898
275
649
612
982
534
420
994
374
449
543
194
200
28
521
916
113
983
464
349
909
891
116
841
227
373
518
678
670
296
439
17
254
582
125
240
454
979
192
635
678
46
739
264
352
52
486
737
687
507
352
947
676
984
986
558
499
805
487
100
546
546
575
232
817
15
115
381
132
676
291
440
222
806
290
290
72
254
659
638
95
382
869
540
260
835
2
479
668
698
893
33
120
609
226
329
831
819
911
646
191
86
128
603
10
29
185
583
237
517
