279
89
759
61
540
259
282
767
106
680
187
856
43
428
587
193
197
824
661
916
685
119
528
377
474
913
558
880
685
304
920
702
315
136
937
400
508
124
180
484
971
827
90
224
330
378
732
258
242
707
529
822
348
362
556
766
823
400
494
771
590
97
747
18
517
792
500
962
384
59
344
170
448
369
479
816
171
607
685
443
103
226
728
930
971
182
422
493
649
285
989
457
276
132
24
722
554
343
683
656
382
165
340
580
677
870
694
228
898
544
171
522
200
257
725
523
316
527
897
267
525
124
752
93
673
685
947
944
229
153
651
646
352
390
827
430
813
742
850
849
667
738
329
657
514
181
957
534
900
433
401
602
542
575
955
884
186
223
209
210
498
224
392
23
355
281
521
932
636
910
136
739
873
662
82
734
40
873
819
654
55
103
842
424
408
100
961
249
467
88
948
562
814
362
549
871
131
780
250
986
118
121
620
245
882
491
957
36
191
914
733
512
569
519
112
711
176
230
367
697
840
634
178
366
45
770
295
307
964
465
466
316
424
971
433
235
816
420
963
734
90
667
988
103
686
299
599
173
89
858
385
575
517
665
542
881
297
420
322
223
98
365
94
262
462
281
876
474
200
308
937
842
573
168
447
344
458
744
412
724
360
562
762
472
813
35
788
454
560
621
97
526
121
980
704
220
459
350
969
910
903
992
188
267
381
237
296
470
681
1
378
882
992
84
359
608
102
771
56
787
838
424
538
493
29
641
622
442
499
694
555
922
855
36
54
572
997
750
844
262
423
484
996
185
958
299
484
929
171
724
694
811
622
865
70
39
497
849
3
76
435
717
743
611
205
731
77
307
202
80
375
523
783
467
760
311
421
340
236
922
503
803
650
402
44
173
340
624
59
648
547
214
110
32
489
804
301
427
964
35
639
750
92
218
7
459
946
567
833
106
556
637
247
315
873
595
69
510
598
782
781
626
370
701
144
786
220
810
106
286
279
360
25
909
72
31
657
287
364
540
318
329
168
958
472
714
398
340
364
98
328
810
685
659
789
723
198
103
309
480
154
361
691
694
258
311
6
469
963
845
827
132
818
141
43
346
868
578
37
512
918
405
208
99
829
406
38
221
91
588
344
75
872
167
362
441
177
178
307
744
927
663
388
514
278
675
818
389
264
352
162
947
278
585
464
667
730
832
259
487
644
827
320
734
447
278
18
276
263
562
947
662
386
610
474
698
368
518
801
946
304
248
89
553
536
124
996
94
152
717
231
582
484
667
506
102
477
584
966
605
890
881
601
56
56
194
913
32
419
18
563
174
696
678
446
382
401
129
473
505
227
729
502
532
520
885
226
614
36
410
513
647
334
973
459
4
413
747
501
784
652
684
605
548
148
93
958
486
140
533
19
935
543
655
84
646
379
831
203
123
705
648
570
814
502
953
698
102
269
568
458
173
870
22
250
288
647
283
99
325
670
890
582
925
616
789
189
777
865
923
882
297
736
798
930
774
606
409
101
177
180
246
316
85
198
294
784
208
375
258
579
367
386
790
653
735
386
469
126
583
87
464
362
410
157
679
230
228
675
538
622
650
493
993
512
171
935
296
352
69
886
246
633
888
860
861
445
376
688
724
346
46
136
791
849
397
852
696
219
890
176
15
562
268
990
397
113
803
693
294
817
726
874
685
553
964
393
33
754
324
104
589
484
384
552
566
528
804
521
125
764
597
425
220
180
380
457
597
323
897
525
518
957
61
213
961
568
255
188
704
999
160
724
62
722
227
396
456
910
252
432
658
348
689
755
790
609
509
156
231
698
345
458
387
145
358
980
103
360
390
570
909
953
368
58
913
783
185
936
481
773
448
997
858
953
386
170
167
733
836
217
741
786
967
376
890
505
830
644
627
407
955
526
693
571
175
204
771
792
864
350
766
506
460
435
931
551
444
352
542
435
149
989
756
15
776
828
406
944
328
703
569
79
699
348
786
235
202
703
952
527
203
109
410
944
142
856
511
672
340
628
484
632
642
20
591
470
406
602
435
786
49
434
845
566
378
657
778
258
444
415
739
594
437
6
953
485
399
702
603
609
844
103
454
376
954
466
820
801
694
396
661
109
829
912
922
783
997
944
409
703
177
72
234
875
284
119
71
810
845
987
946
855
777
935
529
870
927
955
261
438
164
265
273
27
431
495
285
583
990
78
297
860
679
806
703
608
371
827
457
598
124
1
826
173
688
367
697
487
909
339
223
280
564
274
674
153
243
394
858
896
562
566
984
742
680
405
687
796
613
455
634
427
911
517
773
799
635
484
800
879
9
158
854
283
779
573
748
946
334
484
164
48
854
429
217
80
288
248
661
484
304
630
958
726
115
819
192
385
383
553
924
385
599
383
109
588
307
454
811
419
380
323
209
241
780
589
313
551
940
805
807
426
791
445
202
810
172
55
639
311
289
563
720
706
2
116
834
829
897
927
524
312
824
449
331
809
778
61
778
991
815
974
335
619
870
855
377
716
413
237
725
262
819
925
768
998
967
39
87
52
210
247
138
453
574
436
191
339
442
406
346
892
582
993
274
284
417
585
679
832
178
320
272
184
715
203
345
752
25
54
193
395
168
935
945
941
452
390
968
323
962
54
100
1
420
368
348
832
84
341
784
617
776
302
138
795
555
954
702
285
341
611
315
88
752
525
230
628
579
980
860
926
852
73
253
35
558
192
536
867
587
466
969
660
170
618
544
114
545
109
979
416
334
171
643
918
295
285
900
960
250
82
213
974
22
202
648
197
792
725
564
409
650
721
469
693
997
911
941
969
352
657
812
407
609
658
395
954
583
578
143
163
714
356
832
721
603
517
337
628
221
59
66
742
5
336
720
535
253
642
799
756
51
329
166
196
601
500
608
94
342
936
651
97
226
518
217
418
758
959
180
492
209
462
743
247
584
723
783
591
885
120
640
520
184
65
436
323
419
613
574
872
166
283
461
864
468
3
564
533
853
827
686
992
82
986
598
503
63
93
757
681
778
723
925
471
266
654
314
321
570
265
353
378
77
168
936
362
532
793
404
262
3
790
226
141
873
811
53
81
230
330
974
424
807
200
554
887
412
91
813
138
827
235
812
554
638
739
144
907
175
811
302
89
931
634
620
47
412
909
30
499
17
774
182
961
640
859
266
795
308
469
216
978
922
561
332
843
636
543
25
857
192
428
6
586
619
54
912
657
143
147
198
856
468
79
210
816
795
424
835
799
157
823
839
524
81
870
221
153
333
904
880
526
796
417
488
374
494
820
107
672
533
139
777
861
539
974
805
208
601
491
279
119
515
974
606
765
399
949
907
57
860
883
128
286
39
839
440
208
472
880
264
856
99
159
867
372
611
873
939
454
265
647
635
343
50
268
546
888
742
315
897
365
708
811
278
847
716
24
177
932
893
718
35
980
420
996
87
811
886
859
305
814
348
250
451
284
997
264
750
90
91
605
516
171
963
708
740
298
671
17
72
614
249
115
209
353
901
462
922
124
617
865
33
19
593
159
778
840
82
67
790
623
177
317
537
798
100
979
392
166
397
294
969
82
863
467
861
91
337
410
448
453
456
110
778
474
698
665
189
81
948
267
526
755
788
384
161
921
107
988
630
813
866
587
664
460
957
80
755
973
173
130
621
945
928
150
733
559
11
549
104
922
183
468
795
505
377
850
499
307
468
505
928
556
361
748
960
993
422
217
351
580
917
778
852
620
491
710
896
661
777
736
623
375
23
409
896
221
444
854
921
893
651
448
492
431
655
308
718
275
278
695
710
180
892
480
203
851
911
658
853
833
767
740
78
988
592
158
18
357
816
842
785
780
628
893
405
665
663
193
198
72
378
712
707
432
502
399
84
832
270
468
515
894
50
54
904
374
470
720
755
731
2
833
333
285
82
859
575
807
614
957
804
187
772
112
147
957
536
547
412
913
405
539
963
977
382
562
954
111
206
122
217
628
141
990
89
707
171
78
183
908
991
942
644
272
993
33
184
958
518
503
918
617
817
280
659
574
734
724
944
37
690
273
871
43
734
535
955
113
507
107
160
718
471
6
617
396
517
554
592
713
563
632
616
284
701
769
766
617
742
15
750
667
887
295
794
933
560
190
197
837
932
85
342
574
321
714
616
545
84
940
686
223
283
803
476
702
572
417
360
597
292
433
784
413
185
875
85
966
136
753
220
99
747
361
245
963
514
270
477
133
498
533
910
335
83
602
559
539
604
365
342
647
833
733
49
415
580
542
796
809
602
586
156
469
316
114
698
711
949
31
228
434
452
553
565
603
207
58
949
343
439
728
707
250
323
310
502
573
949
919
843
739
201
366
417
984
11
676
672
663
671
230
384
254
956
515
782
680
994
967
249
879
243
567
819
339
302
2
91
900
446
191
263
24
137
289
14
689
596
780
804
942
564
642
598
300
207
55
981
921
73
501
480
918
523
989
266
358
237
227
875
127
292
604
395
331
783
399
64
67
763
573
224
929
503
390
818
377
58
658
351
340
351
648
943
296
18
526
789
487
69
758
404
113
500
185
171
209
559
380
595
778
533
27
674
236
692
342
872
975
327
311
695
130
113
820
367
905
294
983
311
1
313
367
352
624
704
371
443
646
700
707
779
818
620
171
573
395
48
421
380
348
19
250
177
954
914
589
447
301
818
907
340
976
662
730
124
311
221
741
248
997
626
210
228
631
21
897
134
249
119
385
497
34
507
40
785
438
119
110
762
656
562
143
361
130
551
467
476
307
800
836
461
995
622
508
121
702
748
0
967
298
700
164
468
95
601
628
172
323
292
693
395
919
794
806
761
225
113
366
635
614
427
27
742
772
524
44
991
745
950
852
254
156
396
955
177
166
835
259
269
700
636
388
695
668
165
876
584
930
912
799
503
926
60
46
280
779
887
351
282
30
125
898
887
249
170
483
692
387
811
840
504
78
827
560
906
237
865
934
690
872
655
745
938
238
645
994
118
93
532
314
918
704
671
781
580
286
83
174
625
211
175
631
810
781
654
70
719
765
361
199
516
384
634
234
297
721
660
58
820
189
734
607
110
139
222
1
667
782
186
385
723
208
465
685
285
213
400
600
740
872
561
900
1
38
198
277
943
917
812
179
238
809
202
843
415
987
384
147
95
70
492
144
631
520
423
790
287
65
574
195
643
787
397
944
933
925
303
869
10
718
976
608
209
715
531
426
270
69
791
470
277
298
396
871
529
174
124
500
836
797
844
291
897
104
345
919
477
138
800
247
76
78
526
765
648
711
558
632
588
43
377
167
567
149
695
265
348
62
843
750
150
639
373
843
993
469
721
750
100
881
341
799
266
171
889
455
983
258
134
696
848
731
264
705
763
796
128
116
462
548
474
133
787
577
382
121
129
405
746
33
166
77
76
585
800
967
924
210
227
880
504
960
4
568
346
728
988
795
92
274
889
252
724
759
863
687
146
888
43
491
86
562
871
835
662
865
609
800
517
696
439
229
400
483
229
654
769
489
263
637
119
497
554
186
37
199
748
751
758
731
420
102
690
823
828
831
433
587
579
761
407
71
591
700
89
180
615
993
347
799
799
655
707
323
429
643
776
650
912
851
805
768
40
183
226
36
656
308
817
771
216
598
350
523
951
482
551
505
638
917
59
31
512
749
855
302
189
266
835
419
710
263
796
561
730
195
218
276
927
759
257
261
989
116
278
519
980
434
791
756
462
407
645
876
558
242
117
900
224
227
913
751
842
385
630
531
0
207
439
915
694
348
638
484
166
293
802
303
153
529
981
698
482
593
292
99
438
267
74
874
576
106
166
625
945
595
816
579
540
29
699
966
495
830
780
118
910
151
408
335
482
123
612
287
823
809
302
807
531
443
625
324
354
947
878
61
550
401
197
787
523
571
195
560
305
922
213
293
922
740
171
981
428
660
144
575
17
282
550
12
145
568
334
854
481
130
149
48
293
633
314
456
473
284
899
629
597
995
680
695
350
826
407
250
41
631
534
910
339
800
336
767
941
652
70
251
155
828
551
749
322
205
570
806
465
309
376
906
881
687
535
30
246
45
664
628
968
377
18
960
923
192
680
771
977
675
581
849
290
811
968
561
418
289
202
360
721
232
196
995
127
184
486
279
814
751
642
766
914
309
495
553
635
772
242
316
731
690
70
347
435
309
996
95
960
650
238
356
115
898
877
410
14
314
818
190
89
941
937
909
333
344
338
821
384
202
394
463
735
581
302
500
914
749
303
547
440
140
961
421
731
256
357
525
287
666
943
143
412
732
290
668
388
630
558
511
374
364
324
439
591
176
464
146
490
255
941
162
103
11
775
390
391
829
370
888
16
676
272
502
627
686
543
864
147
538
176
125
600
304
588
569
857
422
913
919
617
848
42
855
608
330
109
637
866
821
630
614
724
524
641
151
242
113
645
27
934
673
115
233
4
537
638
480
944
860
916
72
441
114
115
919
471
862
127
236
663
140
567
635
111
405
887
758
93
912
344
900
370
775
948
608
692
659
558
601
761
861
686
633
159
515
834
901
344
923
832
408
611
166
759
612
718
372
622
222
431
96
236
181
642
527
999
662
284
499
960
415
799
814
299
14
70
45
732
85
312
420
629
221
657
216
916
332
300
492
681
557
221
43
438
754
522
798
575
400
274
99
256
470
662
315
70
555
388
422
29
92
266
334
569
439
711
916
729
496
557
114
661
301
43
246
552
207
431
656
336
848
209
601
90
795
858
768
411
572
339
905
66
77
522
196
465
986
103
96
745
803
853
26
717
963
317
382
447
897
836
112
903
314
244
8
922
713
624
696
31
397
968
419
413
109
293
619
224
738
798
839
474
369
193
847
510
404
838
462
144
196
237
179
896
516
704
796
701
365
899
944
838
810
751
662
459
679
566
271
923
283
520
741
671
391
764
727
819
834
819
890
213
674
599
357
158
953
233
761
221
330
855
755
611
462
91
224
617
856
433
620
877
529
161
574
340
656
738
379
305
466
56
78
827
137
180
305
877
509
786
355
223
716
112
630
250
215
986
91
73
162
770
477
267
111
332
334
28
785
176
450
419
888
545
558
319
645
538
316
426
467
568
319
640
832
451
821
32
591
622
109
265
212
534
774
464
299
791
978
373
77
705
958
630
512
466
175
851
609
333
490
913
825
624
447
58
785
843
899
33
795
444
721
963
135
480
677
281
399
540
909
754
328
489
492
798
565
782
11
901
193
175
710
933
593
499
249
506
260
292
205
432
72
800
123
733
458
484
92
18
424
975
674
847
719
972
727
158
917
802
456
31
362
414
453
147
232
976
440
45
684
515
239
762
752
109
56
409
486
62
240
854
907
302
471
880
317
23
972
402
922
298
593
647
231
253
435
110
186
978
792
621
405
427
764
202
112
504
946
5
257
139
196
577
394
635
224
785
135
853
223
423
514
698
26
39
13
329
699
411
139
380
949
496
316
304
209
357
748
510
639
875
350
590
493
992
82
84
511
406
432
58
779
265
15
373
255
893
799
156
474
285
375
411
707
280
596
734
186
486
927
376
234
609
202
404
119
495
311
218
145
363
644
179
597
107
87
408
557
364
513
740
411
721
26
707
263
491
90
314
546
330
463
757
863
346
992
783
909
457
549
412
3
508
320
507
201
441
916
223
822
336
240
405
75
690
384
383
868
899
209
839
670
405
743
607
410
1
325
925
412
522
239
325
264
445
143
302
754
168
427
454
72
476
368
729
502
981
845
637
566
734
710
297
234
169
690
92
743
628
540
809
552
80
27
552
36
586
390
832
861
68
624
209
998
6
219
414
728
510
748
415
873
455
867
356
97
317
646
294
370
326
113
0
524
700
532
130
259
680
992
654
286
416
175
171
348
617
927
247
36
712
331
986
945
377
7
949
544
115
61
281
664
51
689
941
677
220
53
791
585
761
626
363
880
513
316
433
46
809
480
409
807
175
612
857
930
930
427
759
531
279
764
403
212
623
847
204
735
564
699
778
834
394
54
459
488
762
346
879
928
729
81
302
396
168
469
242
681
53
853
695
933
254
504
806
626
702
263
345
653
727
963
529
427
927
907
811
817
904
911
833
791
23
334
652
488
887
936
647
832
990
113
319
859
428
651
191
54
411
494
65
60
154
975
334
447
924
946
933
825
206
941
370
941
478
667
478
831
951
626
885
133
760
690
973
553
588
722
26
812
948
504
862
792
809
252
94
330
486
242
928
826
865
314
896
64
610
302
649
221
324
503
208
67
137
268
445
826
315
633
699
296
132
872
111
308
750
894
293
888
983
12
821
416
789
704
733
291
359
512
0
205
596
11
748
910
540
92
385
619
540
307
485
311
335
746
565
741
464
33
710
141
629
374
442
712
869
156
221
530
945
959
31
404
808
250
436
26
437
965
983
791
467
670
749
619
849
362
238
751
465
737
414
301
162
987
361
974
229
203
774
705
132
142
186
13
710
168
341
116
128
771
914
100
254
397
15
562
206
773
469
789
237
457
433
213
779
728
241
566
146
399
122
605
300
570
342
685
722
560
723
830
273
283
254
348
734
235
567
655
107
495
62
524
689
287
763
239
477
208
3
819
407
61
727
640
573
758
822
312
95
256
858
806
748
137
840
19
578
662
161
902
666
843
510
487
529
405
0
905
466
544
189
290
106
361
7
808
700
703
510
521
906
418
526
63
5
799
715
846
243
288
192
628
624
653
223
716
920
449
659
742
992
803
898
46
940
622
678
616
915
128
602
205
591
132
26
413
704
708
139
505
480
142
753
483
209
97
784
725
59
141
178
538
937
757
670
813
179
442
154
916
223
685
695
56
904
120
859
884
609
337
868
840
459
332
736
33
921
68
618
126
677
830
543
681
947
963
142
552
723
600
917
944
828
267
624
301
132
451
821
616
588
500
275
974
616
62
809
696
84
66
403
524
410
417
198
72
97
496
45
94
415
979
276
672
38
749
586
337
477
249
580
774
397
929
811
192
964
976
215
918
431
654
358
403
503
184
101
313
502
368
687
841
684
912
483
425
802
31
951
968
479
518
203
1
104
618
369
409
218
78
744
214
636
364
151
351
376
896
582
938
56
192
664
102
445
548
710
582
938
550
125
429
431
678
575
524
594
685
503
230
47
404
630
333
408
929
346
571
768
164
662
94
986
636
517
224
559
569
688
418
131
806
39
725
281
565
60
397
341
110
219
963
783
86
334
941
192
552
220
28
564
602
689
433
896
607
449
756
549
828
558
683
786
361
338
212
256
607
758
920
174
400
952
91
957
759
731
724
814
917
360
933
80
597
499
55
221
213
272
286
412
273
492
956
881
326
665
325
440
887
9
663
881
143
243
763
838
477
698
524
584
773
395
515
326
760
127
837
983
410
79
674
151
548
766
578
286
894
472
261
774
795
432
383
211
832
310
807
13
146
760
675
456
11
743
130
613
409
339
797
897
651
9
779
939
185
200
287
643
487
635
856
654
781
920
661
198
278
375
339
806
531
255
836
100
732
554
653
191
362
129
573
671
980
98
933
467
820
565
673
198
372
702
769
603
723
165
948
296
782
826
898
391
541
203
19
286
283
664
218
760
425
789
744
69
88
702
206
516
296
954
218
785
402
190
757
842
911
843
48
883
819
833
304
545
554
466
13
348
453
387
874
909
536
21
506
327
563
930
704
362
499
947
680
634
940
454
656
334
294
925
429
764
962
762
859
355
911
6
156
368
876
689
604
522
364
843
607
57
874
721
784
568
71
316
838
275
383
131
101
676
532
0
191
272
21
488
909
142
624
860
54
272
247
773
362
418
993
836
627
263
248
807
833
930
810
824
449
154
742
632
665
167
581
832
458
481
131
936
170
513
656
392
638
463
200
515
601
737
923
12
115
661
641
561
664
549
998
988
571
754
358
561
727
724
517
353
427
797
101
804
896
869
21
70
632
192
835
264
940
356
166
15
473
295
602
314
593
477
472
620
874
478
673
2
597
918
296
119
836
647
553
402
553
633
906
713
608
705
28
367
776
303
245
9
651
401
166
438
959
493
756
756
480
292
198
319
348
210
809
901
747
490
83
797
521
807
802
374
682
293
432
940
761
613
886
781
692
439
762
81
799
922
798
720
259
167
878
13
283
772
766
760
147
756
254
818
966
667
723
689
970
71
690
900
90
115
772
760
864
853
89
960
844
407
130
91
614
883
551
607
564
983
682
532
48
808
278
684
2
26
935
454
629
189
215
529
608
964
290
670
579
703
599
566
788
953
404
178
53
100
269
650
884
519
176
149
583
529
352
7
873
448
339
729
302
938
882
777
775
629
942
858
74
898
769
135
113
699
816
321
557
21
643
112
790
41
901
854
178
957
903
719
945
40
516
165
97
2
472
976
578
33
26
378
527
904
747
272
247
666
721
292
792
332
661
775
504
137
13
309
679
399
439
201
476
126
132
455
434
609
380
48
886
573
163
160
56
398
127
571
988
401
509
710
764
76
984
179
747
90
925
404
9
899
845
672
326
807
376
467
365
579
186
31
743
868
37
521
384
633
771
887
426
485
238
133
843
457
7
166
958
144
599
448
316
316
740
264
148
159
619
740
6
108
87
896
768
923
100
648
387
627
267
957
317
121
426
43
939
343
350
222
915
889
536
116
420
496
289
542
450
601
771
672
906
856
478
168
654
725
484
363
21
897
434
795
842
218
891
757
991
226
762
214
103
358
947
886
333
658
719
924
500
514
787
113
819
531
460
601
724
903
353
268
234
952
308
436
861
388
622
990
548
942
262
538
141
277
510
8
491
694
475
856
693
597
463
252
15
961
900
122
0
117
814
936
927
618
742
388
562
26
775
452
596
495
591
7
890
482
124
191
3
504
360
822
634
775
90
317
801
366
194
300
900
378
977
259
934
197
315
967
900
128
746
169
605
49
192
672
330
648
784
62
312
252
738
456
398
323
930
503
469
230
107
92
116
122
509
649
245
443
623
346
136
483
955
66
57
265
262
393
520
332
280
931
822
534
246
804
383
934
657
136
704
613
362
879
293
82
397
109
71
562
63
120
457
543
422
866
422
857
572
103
873
258
238
792
641
578
391
430
334
259
684
938
332
655
36
464
875
558
566
988
488
660
215
125
52
375
110
895
503
798
174
589
265
492
240
282
749
372
73
912
98
263
231
242
79
985
980
916
410
137
285
474
5
343
850
718
973
648
177
147
577
92
65
199
755
761
448
413
950
48
49
960
821
461
198
420
195
965
286
773
669
464
780
251
808
301
4
414
448
341
873
427
614
895
376
417
501
531
307
661
585
898
555
441
652
42
325
435
558
848
375
689
633
750
56
307
239
732
321
993
816
786
764
643
771
100
751
432
920
702
237
357
912
775
930
143
362
450
800
676
51
598
882
308
177
800
805
661
236
175
646
147
138
141
188
759
301
781
323
94
59
71
970
451
89
937
698
159
756
792
507
611
655
252
468
0
274
665
279
134
477
121
167
465
369
591
798
778
743
887
336
986
847
986
958
737
503
285
703
68
598
952
425
20
60
20
776
547
472
814
849
682
21
680
878
790
98
127
583
161
301
255
368
293
675
482
348
459
14
983
942
786
492
583
24
995
808
396
19
248
607
634
585
181
57
319
122
975
313
967
313
440
75
623
802
909
41
371
866
383
779
820
267
989
761
209
987
979
949
702
192
996
610
802
218
370
747
538
564
470
673
331
592
267
381
53
695
45
222
882
610
527
864
310
265
794
98
449
157
817
121
128
139
889
142
985
311
414
584
325
834
681
112
632
866
86
856
563
37
305
134
883
522
728
803
538
476
940
450
300
651
489
903
428
897
981
670
4
934
693
549
668
784
139
639
409
322
572
702
823
928
742
388
897
300
158
398
37
784
359
30
757
833
23
531
592
661
635
839
679
881
435
901
778
344
569
541
227
628
882
557
835
722
551
605
833
102
77
543
697
738
544
266
625
332
110
250
694
315
128
61
245
405
820
652
445
593
533
420
666
339
148
552
661
2
808
621
838
930
896
513
244
46
578
873
315
694
884
366
196
768
975
859
346
974
515
78
616
772
621
464
681
957
526
51
319
73
957
951
645
917
957
273
920
815
337
112
0
195
635
301
188
791
628
86
595
464
909
519
55
751
508
791
60
948
155
234
615
485
171
392
41
779
486
681
627
153
57
923
51
233
528
282
140
541
363
298
468
679
198
964
878
326
559
891
488
13
728
594
368
666
869
283
351
144
215
342
551
105
351
949
17
627
478
33
775
413
481
130
304
375
930
807
866
660
121
864
113
77
138
333
45
682
463
262
466
663
126
245
434
170
902
627
997
397
267
166
560
876
809
60
699
540
460
470
597
517
134
460
314
814
506
145
916
244
558
323
55
630
549
169
566
104
426
625
964
858
169
805
333
157
999
697
115
881
218
636
420
446
842
321
88
965
119
369
896
833
725
318
914
264
50
630
241
488
424
938
609
192
413
82
825
740
591
824
57
292
654
717
187
234
986
435
630
366
379
881
917
367
384
172
846
96
775
312
582
277
618
99
361
865
915
698
624
830
518
715
132
95
877
885
230
133
169
216
665
228
611
181
639
578
667
473
95
308
360
980
120
996
710
280
408
458
782
704
502
566
23
38
181
568
674
257
49
892
523
370
900
845
243
745
385
509
923
841
434
414
827
100
701
688
816
156
1
415
507
168
710
152
726
863
723
777
459
179
241
962
901
981
60
76
887
578
369
148
611
319
27
187
378
782
536
621
106
780
825
661
871
838
646
145
640
768
343
215
490
505
488
980
602
862
452
612
747
730
250
764
247
783
189
631
970
532
997
288
194
803
67
789
771
910
593
413
552
589
688
934
836
950
147
29
686
873
761
491
570
431
872
544
219
247
925
614
359
924
392
29
364
359
779
478
998
276
779
87
842
747
536
882
428
622
191
978
173
754
22
915
337
660
631
772
524
305
6
76
805
25
180
190
602
698
590
59
51
637
104
779
371
966
451
391
816
117
390
22
420
684
232
329
380
501
539
957
909
242
476
597
959
608
343
42
482
784
296
424
309
147
292
181
205
522
950
513
882
120
269
541
142
60
915
265
406
238
808
662
939
925
165
317
706
547
316
610
79
534
100
632
665
116
715
834
14
938
52
508
23
105
945
92
263
774
66
976
141
116
18
476
520
63
506
88
834
168
783
700
797
584
199
609
331
995
825
798
298
267
242
939
827
734
972
486
947
285
313
487
219
9
677
90
2
900
674
625
67
73
500
779
937
538
956
949
278
772
19
548
395
945
516
164
154
161
492
119
271
846
269
613
757
355
253
869
437
567
774
430
928
868
567
268
54
687
16
890
503
308
275
16
519
103
893
17
887
744
787
740
134
644
914
509
879
933
599
360
299
878
653
521
503
364
620
418
936
380
766
314
995
605
302
206
209
346
314
767
327
903
679
705
236
564
595
355
452
667
253
927
490
474
817
479
194
494
231
522
147
100
739
106
620
957
456
547
390
93
942
99
846
672
386
672
814
34
820
530
785
873
324
695
733
130
502
412
270
540
693
303
596
196
603
654
86
854
445
395
272
222
205
415
408
584
170
607
439
858
835
96
106
227
712
75
608
696
921
525
758
371
840
469
782
672
201
994
175
366
938
697
565
382
469
176
777
772
906
754
115
895
649
399
723
590
262
719
336
736
109
908
944
920
853
25
254
628
833
586
561
504
841
809
992
972
991
610
348
47
381
916
310
894
141
413
80
676
200
480
136
40
439
285
174
86
24
574
798
59
472
714
281
833
767
696
654
370
210
641
726
316
361
65
709
650
544
900
492
459
43
666
44
402
491
334
717
945
277
441
492
362
978
997
475
179
705
761
50
237
655
657
571
458
649
662
419
24
849
833
429
302
12
191
8
418
236
10
353
381
417
189
539
196
306
881
490
996
353
656
648
672
269
197
79
154
457
190
845
340
161
656
877
585
909
382
33
294
582
229
605
430
478
142
320
646
604
232
676
302
60
706
524
432
462
259
493
617
957
110
957
233
807
77
440
305
884
720
954
263
935
890
639
993
401
713
61
500
357
568
939
95
791
674
675
473
742
797
658
868
768
433
345
644
157
244
340
752
987
251
319
204
0
975
161
552
567
137
184
65
361
203
588
930
396
797
864
87
218
329
434
933
760
603
844
849
783
96
83
804
208
763
493
263
431
446
976
25
834
203
325
514
859
510
643
27
681
846
551
309
365
785
617
866
488
353
467
635
698
215
986
7
77
138
919
509
952
172
559
799
319
498
622
467
104
453
723
143
65
418
837
496
788
818
963
606
948
974
744
224
322
732
421
631
32
551
257
714
670
357
452
422
211
298
281
935
963
988
465
312
39
12
300
243
19
952
771
605
672
751
425
977
778
794
264
383
235
483
975
449
878
397
785
18
264
216
97
323
289
743
753
884
761
856
858
995
293
647
630
780
488
215
993
565
622
335
774
164
452
340
870
671
35
376
347
704
212
655
483
731
589
802
591
382
417
243
699
180
438
451
552
261
864
323
77
150
899
317
509
712
438
662
689
264
242
802
950
138
273
268
825
722
740
177
87
289
101
184
993
793
91
712
789
494
620
469
440
144
925
601
423
177
676
459
684
71
247
983
37
614
453
106
401
989
945
328
668
316
160
707
154
215
896
786
576
481
576
876
566
233
511
159
472
521
396
906
620
297
940
995
246
799
123
701
86
664
569
778
172
56
574
641
642
658
808
396
911
308
624
121
603
659
454
611
238
670
705
452
948
225
928
473
683
793
446
618
213
566
200
373
456
362
642
334
779
365
496
196
716
178
273
810
884
194
869
1
691
379
639
655
552
68
213
111
737
952
556
933
225
524
601
35
543
535
50
44
715
277
435
588
523
192
77
907
932
555
88
245
453
844
809
655
660
950
327
87
252
488
936
112
830
814
120
409
388
498
593
497
501
206
918
122
250
48
785
511
47
258
757
523
837
798
909
839
861
91
339
631
303
262
781
193
192
415
226
355
306
278
747
993
557
123
940
128
299
616
17
642
490
571
134
398
282
987
38
571
158
590
61
977
679
108
273
764
732
348
739
493
502
418
324
623
200
313
650
115
4
650
770
297
776
961
7
308
615
273
664
48
259
116
672
162
440
472
303
60
317
993
62
27
652
607
728
103
833
636
843
351
927
564
806
455
741
881
701
111
407
738
575
569
961
784
657
158
478
757
931
997
303
193
648
729
424
978
115
878
108
839
852
424
376
49
298
936
493
47
451
844
583
252
999
50
283
239
99
489
677
743
537
428
319
529
164
555
517
440
633
799
437
615
593
306
373
805
227
281
5
166
118
424
179
98
772
784
69
445
530
895
608
610
109
92
895
189
190
421
528
603
974
359
361
776
653
785
712
13
787
886
536
51
673
69
878
1
378
790
211
157
660
532
717
491
875
865
309
248
972
202
37
873
598
905
803
229
428
473
414
75
575
625
178
233
81
624
166
219
629
937
986
812
946
995
317
980
14
872
397
607
47
600
336
309
493
369
167
243
411
181
691
885
412
921
271
966
82
541
621
798
625
428
845
854
835
866
919
251
476
709
633
573
294
337
509
299
975
20
282
229
526
451
947
230
476
935
956
316
239
520
648
180
946
116
896
311
816
203
246
459
56
138
7
623
138
59
559
232
488
909
55
41
616
461
929
962
325
89
596
55
133
405
347
219
533
348
727
682
280
860
213
288
455
590
339
289
778
912
187
454
612
641
330
80
277
969
282
901
498
482
323
756
519
31
929
310
740
416
159
963
245
967
329
622
483
10
743
223
88
997
373
531
384
595
399
465
82
569
306
75
78
39
766
343
577
796
0
273
380
245
507
224
939
17
862
282
193
764
193
260
720
630
313
601
158
655
363
758
75
282
877
64
199
267
64
835
184
766
602
545
809
198
367
187
447
174
728
830
861
703
332
141
599
287
882
334
915
970
145
868
83
632
575
257
367
35
717
198
216
219
483
392
16
903
448
552
364
290
794
576
3
112
332
173
304
900
86
573
515
640
469
350
63
63
211
337
868
18
721
745
340
901
201
460
683
253
905
29
767
337
313
515
839
346
542
833
800
297
271
579
395
195
972
466
906
779
566
852
393
404
185
699
969
593
831
152
847
940
446
508
244
951
601
171
678
586
749
29
403
881
273
722
213
121
89
625
689
272
636
958
394
974
232
422
514
283
832
160
769
238
940
433
830
744
70
212
154
523
661
60
444
570
738
72
591
942
24
18
919
49
33
539
18
843
91
455
804
343
985
144
155
34
69
890
305
671
988
962
560
681
170
355
528
206
604
727
795
517
197
919
633
220
840
559
527
768
412
49
339
969
293
540
955
961
455
657
323
226
54
561
508
617
833
326
370
531
885
101
222
202
365
701
898
275
974
383
660
928
185
329
929
621
386
57
499
977
806
506
261
627
945
502
627
878
965
281
750
203
550
485
365
162
219
119
295
28
759
86
525
567
413
123
901
727
642
297
401
342
364
354
677
840
321
220
759
533
826
231
234
43
710
435
850
656
475
834
324
633
951
327
270
298
909
546
601
683
930
778
615
434
631
949
887
699
674
711
142
825
605
516
647
199
544
332
43
664
977
26
84
47
570
976
403
188
387
779
305
580
846
663
963
580
66
527
86
49
359
443
26
214
545
382
148
179
231
50
11
655
882
355
179
938
939
421
640
994
621
538
490
768
434
708
647
221
674
355
551
398
637
868
393
897
634
607
282
163
992
515
389
224
81
624
486
550
831
264
529
175
414
330
848
489
354
997
49
883
441
430
189
286
544
358
645
542
916
91
584
715
359
10
927
880
891
829
17
671
170
486
434
815
875
520
614
412
65
574
108
834
957
412
357
5
716
742
44
23
420
144
623
183
616
186
92
458
866
152
183
385
544
988
519
271
399
64
401
829
684
588
331
756
530
640
731
311
749
431
752
970
877
944
486
314
230
258
7
627
572
163
45
504
108
117
796
131
822
869
876
505
983
34
748
608
242
351
554
559
918
220
935
659
187
79
111
986
286
347
806
782
436
554
238
24
523
709
5
381
468
660
763
490
173
476
722
719
995
196
718
243
564
315
171
605
787
371
350
905
316
730
900
103
431
619
310
500
817
576
262
411
718
225
228
420
540
254
585
15
296
316
500
118
763
800
202
732
647
822
192
189
188
476
725
227
840
840
795
506
986
98
596
569
287
167
928
821
390
724
556
660
38
843
551
803
495
389
415
68
645
156
161
744
985
28
404
189
627
109
854
764
762
967
601
626
99
691
278
200
560
634
297
761
615
589
956
87
988
743
718
611
561
427
68
343
241
485
887
946
284
240
390
607
988
36
578
434
743
537
495
969
349
124
747
322
681
237
7
758
597
483
746
290
925
317
349
150
974
942
353
149
648
747
237
463
349
612
787
430
462
356
330
859
251
679
838
140
55
480
819
493
231
100
977
703
431
110
401
65
325
288
278
738
841
746
119
257
945
266
297
105
380
129
521
348
756
942
550
650
454
769
541
750
254
238
414
365
315
947
204
508
233
304
50
382
766
251
49
359
852
36
486
551
613
428
224
798
661
781
543
368
785
437
584
542
917
741
717
657
707
320
537
203
232
163
961
844
136
152
774
637
546
78
791
621
910
72
52
390
450
32
429
987
556
304
504
208
642
661
426
702
373
873
893
234
172
99
271
144
237
677
971
649
182
178
681
102
882
226
792
880
527
971
916
62
499
949
963
66
935
795
921
897
892
73
683
732
418
910
944
647
816
407
948
910
685
373
238
807
469
941
857
200
767
579
0
302
67
66
218
655
569
9
422
413
748
965
920
431
326
375
640
589
581
2
924
328
635
252
444
83
235
142
523
722
735
530
325
446
87
232
468
858
876
861
669
830
866
552
415
269
131
42
603
589
825
490
935
714
668
234
117
887
305
649
81
178
811
630
535
211
235
310
306
793
523
114
514
745
121
320
157
796
183
236
694
547
958
674
370
793
787
779
95
926
722
458
543
540
519
562
907
656
724
366
499
46
243
676
321
617
285
918
629
622
284
647
963
988
51
583
961
602
613
219
532
420
914
892
794
852
990
602
267
25
860
980
705
39
745
199
686
778
130
753
124
152
623
281
79
155
569
669
167
495
766
222
682
470
414
772
166
669
926
130
84
67
65
102
216
494
574
95
77
201
669
379
757
534
107
276
646
892
70
119
665
309
426
937
499
855
145
213
942
269
817
454
66
657
759
206
117
32
281
977
514
850
145
801
309
772
862
14
613
460
205
978
634
16
676
598
725
684
615
108
343
238
892
603
2
127
464
64
691
761
60
288
801
663
923
878
416
470
850
522
334
374
210
785
94
180
82
635
443
880
564
333
196
357
266
611
982
434
674
890
199
693
645
583
334
367
125
688
161
88
476
869
430
759
178
729
227
77
990
587
169
759
37
708
978
807
1
724
163
918
688
550
605
272
550
892
54
611
709
992
388
69
256
673
482
794
639
94
371
151
125
298
10
150
389
388
540
550
347
257
390
181
511
920
136
261
99
666
787
649
806
557
638
539
522
436
980
547
751
148
490
670
498
260
4
360
185
362
615
919
213
22
41
46
314
846
629
802
106
334
330
117
37
89
691
868
493
984
713
735
790
862
261
701
371
950
690
226
971
25
950
854
43
896
57
914
773
290
55
473
381
274
568
33
444
561
30
814
974
259
758
625
134
664
143
770
826
426
992
303
297
30
926
863
208
113
651
383
564
744
242
176
313
508
679
636
457
456
140
875
345
696
309
630
621
600
261
719
340
630
802
363
606
525
99
61
706
711
361
97
675
182
427
129
162
639
92
831
120
915
680
112
434
947
308
169
87
240
970
889
965
829
460
867
967
649
520
806
939
284
521
250
583
910
998
522
420
326
764
304
235
230
887
409
76
425
717
279
630
525
291
925
376
931
994
330
846
367
505
997
472
598
582
401
356
268
958
93
651
776
369
611
8
812
924
618
333
844
542
11
200
650
972
189
259
20
256
597
905
683
955
325
148
864
147
159
100
693
752
199
578
470
953
203
370
346
868
615
95
170
34
649
176
124
712
502
960
740
354
727
483
176
530
491
125
463
54
546
157
861
456
36
878
93
246
980
566
60
346
588
815
205
564
238
866
39
483
684
356
679
260
604
977
995
81
12
101
445
490
934
170
792
512
528
995
458
206
66
830
701
755
773
992
771
874
165
131
990
195
754
355
954
434
217
334
224
940
162
41
367
474
590
719
145
951
614
420
687
403
283
864
