175
596
975
505
454
953
229
410
861
403
684
404
498
361
501
627
946
145
130
908
265
798
885
322
790
462
547
270
130
776
220
599
13
787
865
593
717
601
546
313
461
562
820
870
446
381
436
244
116
585
3
435
895
50
861
364
395
799
407
387
247
144
557
991
967
302
677
847
70
858
907
215
284
279
442
640
520
963
468
13
858
240
326
9
432
74
923
822
122
801
324
1
660
901
216
26
840
297
606
399
917
297
612
911
48
237
850
692
549
448
105
802
490
922
521
972
168
464
787
509
255
934
508
300
909
203
755
257
691
538
712
821
141
185
992
398
947
434
129
311
720
551
62
686
846
754
167
262
956
154
953
589
534
146
637
640
359
668
536
819
118
819
727
93
642
14
676
407
746
384
721
469
670
484
400
397
484
285
116
941
248
516
8
241
507
139
434
978
374
286
260
306
835
393
103
75
680
172
915
471
841
156
952
298
562
27
298
164
854
863
645
955
150
408
557
230
825
19
463
412
804
996
562
914
839
344
844
547
108
584
451
393
732
865
352
218
784
505
945
711
505
820
708
374
804
348
411
31
454
95
697
187
119
330
455
112
222
740
283
809
874
565
253
842
231
221
63
266
565
9
753
889
313
48
759
105
366
27
407
457
172
867
770
395
787
917
559
799
748
552
46
905
524
463
456
110
78
66
800
444
332
991
518
879
626
310
608
671
423
954
781
951
160
43
312
953
187
616
749
244
605
241
211
943
0
699
46
992
829
917
120
797
698
288
147
20
552
427
389
54
851
444
873
214
359
642
126
463
411
943
542
619
805
459
701
560
706
52
916
132
616
666
153
210
890
270
261
453
863
139
377
9
271
269
38
905
371
757
336
58
256
294
782
903
112
234
520
606
813
814
269
487
122
461
977
461
160
23
135
205
818
66
264
804
942
825
536
493
385
472
682
887
565
754
232
852
25
458
529
150
437
389
974
845
193
217
394
124
289
407
222
273
831
235
479
10
389
900
389
957
341
143
832
760
935
886
601
520
774
854
810
589
751
262
35
689
135
491
482
305
953
385
830
260
400
595
360
433
687
611
687
694
523
6
903
211
785
742
44
484
529
603
177
773
262
892
711
248
417
743
180
938
58
648
99
955
611
558
849
796
776
289
43
35
582
920
177
706
719
279
935
862
336
853
912
659
143
163
239
237
876
17
124
913
834
155
120
762
530
232
101
791
621
483
548
265
748
314
260
627
846
636
812
858
93
480
413
100
317
280
479
549
386
196
231
708
181
195
833
236
410
869
488
662
561
20
239
492
872
392
851
936
865
49
303
331
661
87
363
786
189
214
883
227
568
86
167
613
126
606
660
549
383
520
174
853
457
776
0
831
733
710
10
727
157
107
413
726
76
255
695
59
297
841
854
852
898
473
282
106
953
231
539
282
13
686
203
304
320
803
26
630
168
15
917
515
709
692
410
774
830
973
899
681
448
629
892
931
388
257
123
62
435
338
19
87
400
987
204
995
795
921
394
766
638
880
248
647
933
570
506
632
559
778
772
482
523
775
795
277
361
804
597
868
215
700
327
567
28
587
619
842
364
967
524
35
153
285
992
761
362
64
432
256
203
37
399
552
832
834
973
741
407
341
599
34
577
160
788
551
869
9
558
657
578
744
283
96
278
122
456
52
655
675
385
968
277
104
679
665
971
98
366
120
888
895
98
283
790
570
758
58
343
987
448
644
182
857
580
330
913
891
900
707
377
790
641
807
451
200
96
360
679
820
660
770
802
447
763
371
946
863
16
68
365
587
381
256
630
668
115
244
558
947
600
748
715
573
947
703
695
417
622
784
216
995
720
798
671
376
399
405
783
193
31
99
309
21
25
991
606
903
99
35
713
15
408
506
801
172
996
612
95
967
861
503
323
363
825
320
788
904
905
703
492
926
31
464
809
87
225
670
401
838
897
106
53
955
984
145
568
936
263
907
469
86
442
280
699
248
401
829
550
289
708
20
602
634
723
594
22
635
463
73
131
203
633
390
152
963
172
709
668
836
521
640
710
417
536
903
180
855
21
497
895
80
423
928
919
471
752
843
784
439
721
220
801
260
662
274
860
506
641
98
983
940
830
550
935
405
978
151
379
587
801
311
620
9
155
791
79
203
450
711
627
156
898
372
798
60
773
91
703
750
186
92
631
405
905
946
642
166
278
102
907
400
160
723
313
880
621
941
548
433
100
99
475
513
222
147
238
343
193
340
115
417
595
135
776
626
208
551
99
423
55
519
529
418
231
722
513
384
98
342
613
22
723
74
476
97
873
943
446
330
624
346
158
792
952
279
877
967
52
889
328
406
834
286
304
470
978
64
218
983
764
102
683
637
314
921
346
735
703
650
338
216
836
241
18
510
77
536
642
648
148
862
308
325
969
687
29
55
316
224
647
359
873
177
468
674
551
460
905
608
117
617
124
549
777
28
284
377
407
982
636
394
266
503
547
521
58
558
947
826
594
919
131
516
156
739
596
961
948
942
364
288
286
489
682
790
932
679
472
787
136
325
310
56
115
235
760
966
703
287
110
89
127
344
620
228
801
400
149
238
949
163
921
515
693
708
0
805
145
903
98
177
974
337
268
758
514
587
969
303
302
318
379
642
392
872
708
881
909
436
70
718
359
208
802
252
904
312
417
552
516
408
933
854
804
878
547
680
772
478
648
138
538
111
293
568
161
987
584
680
642
347
112
476
942
761
453
72
11
439
761
283
816
21
639
840
606
488
959
291
901
606
466
561
360
478
48
312
166
155
92
189
198
418
265
461
534
401
284
931
8
375
221
456
922
419
579
569
584
740
82
626
496
103
148
280
442
79
657
365
594
759
172
988
779
483
21
740
730
653
564
753
444
475
56
661
765
5
772
142
958
44
859
682
50
902
496
285
541
422
436
395
466
785
68
913
319
307
30
829
751
184
169
926
756
342
623
589
598
399
328
531
205
461
307
837
631
406
83
163
854
303
436
822
433
101
744
463
501
263
987
628
864
406
823
309
819
822
253
485
185
375
249
588
71
76
72
337
698
828
41
549
688
879
573
891
572
88
292
147
362
985
645
421
874
413
258
875
188
830
910
888
601
102
484
68
578
131
501
577
472
588
93
584
903
176
275
188
951
734
732
233
64
502
538
317
57
774
398
788
557
594
463
794
668
611
813
384
257
863
271
26
605
673
61
200
15
759
827
368
22
314
619
196
85
875
310
991
497
384
870
355
602
437
267
223
523
976
288
500
672
149
417
302
52
656
476
416
716
960
361
904
956
16
119
170
91
66
500
152
717
453
248
478
341
677
775
203
709
297
849
92
364
959
800
963
378
76
909
821
411
320
64
410
749
149
810
549
416
329
304
378
458
385
262
503
892
765
750
403
572
3
28
188
647
227
87
669
595
129
118
540
758
1
36
449
511
165
257
434
519
58
727
443
283
681
694
691
81
377
156
178
477
121
421
903
375
811
170
462
802
780
305
310
699
713
545
977
92
43
441
636
860
331
412
118
869
768
234
86
106
565
710
381
211
160
767
138
254
933
174
396
532
361
275
354
669
546
804
159
921
844
172
281
116
38
515
592
292
883
135
236
402
853
807
879
27
732
928
761
314
3
934
10
188
411
985
419
112
673
569
861
105
491
319
747
873
169
905
428
643
214
426
192
909
637
244
724
529
488
634
768
150
979
255
637
432
711
925
892
72
723
835
250
977
501
606
487
897
686
458
302
887
628
149
23
792
289
240
496
304
912
27
338
615
56
468
447
881
272
796
42
786
250
894
983
445
349
276
553
983
851
680
114
452
497
988
589
661
157
735
647
645
313
21
980
119
533
697
958
134
803
714
561
0
540
783
754
768
488
687
925
990
843
673
581
358
499
621
70
258
269
454
150
476
375
461
810
491
784
259
702
729
132
114
588
0
964
553
726
455
594
114
790
453
713
529
146
432
115
523
589
113
45
832
368
200
853
751
216
152
980
821
705
207
526
194
561
413
797
120
423
158
221
320
513
653
403
307
837
822
287
730
871
600
953
250
882
814
0
215
66
193
924
460
901
524
197
229
906
851
117
105
1
224
992
215
74
523
252
803
90
966
523
757
120
850
117
815
662
50
963
105
651
610
54
899
45
611
998
894
380
854
447
431
489
714
773
561
325
68
832
710
998
890
282
954
988
300
333
468
778
263
859
465
360
199
77
815
342
889
188
819
362
666
374
623
706
551
152
667
998
195
907
47
748
158
697
771
471
568
334
748
986
522
803
755
661
68
541
786
154
625
508
430
570
204
384
916
41
661
262
538
600
243
472
283
81
984
987
821
188
260
346
531
848
975
928
794
590
646
98
683
663
544
674
572
950
206
248
67
368
478
75
648
120
403
533
597
231
850
845
500
592
394
70
78
154
881
877
76
606
656
176
803
201
690
9
993
67
342
338
214
365
38
866
2
786
228
645
425
188
8
586
101
559
168
838
864
507
165
231
787
475
293
867
328
994
427
374
137
597
847
497
148
427
371
856
124
354
163
436
36
955
615
87
378
613
585
543
501
103
222
465
797
175
75
167
894
536
806
468
400
848
541
483
734
687
774
792
721
27
589
486
497
609
555
136
719
830
121
859
202
443
473
488
420
767
533
616
936
358
367
23
210
391
308
555
235
4
38
230
711
554
740
887
269
8
200
400
418
669
21
312
90
986
2
192
133
878
472
570
570
320
604
189
699
71
897
157
948
94
21
760
265
379
398
163
355
526
505
851
134
599
455
208
594
224
645
324
660
498
182
353
721
235
503
743
70
68
70
989
631
409
288
103
794
250
502
926
503
559
395
414
279
240
781
417
389
754
461
280
781
277
925
41
8
482
869
100
393
210
545
647
599
506
51
394
864
771
184
189
78
405
538
237
424
243
898
493
776
874
711
145
500
660
255
478
11
905
665
837
438
61
165
695
361
980
809
451
373
57
968
650
443
46
297
539
335
158
114
466
14
782
974
243
413
707
730
36
759
517
80
841
467
72
326
729
120
315
767
990
966
41
851
810
91
173
429
84
134
915
169
858
163
826
848
529
83
741
641
87
592
776
318
690
834
160
176
761
273
523
368
840
247
823
196
945
505
527
713
581
42
63
835
595
220
928
302
367
436
215
888
684
432
624
166
524
600
401
120
579
367
585
481
380
980
783
750
555
601
430
627
482
839
566
12
215
236
262
31
571
395
469
52
949
958
497
885
868
313
391
448
259
54
976
350
103
41
276
239
197
776
632
892
694
953
995
177
28
32
383
877
582
483
227
503
215
763
981
167
53
905
373
630
598
563
812
843
173
58
499
722
449
305
105
371
990
924
588
29
93
59
488
773
38
729
229
463
743
429
570
991
420
948
496
317
46
753
266
595
329
563
640
476
252
113
683
50
285
956
267
604
917
985
500
58
359
937
654
335
607
879
403
866
709
318
780
657
384
101
5
138
735
904
31
47
619
651
484
150
416
917
901
418
450
599
207
601
13
504
628
411
452
342
293
484
691
91
397
494
80
266
201
406
764
300
460
480
600
275
935
34
618
651
285
891
375
24
469
6
162
544
273
783
539
957
147
872
883
623
238
352
387
420
618
457
372
789
426
660
393
14
456
644
336
33
769
339
352
961
66
917
805
438
385
327
246
281
433
91
88
29
389
67
939
88
861
456
578
717
390
878
456
144
108
325
958
229
899
415
785
477
379
113
824
165
770
320
859
141
987
481
246
146
12
204
165
633
109
406
778
481
244
578
195
491
662
652
470
449
64
242
198
288
355
350
775
411
782
532
228
389
750
213
539
75
128
414
478
388
254
136
994
109
200
452
524
381
162
115
399
266
340
463
10
479
15
346
111
867
594
833
71
190
252
988
312
778
285
637
752
820
341
450
283
790
662
937
649
250
205
215
195
21
258
988
923
117
778
447
427
304
18
42
198
131
852
921
915
396
766
429
353
413
237
823
172
486
977
707
908
773
706
539
78
132
560
940
292
311
88
858
40
496
882
699
327
761
783
858
776
77
160
410
91
588
18
860
294
18
894
648
355
442
333
420
685
268
920
308
817
104
269
846
346
437
837
680
933
483
779
705
427
169
647
208
268
796
992
109
816
949
417
858
288
470
834
286
292
953
775
150
518
164
861
152
508
292
369
245
275
341
267
378
198
468
815
340
278
490
916
821
604
925
69
207
873
84
326
940
958
734
9
504
136
960
949
140
227
234
64
767
63
164
499
754
216
402
676
697
319
193
129
537
638
941
800
979
65
153
123
947
64
497
441
141
649
543
560
925
482
945
198
593
44
651
248
653
171
639
617
338
825
757
843
205
363
768
588
176
268
495
944
775
189
37
420
729
742
598
171
880
821
430
345
295
589
951
260
591
579
206
779
413
362
3
335
68
86
964
102
403
357
341
238
803
498
669
30
552
867
856
872
945
810
725
771
701
856
347
934
619
933
685
862
790
781
191
584
907
564
83
114
217
970
949
251
500
170
103
51
166
660
537
589
611
666
377
274
959
176
140
207
62
980
390
510
759
589
947
298
286
633
538
499
349
974
787
858
350
578
861
367
783
421
694
774
475
236
720
855
385
785
764
213
971
253
798
606
877
0
717
497
448
784
141
407
698
149
635
183
948
269
100
701
128
427
635
333
52
33
261
193
47
543
978
259
903
556
610
36
917
17
793
538
982
677
457
304
198
643
722
351
555
936
329
282
76
656
898
208
980
328
683
427
430
710
871
101
414
276
644
578
138
260
866
640
428
301
24
251
205
748
900
845
575
950
686
538
766
169
665
954
253
187
336
552
241
938
657
311
452
898
785
453
152
237
220
799
597
364
614
995
649
692
555
877
971
828
312
481
444
83
716
143
667
78
606
549
188
375
412
286
596
225
757
352
147
999
444
667
598
853
841
646
72
271
862
603
316
909
923
11
290
544
470
124
651
622
970
590
195
57
571
885
843
30
132
769
367
784
77
57
218
605
388
574
820
865
702
644
350
374
938
667
994
773
283
428
833
302
336
390
514
932
922
585
644
780
97
570
417
203
131
356
903
335
579
672
667
462
641
859
484
771
355
838
257
231
64
355
409
979
5
51
702
876
182
740
844
775
642
872
931
660
251
89
606
368
641
824
816
826
571
76
691
823
577
584
972
368
664
206
358
361
571
631
841
229
642
772
871
901
34
990
851
23
41
218
78
787
307
153
47
857
454
372
38
454
991
804
918
398
16
927
941
571
614
159
97
915
994
812
120
208
996
802
172
520
271
653
721
693
222
193
68
447
697
654
387
501
803
672
555
291
211
412
41
85
404
895
697
714
171
569
188
972
366
942
58
483
484
197
52
753
388
642
764
880
253
150
715
936
607
518
271
965
973
377
368
413
256
802
357
838
361
6
407
134
330
895
617
780
945
239
458
988
258
825
778
489
664
200
333
962
280
875
134
526
19
16
571
28
149
93
433
364
798
887
636
969
77
441
741
632
356
462
777
553
564
313
457
36
702
249
827
144
906
731
45
708
216
655
985
576
353
629
865
134
977
192
488
370
803
472
315
577
376
718
58
517
14
320
23
414
66
196
306
757
961
529
278
770
168
929
980
861
6
979
90
1
683
990
215
373
240
279
837
364
378
627
860
172
748
128
375
419
696
893
862
654
297
331
119
291
416
91
185
102
306
110
502
1
402
884
844
813
896
564
657
397
189
210
425
393
474
590
382
896
244
1
194
758
30
291
139
621
4
776
787
96
703
313
243
51
953
270
756
990
295
209
674
752
654
21
518
944
123
846
790
143
812
395
347
890
228
78
86
731
311
20
991
174
58
815
476
97
437
760
267
181
561
370
412
162
776
675
894
70
317
35
508
102
785
879
604
109
39
903
532
913
549
387
689
421
399
589
637
385
121
231
412
974
777
797
340
397
791
381
326
327
163
659
805
559
593
97
146
516
138
716
202
179
282
921
268
153
338
590
883
61
578
518
572
212
341
812
132
734
880
953
490
166
568
40
988
375
23
454
921
962
267
895
282
780
907
635
174
484
799
384
912
307
763
793
111
3
663
308
666
226
582
994
53
408
313
439
837
323
640
529
684
348
620
701
658
746
860
580
432
925
346
365
826
621
104
813
40
929
292
921
713
883
726
660
869
240
562
916
388
701
471
910
680
422
387
226
773
112
264
457
273
54
526
258
763
113
886
101
516
71
441
919
68
374
299
924
235
795
431
194
302
35
552
465
65
274
546
25
119
410
531
101
723
819
465
507
689
297
64
989
655
660
632
809
217
800
185
980
990
676
421
870
933
264
688
623
507
991
54
216
60
148
401
268
466
33
117
516
791
955
251
241
716
9
462
69
4
811
197
219
184
64
589
437
511
479
955
907
585
47
699
121
520
66
63
130
92
428
832
448
138
793
538
958
72
189
127
885
967
757
619
922
941
290
374
832
86
270
643
426
663
47
933
145
359
104
825
291
963
151
516
397
188
633
265
991
598
985
599
669
744
336
341
367
443
415
795
870
648
144
23
966
563
618
432
267
726
314
682
700
411
990
814
517
266
766
797
232
683
596
682
51
889
634
273
581
788
146
824
241
641
504
112
525
463
756
279
581
928
540
214
672
610
39
242
309
57
172
73
6
67
208
123
465
600
790
931
384
156
944
920
583
491
876
164
722
87
514
824
209
449
282
82
388
834
803
868
88
724
742
746
740
354
769
144
341
728
455
950
36
569
581
545
994
883
271
102
890
993
136
326
748
21
569
609
274
815
448
120
787
279
602
923
38
947
892
723
121
173
115
894
982
813
476
189
798
390
693
131
936
319
945
756
498
840
883
319
624
711
18
730
299
982
11
849
88
715
589
10
345
628
853
224
329
916
193
217
761
919
9
486
640
53
386
447
271
655
693
449
154
932
620
158
258
413
845
838
711
669
903
727
107
455
856
207
946
83
361
337
5
689
145
228
726
57
54
300
230
532
571
354
978
242
875
447
260
41
420
857
446
78
614
519
321
460
610
991
883
286
400
697
871
786
232
248
15
5
826
725
420
445
786
175
646
238
155
563
519
869
132
107
97
2
543
831
968
550
638
493
66
745
785
629
587
774
306
542
406
629
498
263
509
701
668
467
641
924
86
860
5
172
849
98
685
853
278
425
500
233
64
460
306
47
896
833
285
479
851
587
831
583
408
526
389
784
862
851
367
376
259
392
331
852
415
778
76
266
854
849
329
9
484
521
992
637
34
81
312
659
775
682
390
469
875
462
823
634
997
922
237
909
836
993
525
744
666
142
28
278
452
21
610
946
414
167
695
239
739
617
354
828
698
696
328
867
365
3
713
503
179
588
718
928
261
740
727
901
798
26
793
236
747
624
980
264
881
795
99
112
742
60
197
568
24
480
208
286
778
32
517
324
29
614
486
333
43
61
540
253
135
203
485
425
280
278
67
176
707
256
256
133
928
952
789
290
269
38
450
274
767
91
16
987
480
235
354
143
866
864
65
62
233
68
78
129
830
650
475
901
167
58
107
521
220
687
520
294
877
959
475
883
160
230
749
506
702
447
780
203
133
801
66
154
104
633
560
351
106
154
375
50
217
614
31
169
719
855
728
824
477
950
278
404
832
535
554
548
621
439
626
44
840
604
579
895
128
463
493
736
847
48
981
261
174
711
368
137
877
554
866
61
847
104
191
922
387
624
497
669
88
623
80
959
176
836
303
832
365
562
211
624
482
553
31
362
360
217
802
341
976
285
226
336
920
744
314
505
711
118
839
825
698
753
880
216
857
679
548
481
164
148
517
882
198
778
698
435
380
601
178
464
135
948
556
300
28
58
484
436
549
606
928
733
329
484
664
19
838
591
436
255
743
796
151
3
680
709
209
718
190
555
587
951
364
171
315
487
0
427
208
440
971
402
767
579
439
169
307
499
652
474
20
652
371
507
470
735
796
727
594
797
442
913
73
981
915
102
213
284
502
70
434
424
389
871
281
881
434
518
94
917
638
834
583
62
516
343
757
385
765
68
143
182
740
794
17
231
873
825
804
320
827
96
159
33
862
184
899
210
805
511
476
244
689
972
867
416
183
691
528
790
55
103
941
524
816
671
22
393
434
943
781
837
572
516
289
71
619
403
422
954
148
142
601
493
480
4
538
806
630
492
115
122
631
798
872
491
859
974
60
815
433
382
619
480
811
71
463
270
968
475
225
541
962
34
657
188
88
662
513
716
983
461
115
304
281
108
227
551
815
267
600
28
210
112
859
198
581
963
114
985
495
75
543
512
917
636
464
636
276
342
188
750
404
803
299
973
368
908
612
277
905
704
228
988
722
43
378
426
39
407
152
644
295
961
571
53
8
642
531
530
873
704
686
32
331
625
448
45
536
332
277
263
54
84
542
725
637
241
546
392
275
76
236
773
602
159
834
810
127
176
525
754
115
688
20
751
806
11
884
363
599
814
571
459
472
232
66
937
494
447
255
476
983
672
306
654
164
971
184
490
470
72
43
928
781
842
915
374
987
870
749
420
502
15
169
628
629
442
618
357
570
849
591
323
549
855
14
572
842
807
128
225
57
409
200
47
355
785
836
769
340
901
862
860
132
340
845
590
607
910
236
412
324
683
788
783
819
172
517
618
712
8
312
379
500
876
224
507
218
507
46
532
663
805
324
238
410
679
297
469
148
567
891
891
609
393
419
374
580
659
762
445
513
626
338
460
179
775
407
42
862
202
964
275
198
33
169
87
127
165
410
126
598
441
243
318
700
79
752
266
955
897
433
641
953
889
619
649
202
134
873
278
898
667
329
770
223
837
891
362
597
90
516
19
675
240
65
736
978
337
871
625
46
329
743
921
709
393
214
500
941
36
355
155
34
866
202
54
325
30
534
957
864
889
490
482
485
226
232
742
303
555
251
407
712
688
991
18
169
566
641
731
352
613
616
23
787
884
699
146
556
280
188
353
797
128
858
958
586
896
36
276
629
432
929
278
845
33
213
144
280
859
374
233
703
117
757
996
865
107
215
913
631
949
475
885
495
418
374
3
668
728
234
421
267
774
773
411
192
248
486
910
143
918
618
58
902
898
404
886
103
443
740
665
300
699
774
539
171
282
971
309
97
909
597
150
131
503
699
395
431
858
244
713
57
121
529
690
529
989
435
43
146
66
948
126
350
278
977
256
525
493
365
728
132
996
553
947
233
80
47
72
733
834
37
629
611
810
887
582
821
484
990
628
141
947
796
546
897
961
161
591
240
576
655
137
889
752
626
151
818
661
604
96
710
484
349
69
224
419
335
88
652
514
607
888
589
514
839
906
369
536
17
166
144
557
718
835
691
557
781
999
546
66
623
110
838
741
318
894
85
465
422
150
123
84
12
609
93
506
403
787
194
639
149
718
970
353
478
81
456
816
509
734
100
267
892
239
497
361
366
508
541
328
448
539
199
501
720
684
322
785
418
736
56
100
650
6
890
752
307
985
283
117
302
546
717
740
558
613
323
578
712
834
181
588
169
443
594
138
943
53
408
913
577
309
854
0
371
712
243
622
81
822
264
94
500
148
376
209
659
670
640
439
617
685
776
569
252
970
721
141
910
855
778
823
396
958
475
921
180
89
450
367
603
893
443
161
300
83
857
622
525
500
260
521
108
769
507
915
407
636
881
941
648
207
372
367
479
295
904
418
561
316
762
367
967
384
568
770
489
9
574
94
473
493
659
582
669
273
402
541
388
70
452
475
369
832
67
541
325
980
978
640
311
646
792
961
406
197
123
300
216
659
560
623
315
436
353
410
880
146
816
917
143
163
800
742
262
840
706
357
763
914
13
702
169
507
343
67
95
238
800
483
611
605
246
59
686
797
578
479
609
416
961
310
246
622
359
711
513
833
343
683
629
348
357
961
787
742
204
983
245
793
179
692
96
458
561
80
368
468
58
236
917
686
178
771
476
733
551
44
464
167
323
619
127
134
54
931
153
276
354
835
683
377
512
338
650
55
872
784
715
686
261
466
343
377
831
441
436
219
170
808
991
711
292
65
84
60
852
403
184
41
838
369
94
946
883
802
470
479
149
808
620
821
375
303
372
548
259
533
43
93
550
120
536
581
982
248
890
562
379
251
883
440
179
758
378
537
880
47
127
735
540
716
695
295
901
319
335
116
819
985
748
237
309
735
617
733
732
966
267
932
128
151
615
134
334
334
843
144
475
357
521
651
890
904
39
655
609
301
916
301
202
746
157
809
821
138
565
642
691
725
548
143
141
939
942
951
131
213
236
149
880
465
576
559
426
672
825
537
584
661
375
411
453
484
96
19
153
764
505
136
630
490
264
629
511
572
638
6
189
559
834
275
499
334
545
150
625
624
353
385
223
988
908
265
191
331
602
497
597
961
568
797
74
202
349
172
691
326
202
176
384
384
665
94
321
505
54
924
483
883
499
404
312
821
968
660
589
722
7
270
324
902
638
83
114
431
301
255
795
651
551
369
441
692
269
714
940
37
542
815
315
471
467
916
424
980
238
359
570
663
827
143
996
990
279
31
3
110
965
466
837
33
567
388
772
398
282
419
433
550
946
233
910
718
932
423
36
710
107
479
747
917
329
822
184
182
7
452
24
859
569
562
243
980
824
654
684
412
515
30
565
145
848
759
263
438
603
840
958
670
257
160
763
159
567
553
988
193
691
871
494
570
132
849
306
71
166
867
246
672
29
973
434
489
51
604
666
313
356
547
852
265
534
278
79
283
663
498
4
747
126
908
448
110
380
661
271
310
163
230
165
112
572
134
405
843
255
957
733
972
955
84
400
594
798
332
867
603
214
391
948
769
21
510
403
117
315
904
941
958
269
212
85
222
564
596
643
362
49
862
361
59
531
79
160
502
403
78
530
460
183
355
224
318
635
170
747
554
822
408
983
778
415
865
972
135
728
923
870
578
467
218
349
98
354
993
831
7
395
506
560
722
615
162
555
303
180
284
907
640
760
584
219
175
902
328
891
479
733
631
220
160
932
134
642
61
410
37
792
724
305
978
442
849
547
72
155
215
284
959
615
804
791
644
971
928
213
118
17
930
495
605
639
607
397
822
239
856
632
910
713
246
257
539
468
341
324
530
364
362
807
320
725
339
341
81
981
577
344
206
24
540
954
239
405
708
588
717
261
799
823
10
236
756
512
32
81
858
241
19
64
293
426
443
230
559
415
49
28
759
355
574
284
817
274
699
64
98
444
144
203
541
229
564
927
423
129
270
837
20
813
310
980
12
568
491
608
77
785
666
243
726
970
384
714
341
458
732
430
581
649
739
291
168
324
537
645
29
424
241
62
822
315
873
396
737
118
301
191
985
262
911
768
280
218
224
101
611
279
6
538
90
263
177
497
322
729
291
882
849
433
196
837
198
896
727
404
698
766
645
558
223
284
388
222
955
414
547
626
489
789
413
583
812
955
607
658
505
696
248
882
936
985
668
513
374
608
109
632
227
486
54
138
139
645
453
225
27
75
5
509
921
32
77
307
16
280
89
362
119
180
890
720
725
907
405
299
844
534
525
388
239
410
917
838
824
662
86
85
643
339
282
849
616
691
443
353
337
339
794
948
561
322
63
58
93
12
546
218
426
544
733
397
202
660
894
223
828
243
836
590
791
268
173
650
891
700
305
781
300
518
399
332
523
623
618
259
331
270
832
895
533
24
695
949
769
706
196
848
866
807
209
503
859
186
386
981
924
965
445
610
524
743
404
647
705
820
760
351
571
135
163
305
233
595
761
185
207
607
892
846
797
343
843
630
965
711
607
22
728
467
274
814
701
753
180
649
559
472
331
722
834
330
670
114
922
917
878
902
368
895
370
76
138
607
5
526
646
249
742
248
579
529
900
580
852
297
596
533
905
934
96
768
579
492
606
270
92
305
26
542
273
887
417
359
822
939
171
19
796
587
252
392
921
701
967
784
924
762
647
688
595
577
484
93
67
591
38
146
595
204
98
550
838
626
798
499
507
855
218
953
898
65
28
761
917
513
984
846
449
256
571
93
328
638
154
789
277
601
364
377
523
467
472
667
849
372
348
571
14
382
644
813
205
320
171
816
885
202
1
162
952
239
593
953
406
129
974
84
749
422
274
448
767
895
98
991
384
314
89
3
251
821
47
737
872
19
485
808
372
548
672
848
412
140
112
679
335
621
988
254
224
640
596
27
605
23
491
824
359
822
670
976
150
64
157
658
920
398
293
382
765
490
304
652
834
338
802
868
321
783
792
16
145
781
183
453
959
77
607
384
281
934
562
614
618
227
428
532
783
382
624
941
901
809
461
770
165
21
804
163
958
452
791
236
373
920
671
219
931
775
394
13
786
78
31
440
93
898
943
99
708
981
938
866
849
174
227
294
26
409
546
57
163
510
451
903
815
382
400
248
819
135
680
730
727
968
626
35
994
288
114
219
545
265
111
144
43
954
350
748
492
667
399
505
364
881
18
989
99
561
445
336
708
401
925
202
283
810
342
250
948
466
874
961
394
790
554
780
896
172
643
776
519
310
695
256
165
939
167
810
38
831
811
169
26
115
310
907
387
959
232
514
513
972
425
39
595
134
295
338
164
742
741
694
240
62
208
994
218
654
486
819
259
332
381
956
945
695
502
640
170
892
164
622
11
33
253
826
969
479
308
317
379
558
935
363
250
616
876
714
791
519
643
466
447
914
792
304
941
178
889
388
668
988
22
99
463
111
153
471
0
820
683
425
393
926
127
921
714
727
592
340
671
226
859
388
397
495
360
46
786
112
955
149
310
323
945
636
393
872
1
600
26
522
352
923
338
194
977
733
51
863
751
389
472
450
952
846
922
318
465
261
923
901
528
398
139
461
658
974
77
481
897
10
214
620
473
975
345
216
935
251
905
357
582
929
380
637
624
114
680
643
862
894
54
772
244
211
48
422
412
156
855
390
213
402
749
702
887
608
740
514
534
88
993
587
817
419
553
421
382
910
102
331
44
88
565
83
164
95
632
947
444
707
51
850
793
170
653
188
313
739
877
293
739
62
470
727
139
904
545
871
518
412
285
89
414
541
470
892
434
600
55
231
750
646
549
635
226
360
169
355
601
155
513
981
425
51
701
277
106
843
257
311
436
898
700
505
625
681
187
635
404
265
834
551
781
242
920
771
563
374
582
645
668
213
285
838
460
809
377
399
303
889
693
608
212
98
100
448
137
881
129
958
413
830
388
230
462
971
26
599
0
442
39
561
966
844
139
580
504
5
686
699
745
245
105
751
267
762
243
769
65
473
188
807
641
379
866
624
69
732
349
562
525
543
617
760
746
925
640
178
577
468
705
204
682
788
489
536
916
869
988
152
422
516
728
579
509
964
215
913
21
625
511
602
358
848
799
448
741
899
392
973
939
288
21
30
950
953
57
599
442
230
268
617
588
606
369
358
483
701
47
205
171
463
626
225
767
403
30
284
579
875
111
497
739
663
175
70
611
145
45
96
939
987
318
41
63
436
979
244
33
994
695
337
963
418
27
716
789
483
736
856
151
976
873
649
972
124
498
895
651
559
104
486
962
655
71
755
434
562
514
553
746
879
706
616
608
293
238
543
691
603
780
89
886
999
417
195
801
394
771
333
282
768
256
319
476
69
50
923
289
51
361
696
369
17
533
871
599
525
903
326
620
929
75
929
915
491
925
665
416
159
348
77
710
240
479
60
147
363
187
701
50
100
830
102
653
578
11
72
548
565
138
932
646
904
939
495
91
729
439
920
669
694
740
146
81
505
291
284
933
652
791
174
727
936
548
759
287
543
33
505
698
346
19
22
701
580
256
492
250
581
229
667
602
818
300
440
375
154
886
250
68
220
25
17
564
116
654
446
4
892
657
454
6
71
790
960
955
761
661
286
788
986
33
920
44
9
450
499
70
397
397
193
942
319
357
234
71
91
497
945
961
501
122
193
724
385
78
342
229
195
662
168
668
900
304
353
400
366
938
352
975
239
532
198
430
561
56
86
394
650
177
818
904
103
877
392
775
331
313
75
480
637
72
694
391
560
222
843
265
261
511
866
969
331
567
645
817
518
6
680
161
924
650
102
463
316
289
982
580
578
497
892
375
557
262
932
856
226
224
74
171
137
637
189
894
429
426
890
417
634
978
756
297
678
568
993
105
969
303
567
855
489
4
597
358
470
252
999
132
285
191
154
466
584
41
397
59
18
465
944
435
977
816
134
78
572
791
494
795
139
77
472
731
53
500
506
633
156
511
170
359
262
698
414
490
965
582
583
740
278
288
964
44
247
780
3
164
240
171
178
503
716
742
916
93
770
358
975
452
155
530
450
428
592
540
515
535
564
137
742
36
772
322
90
823
456
747
278
742
705
824
385
66
402
551
127
824
635
662
951
915
664
226
529
224
64
505
29
158
401
396
751
200
705
373
870
536
384
33
99
833
705
561
351
9
631
979
750
793
140
712
543
667
485
818
573
159
505
268
88
866
856
558
12
443
304
691
612
211
411
257
935
945
493
812
424
599
873
559
611
228
370
0
795
31
495
15
561
213
192
451
48
103
557
873
915
979
846
913
799
556
493
535
45
57
776
163
855
928
746
966
604
589
1
738
719
411
810
436
218
157
672
744
328
777
188
257
127
241
86
516
196
144
794
119
145
662
62
876
570
928
384
428
925
535
268
690
55
651
466
509
219
563
494
384
973
916
505
482
405
884
165
654
367
705
110
662
319
907
284
481
26
947
853
798
368
927
967
315
878
195
155
679
208
309
237
864
811
740
920
409
720
822
271
652
828
13
486
224
188
966
398
351
302
430
767
703
451
976
240
219
233
671
770
437
93
437
730
226
317
230
645
930
364
532
183
226
318
223
380
200
83
800
263
242
913
691
361
140
9
599
680
556
964
572
353
299
743
519
697
955
209
332
109
359
781
457
521
820
3
43
917
866
776
216
332
270
558
856
702
664
439
992
126
43
683
596
861
974
553
857
293
151
89
724
874
487
912
18
818
861
845
365
558
619
752
136
320
807
314
888
132
615
232
167
579
37
361
853
35
122
231
693
186
945
938
985
241
123
559
83
110
299
448
890
681
478
198
333
152
49
633
431
422
294
168
527
758
804
931
74
613
233
453
567
301
151
488
87
534
369
737
40
592
185
2
284
595
919
430
738
535
431
495
393
815
464
675
772
72
461
213
631
536
586
272
573
330
908
958
707
238
860
327
572
684
354
53
561
921
339
796
333
234
383
183
154
197
513
141
124
344
564
571
160
321
958
99
209
796
99
218
495
59
601
727
443
735
156
207
876
229
901
253
783
604
851
286
591
323
350
99
817
840
660
825
210
122
483
554
439
888
642
302
713
898
612
396
691
21
809
57
841
229
778
828
663
66
113
248
187
109
435
248
48
284
499
242
976
385
669
834
644
953
19
415
987
688
919
442
822
625
334
882
780
35
421
53
359
24
131
273
481
463
307
57
764
529
436
211
413
712
438
126
180
188
747
992
971
431
776
470
257
728
591
973
977
453
171
229
564
1
942
189
271
413
362
369
850
563
962
160
495
493
293
66
667
916
439
431
884
341
51
866
591
421
352
77
517
989
487
470
809
297
958
479
313
355
309
956
694
533
83
213
841
579
707
298
164
246
737
46
955
836
842
781
213
877
133
191
635
121
149
830
931
621
240
884
889
485
223
654
667
331
345
277
439
773
134
147
148
725
726
586
282
866
148
56
463
211
650
639
254
404
746
793
230
649
669
320
252
943
340
91
470
914
298
629
94
193
594
856
135
318
225
975
767
441
634
265
608
772
795
321
812
425
241
9
205
800
172
735
911
253
745
128
611
998
320
577
720
858
625
461
512
676
24
425
348
679
298
123
533
939
475
248
8
662
646
300
989
351
184
228
325
123
849
760
525
898
48
213
555
211
370
543
260
252
870
907
15
870
808
170
258
461
736
785
215
766
198
837
58
1
981
389
282
781
9
680
593
227
526
413
618
450
174
185
526
129
767
402
531
892
727
890
42
22
388
880
459
221
508
169
287
426
742
964
18
839
340
298
203
436
190
164
145
442
163
519
147
864
790
914
764
108
795
520
730
977
517
521
642
614
405
147
345
160
993
270
441
174
262
780
246
737
932
327
460
623
389
253
135
637
320
207
199
721
129
871
694
746
197
607
158
631
508
103
908
636
312
470
803
740
4
74
719
56
107
706
279
893
55
248
478
115
978
308
638
937
252
436
1
782
145
160
349
531
790
449
435
461
72
538
533
222
482
118
458
947
457
921
807
911
453
187
483
278
438
975
207
847
104
745
424
361
877
886
522
14
222
302
659
60
909
716
458
688
378
702
978
366
24
111
446
379
492
426
83
603
489
146
780
127
234
124
558
374
797
550
450
204
56
937
280
448
460
33
302
895
362
85
284
646
750
386
418
732
823
642
273
614
375
841
715
645
261
697
953
58
685
587
623
201
137
974
837
19
479
668
757
597
206
863
355
726
653
396
638
694
914
173
162
682
788
698
656
44
230
82
179
664
393
763
150
697
716
929
215
513
338
299
179
159
873
529
197
947
338
9
206
597
778
354
562
252
572
815
45
370
176
885
432
180
12
0
948
384
22
775
602
15
739
16
28
170
975
46
395
872
386
167
399
37
234
66
836
367
707
78
423
482
400
501
557
996
548
735
36
202
498
235
561
649
613
280
709
944
901
826
820
602
231
480
27
114
591
867
294
216
484
729
203
216
673
846
414
33
804
148
370
787
204
497
913
890
836
911
968
855
550
778
66
117
470
202
543
305
396
983
481
978
317
588
155
576
487
405
911
762
919
506
74
815
961
830
541
350
187
1
347
785
39
400
522
828
594
215
920
676
662
357
972
690
496
469
917
966
959
845
83
616
50
911
376
490
876
93
83
586
712
921
721
412
178
954
576
92
969
115
273
456
976
670
217
523
67
174
852
862
236
826
487
242
218
37
777
873
618
154
468
490
973
788
118
962
462
972
455
280
830
836
910
929
806
776
372
914
576
404
45
636
971
800
342
202
793
169
623
222
198
369
183
833
935
894
814
449
765
896
564
588
525
4
67
571
213
814
307
867
68
243
130
836
422
412
637
44
252
806
680
550
428
503
78
212
50
483
646
380
779
308
674
869
425
384
477
51
808
908
928
104
363
903
424
899
148
353
224
5
215
98
639
61
369
655
718
734
250
439
768
998
236
147
38
959
79
460
326
691
195
23
231
344
521
347
948
611
855
539
99
768
414
383
32
560
801
797
299
867
387
781
226
357
85
242
468
861
500
212
884
928
643
986
430
821
354
172
465
897
603
79
801
882
932
138
439
409
558
558
672
569
225
314
263
692
994
356
335
540
818
923
738
103
660
137
855
939
770
70
939
761
820
336
351
567
23
623
393
37
558
260
2
329
584
730
739
558
749
893
189
807
542
70
476
370
560
272
830
63
757
253
766
848
255
730
416
122
674
466
872
753
557
862
596
210
980
977
106
161
509
953
287
579
772
169
798
6
350
676
673
189
902
645
254
216
560
266
313
800
864
470
202
119
358
605
595
270
120
378
489
496
531
564
108
876
128
888
772
352
719
152
418
464
555
793
584
30
642
218
126
668
926
840
650
221
533
463
779
857
602
554
690
927
949
507
62
780
878
359
2
922
289
329
861
181
630
958
366
815
705
792
178
602
945
92
204
837
647
943
119
888
812
261
643
282
191
553
482
258
74
921
701
514
448
833
496
263
837
808
686
861
817
272
458
144
851
790
868
581
103
385
268
574
811
271
79
789
196
875
395
760
55
419
136
234
78
518
644
931
362
291
795
725
759
972
98
423
857
393
486
631
793
33
86
312
700
876
362
68
248
52
174
970
91
761
111
528
58
371
440
620
682
578
177
412
695
818
269
846
751
395
623
153
610
540
105
146
849
431
584
427
991
784
959
61
200
439
638
423
877
125
518
559
369
611
28
236
772
349
320
414
417
678
434
773
517
781
216
207
919
525
893
454
598
483
193
141
356
664
529
362
629
846
443
63
75
344
993
603
418
649
31
590
163
999
890
41
783
624
575
787
850
482
790
673
249
105
177
85
329
521
532
375
582
876
147
785
220
725
778
291
342
131
461
847
89
689
941
648
67
658
156
404
765
138
229
976
803
399
899
986
396
678
204
881
354
507
449
32
208
672
85
658
579
574
271
880
150
2
726
574
430
406
977
531
430
120
600
991
504
912
10
391
449
299
804
907
392
893
706
337
179
347
429
755
709
94
873
331
264
452
138
350
195
264
930
222
800
882
138
522
285
121
307
864
428
148
983
579
737
120
425
799
512
924
206
9
713
776
222
636
865
564
323
654
270
981
637
169
126
530
327
165
157
36
242
691
233
20
203
844
995
847
660
623
461
236
60
474
994
343
627
344
103
374
535
497
28
391
892
983
918
44
643
348
740
863
178
137
124
72
236
770
762
646
420
541
660
498
915
633
989
327
548
483
428
517
680
27
160
405
500
349
746
310
323
307
103
782
496
625
953
828
452
657
721
442
576
612
458
33
72
73
757
388
468
280
989
430
164
648
518
648
992
854
151
290
65
79
809
963
439
396
475
732
496
380
28
118
362
672
900
828
725
832
343
75
112
651
254
541
134
859
43
13
29
343
450
838
299
74
447
476
53
41
792
731
277
777
952
46
727
271
172
464
792
841
821
87
620
561
843
630
259
234
379
401
206
187
453
364
844
81
12
68
156
90
978
463
622
611
392
375
938
562
231
393
804
696
174
684
827
446
352
957
965
832
761
175
969
135
517
776
24
145
13
599
928
187
847
354
735
414
288
588
432
31
961
466
165
289
491
839
858
157
161
373
913
217
817
524
392
191
670
760
995
812
893
890
774
337
729
273
612
22
869
529
573
874
86
297
831
352
11
642
4
619
697
964
636
433
415
603
719
550
603
262
113
968
120
512
626
759
261
79
17
983
602
178
485
110
449
568
591
272
367
51
495
763
94
500
537
540
240
216
475
384
562
607
111
199
539
221
160
730
79
386
826
661
452
524
427
160
160
348
527
655
493
182
325
714
539
425
932
687
712
463
568
866
38
535
15
62
737
814
635
438
515
980
412
453
670
18
19
331
46
129
381
376
384
461
386
955
315
65
745
148
226
277
82
856
194
274
