403
556
904
266
815
789
706
553
280
567
739
125
511
750
42
10
380
701
694
125
509
444
851
735
458
47
396
808
392
475
678
368
289
329
509
521
893
389
94
641
527
600
679
524
909
193
390
830
693
34
933
861
137
390
23
333
695
705
978
885
72
400
697
438
187
440
388
44
893
170
406
525
542
611
499
511
755
842
636
14
772
595
569
371
410
777
145
832
727
520
513
439
49
183
623
803
908
100
761
582
899
746
911
817
59
278
250
786
580
567
839
832
813
652
476
354
907
991
110
837
318
615
341
36
696
59
132
650
370
794
512
555
28
200
221
592
745
883
344
769
509
20
52
229
52
464
572
813
369
222
466
199
191
883
930
895
887
473
382
303
87
846
574
286
627
225
507
39
427
271
369
448
937
532
415
251
37
653
460
130
775
689
872
379
600
872
12
427
445
388
751
423
377
452
893
21
981
552
886
153
639
478
473
596
237
834
643
998
372
237
760
124
9
213
509
637
363
970
847
814
27
872
411
845
642
536
219
491
933
649
258
771
431
404
140
215
956
725
141
745
605
229
869
583
724
660
628
176
965
20
199
907
88
649
487
830
423
237
763
324
312
600
426
872
976
700
183
766
266
846
137
609
179
305
157
951
195
548
706
248
715
292
217
285
573
924
223
22
660
168
161
892
977
418
451
109
439
811
773
101
444
883
386
834
588
268
790
720
955
928
499
914
423
932
544
346
280
932
559
984
941
949
297
575
260
17
745
901
814
117
633
161
485
407
733
566
642
3
202
630
967
965
290
634
38
832
336
781
68
117
66
153
150
568
496
297
86
444
103
517
618
398
330
804
793
190
757
148
243
458
735
333
620
262
453
995
204
518
693
498
134
460
181
548
803
612
688
70
186
460
314
665
967
233
713
403
21
821
872
998
505
469
224
457
797
359
733
570
125
440
515
229
161
3
444
718
543
382
7
90
181
167
277
715
24
724
819
443
628
487
96
128
849
784
154
782
654
444
673
666
484
116
903
874
570
888
554
330
512
522
184
801
922
152
830
850
435
721
573
654
819
656
801
271
391
294
415
928
404
642
635
616
655
852
851
941
475
711
268
701
280
940
191
495
997
19
135
480
67
693
177
922
677
37
24
207
591
396
629
43
226
940
432
143
441
724
85
370
227
498
813
322
365
80
336
120
387
45
132
129
499
323
781
425
847
24
929
59
317
150
774
595
596
974
691
268
405
146
720
397
748
775
146
30
841
241
839
808
39
560
314
467
417
97
828
441
188
24
176
271
109
400
216
148
447
285
985
458
200
272
584
562
122
74
135
60
409
660
273
131
358
819
685
327
855
857
626
548
144
774
160
776
338
974
614
314
446
315
758
502
663
411
665
701
985
589
472
153
690
877
832
726
739
879
161
187
242
296
843
328
440
87
270
970
314
675
468
930
998
278
677
923
76
975
103
970
86
750
216
896
78
216
418
531
722
330
265
851
294
586
740
520
967
592
717
288
535
412
31
334
714
18
587
286
796
264
775
837
373
704
124
710
538
848
898
807
120
439
42
250
759
882
327
79
874
589
514
407
767
5
889
523
367
905
196
987
283
17
308
122
64
183
199
831
81
82
884
822
369
674
79
445
665
157
338
939
788
616
713
114
668
593
880
477
552
497
475
765
605
983
97
62
550
696
790
526
169
770
284
797
839
63
638
863
472
128
48
719
481
79
158
974
315
78
895
233
241
701
909
928
54
902
812
939
616
926
685
663
165
348
71
686
856
219
816
149
264
44
205
30
430
525
148
606
208
990
666
889
639
522
526
185
769
970
432
574
100
813
440
159
824
700
935
983
728
609
788
954
957
584
405
606
462
390
303
815
295
918
685
83
629
499
1
244
532
607
426
731
334
657
778
242
712
189
586
666
242
86
292
171
490
359
869
906
950
863
949
628
708
602
156
209
176
892
955
260
266
704
628
735
600
847
223
371
903
276
99
156
954
12
253
91
685
356
127
382
441
578
808
834
995
581
732
225
75
857
280
110
6
290
908
356
633
442
269
143
195
5
614
10
869
705
786
671
896
820
409
206
131
310
389
21
360
869
687
381
138
254
643
621
989
913
253
263
986
958
718
849
414
668
623
206
38
657
144
539
816
763
822
838
537
132
807
688
679
764
475
835
250
448
81
350
332
89
330
685
585
840
215
853
901
989
10
238
369
886
347
162
130
340
402
650
246
234
763
343
539
215
11
653
446
314
725
948
405
173
658
280
370
539
947
849
612
243
684
437
539
430
454
648
312
493
793
446
519
499
141
615
930
505
691
697
755
313
309
612
45
651
830
990
535
931
591
462
391
491
255
806
927
436
414
762
103
224
959
446
79
379
928
164
838
432
663
377
988
472
43
361
696
845
475
385
991
340
967
747
570
393
665
391
602
916
663
628
195
202
769
758
698
63
705
257
500
30
603
515
421
603
867
272
850
991
918
943
515
251
750
74
920
248
909
499
215
51
597
481
408
814
497
610
861
353
100
738
785
864
396
314
427
558
426
20
423
791
209
819
209
571
193
207
991
214
655
53
467
740
443
278
137
26
189
238
795
903
52
308
479
34
133
378
697
829
116
786
962
615
522
360
573
696
492
727
314
685
851
267
17
523
709
942
420
688
600
310
417
29
918
11
51
448
722
662
940
541
269
581
609
604
260
12
114
959
570
149
660
322
502
736
429
877
385
469
196
765
166
766
882
598
622
570
905
941
887
892
127
377
888
10
774
602
179
489
828
338
456
878
506
721
210
96
396
100
545
433
20
13
259
954
274
613
479
230
700
534
56
895
846
902
282
381
631
93
988
925
912
207
778
502
969
653
541
511
993
766
289
115
977
164
948
127
550
337
54
962
874
71
473
827
798
222
710
433
670
385
137
227
865
690
259
848
355
84
666
72
497
463
327
274
96
565
267
415
42
875
111
363
870
404
254
316
634
399
649
770
16
273
208
887
603
941
816
48
653
400
69
977
598
153
365
471
555
677
238
687
440
425
709
564
979
960
76
366
111
677
647
317
865
770
780
876
963
454
764
883
651
646
74
669
535
18
543
633
623
728
984
587
286
686
637
594
487
152
878
309
360
978
444
718
917
144
841
288
436
689
741
189
737
393
598
704
190
781
987
874
696
522
301
528
584
518
746
401
772
168
888
981
698
228
107
816
400
598
499
950
723
616
804
673
699
375
427
342
479
999
802
958
642
462
497
88
681
126
978
267
775
548
790
482
440
766
768
672
678
450
118
250
275
945
128
20
204
458
855
339
582
947
371
626
305
266
104
73
53
185
174
599
252
368
212
216
606
108
153
529
451
182
350
584
713
311
811
233
506
679
357
691
400
173
968
138
328
648
271
397
225
795
293
447
911
279
359
331
929
339
56
336
835
927
464
604
120
742
578
677
7
322
513
466
801
777
566
209
533
460
488
505
888
377
457
55
340
270
73
919
156
662
82
144
849
193
103
386
324
499
361
707
297
942
679
884
148
579
193
347
978
876
481
618
103
93
55
148
943
985
584
264
251
713
514
6
563
943
935
622
946
129
3
888
914
849
11
542
269
608
652
637
397
299
893
339
105
518
979
474
892
4
439
962
243
441
909
933
867
167
956
212
189
900
149
967
119
989
313
234
760
715
396
275
960
156
784
559
730
117
256
668
975
443
10
793
783
969
359
226
94
275
810
880
754
208
66
29
101
719
462
925
323
681
92
848
656
476
759
428
263
447
179
447
107
753
5
2
372
693
531
400
617
328
877
542
972
898
599
294
182
794
301
203
375
332
954
17
874
990
180
556
843
705
119
934
854
307
788
327
221
473
494
892
398
865
618
162
935
909
888
612
63
540
2
345
578
154
575
641
664
672
909
533
594
335
897
318
554
13
652
261
783
578
36
658
658
916
443
489
848
302
553
502
635
887
305
161
463
559
2
12
735
908
604
138
665
459
133
474
293
179
63
944
693
90
456
493
713
371
846
741
498
143
309
870
144
0
870
752
619
517
485
776
714
239
535
510
44
147
38
847
809
408
995
229
307
592
927
9
814
131
294
883
825
422
568
40
145
363
805
99
153
522
765
358
847
957
25
671
526
18
825
480
675
929
155
550
486
709
29
331
111
912
143
919
202
286
120
10
513
452
827
204
837
129
861
93
313
154
518
584
219
684
274
898
415
122
667
857
25
959
317
39
719
637
558
870
457
604
383
53
438
926
315
376
52
239
979
439
867
873
395
741
495
310
677
304
649
127
528
640
393
441
956
888
857
679
261
26
313
34
506
623
570
998
465
60
945
918
160
896
515
936
770
826
15
930
645
223
533
188
100
489
297
767
382
75
99
387
426
816
870
238
980
244
699
80
153
210
745
764
931
245
555
993
329
490
831
839
182
50
814
892
93
574
669
974
734
979
383
515
615
837
908
596
450
527
451
496
911
872
47
876
870
137
961
369
83
843
986
910
790
566
778
92
573
533
538
889
321
453
442
891
50
787
416
62
632
765
999
233
191
536
440
315
174
889
311
835
996
64
844
165
719
191
84
608
650
760
499
484
850
532
289
689
870
744
814
722
297
585
555
112
742
464
567
396
910
625
986
300
704
845
785
511
614
496
159
892
175
861
781
107
991
101
870
223
648
814
529
643
90
664
811
826
102
731
528
891
443
156
750
9
747
718
814
128
246
37
656
491
777
158
371
923
50
275
86
714
618
947
85
782
983
725
579
264
677
348
552
588
721
86
239
187
602
95
831
573
748
219
220
994
82
713
625
991
39
35
564
222
273
657
487
965
803
837
670
905
222
945
522
108
379
77
9
913
647
548
631
336
644
534
797
125
328
345
180
163
99
336
614
246
82
614
58
206
235
347
866
239
613
925
74
446
486
850
263
366
568
154
106
423
97
185
616
152
989
218
567
956
362
415
471
856
752
900
394
924
579
708
754
320
326
300
141
462
30
11
959
61
280
723
933
974
240
497
225
615
559
431
23
589
824
163
427
14
31
81
660
500
110
52
617
718
494
129
63
984
342
140
588
771
67
508
699
256
365
185
28
661
105
118
591
370
416
865
605
957
811
480
291
849
737
302
476
285
727
450
258
689
451
808
929
364
989
681
576
112
27
582
885
943
103
658
827
879
511
541
322
305
248
836
748
511
128
630
64
867
871
754
116
524
481
172
835
387
51
990
137
133
127
723
263
881
222
175
856
329
848
354
279
517
651
11
138
170
486
801
895
698
817
605
273
389
979
595
743
278
327
895
305
400
900
813
456
191
320
489
969
779
600
332
502
310
31
360
778
151
336
267
150
279
193
567
276
417
238
626
695
199
687
881
101
487
592
943
699
316
939
364
819
937
635
41
124
488
311
87
806
713
954
447
721
118
931
508
233
915
654
820
968
563
766
894
632
733
869
910
891
182
985
28
25
295
29
730
685
199
425
876
317
252
215
705
236
707
596
864
957
447
262
974
446
998
352
851
527
654
87
581
445
255
336
397
856
666
185
981
901
607
192
834
240
893
444
567
603
665
238
39
627
634
723
628
133
659
209
197
445
231
651
641
862
819
579
347
379
53
444
822
736
283
201
959
710
870
268
922
361
766
367
413
544
438
185
17
753
919
829
950
846
547
53
958
784
320
839
858
742
813
1
448
402
368
414
742
568
829
181
296
20
476
610
22
31
177
187
257
797
807
641
868
951
790
473
439
656
856
798
910
926
908
613
664
254
154
725
523
892
150
752
173
254
791
211
422
204
719
558
145
127
132
832
553
323
365
2
456
338
49
822
491
510
512
316
217
322
325
808
930
549
779
908
844
981
125
390
649
484
234
125
301
186
357
461
867
518
362
837
166
914
813
905
893
970
533
577
968
728
437
293
951
640
562
147
138
587
480
183
771
546
664
54
352
489
84
430
988
5
36
685
749
387
504
77
808
103
245
521
600
46
941
47
854
400
663
938
35
149
205
498
56
203
676
122
982
897
831
255
482
796
500
88
616
51
864
941
80
456
206
472
406
302
802
186
795
562
892
948
89
159
512
540
748
74
283
280
964
807
480
586
663
349
215
471
988
333
735
61
313
58
267
329
318
45
712
275
162
417
23
391
283
69
925
912
332
483
415
10
942
13
475
300
265
23
458
361
396
300
938
26
896
632
816
913
418
47
139
228
904
521
3
76
971
163
607
442
754
907
286
749
127
776
238
514
107
235
89
504
316
662
213
886
823
983
178
84
353
784
438
243
463
679
380
66
781
301
212
406
323
294
875
581
228
220
315
575
120
327
566
25
898
829
724
151
291
458
532
293
397
964
390
19
884
454
999
787
38
711
198
272
620
118
499
221
472
45
759
390
622
471
599
495
887
646
466
336
273
765
50
41
298
295
983
176
763
203
367
748
298
637
490
100
599
889
153
394
608
94
942
677
232
157
39
159
474
253
700
773
843
445
736
988
965
77
605
910
296
857
408
608
356
866
843
927
81
571
993
143
15
365
356
488
858
39
482
653
733
542
342
34
863
173
355
505
386
257
316
785
304
708
662
12
424
412
903
324
247
399
775
369
498
165
572
9
567
161
341
60
116
525
916
907
519
890
358
181
636
849
655
118
757
297
334
724
668
589
672
959
923
137
192
172
301
585
524
110
581
318
562
114
68
54
114
285
280
591
973
932
360
751
331
255
580
707
139
355
961
82
915
500
363
558
335
419
42
310
70
985
335
387
824
896
864
917
139
954
951
592
685
545
617
513
348
930
954
263
649
31
421
56
435
927
329
65
72
547
936
89
478
904
481
554
312
229
693
357
676
768
487
90
297
945
980
865
238
378
1
688
29
769
340
121
470
724
563
654
720
512
513
244
178
518
663
42
96
499
311
492
569
82
971
560
333
536
996
12
676
475
167
850
26
808
57
426
422
480
204
906
33
622
97
148
436
215
61
260
323
934
65
93
14
556
649
399
653
265
366
158
795
473
30
82
300
398
425
119
656
125
351
960
330
240
269
493
73
872
175
166
5
84
127
619
758
58
115
794
422
713
725
155
455
625
812
491
711
191
263
580
280
529
938
525
36
762
593
651
917
571
265
460
395
863
518
915
630
280
511
797
51
899
438
911
524
997
723
330
592
345
520
508
690
23
863
740
668
890
280
410
716
614
903
865
127
219
802
505
202
515
632
37
664
340
516
622
750
179
193
114
274
318
496
413
105
747
964
794
591
170
599
926
314
27
253
665
127
774
518
905
246
974
97
445
18
840
324
356
472
174
697
559
65
746
994
81
514
113
300
506
849
303
257
570
226
592
279
560
167
74
639
239
678
957
160
866
884
643
466
756
983
538
462
750
962
435
538
158
849
734
403
720
428
196
195
532
721
608
442
596
186
307
112
351
589
468
256
975
818
136
624
100
839
947
134
587
271
755
53
646
850
692
253
257
302
62
112
310
115
120
688
998
675
503
22
501
712
551
269
728
520
988
717
342
540
173
252
112
918
702
662
391
529
817
325
728
602
281
869
726
219
938
214
628
769
832
948
333
27
594
947
234
875
410
403
887
33
381
283
715
67
193
954
667
25
480
609
506
460
176
453
358
487
420
464
617
685
234
831
482
506
313
198
449
862
95
263
516
700
421
753
728
664
888
69
935
695
861
988
610
689
856
933
19
233
504
434
42
645
19
850
274
240
929
202
295
109
815
276
87
471
27
993
266
11
255
898
39
847
612
650
748
940
852
216
785
742
636
681
194
788
668
290
423
763
317
330
146
245
918
430
829
63
74
287
397
600
49
54
47
284
594
919
925
777
50
907
820
746
59
927
942
150
276
474
759
509
57
884
542
481
671
818
386
287
910
271
846
865
387
356
722
204
881
943
552
100
540
153
464
600
753
378
280
704
589
855
244
195
401
115
270
349
911
212
226
365
699
796
504
844
289
737
326
969
15
622
777
74
822
55
465
21
171
572
383
749
36
949
907
672
433
884
686
261
537
887
808
779
126
756
703
700
518
608
174
520
775
744
965
54
990
417
955
333
187
706
20
833
549
887
72
826
614
601
931
926
146
224
282
22
465
186
184
325
727
701
5
605
533
193
448
428
845
594
385
756
687
849
62
153
475
705
311
299
346
399
440
347
790
202
475
993
482
106
879
572
711
430
505
828
21
181
77
345
714
686
25
670
474
803
470
295
347
64
292
672
395
290
521
568
352
562
62
178
524
160
926
444
972
549
460
280
27
497
992
464
647
50
373
622
112
574
26
410
920
648
939
356
28
550
355
1
461
787
792
883
91
584
28
569
271
510
555
46
507
183
246
837
281
578
66
794
685
348
477
715
183
180
896
517
785
799
466
259
553
234
182
609
67
271
914
984
967
710
730
234
162
12
642
572
484
353
757
132
301
211
132
495
636
752
950
965
902
545
264
105
991
83
858
72
425
919
102
603
222
368
413
528
355
372
784
866
243
836
552
368
700
614
642
323
779
138
115
473
543
185
123
375
988
841
137
412
831
581
987
600
697
121
968
323
330
427
285
226
715
14
952
172
15
320
932
579
279
227
17
541
633
113
759
962
948
912
951
296
731
533
942
875
883
485
367
920
363
286
772
8
551
732
401
826
337
607
613
33
293
810
837
933
70
182
903
357
114
237
544
730
384
299
274
558
97
623
318
875
378
311
690
497
276
337
463
991
30
566
953
195
984
416
668
372
676
141
287
428
547
716
224
236
378
763
484
247
175
803
545
480
851
683
562
0
774
618
430
807
554
777
869
308
565
564
120
895
166
952
100
236
867
928
290
154
101
210
327
449
289
102
595
571
899
343
512
137
345
834
553
854
625
283
820
872
704
895
190
938
264
692
273
543
493
637
668
74
277
914
231
593
482
36
802
407
637
293
657
384
872
558
598
975
703
794
899
708
916
0
130
449
15
846
131
723
726
720
305
446
222
776
521
641
366
960
640
177
261
347
640
978
392
201
127
551
409
905
301
538
286
257
335
312
837
416
981
836
490
397
980
971
461
169
288
583
667
583
130
389
47
3
154
610
996
704
114
634
209
140
750
289
562
654
779
274
768
32
547
324
508
535
882
997
413
159
721
639
811
596
229
311
479
699
82
836
913
262
873
884
741
351
603
26
60
212
457
356
738
680
162
129
849
147
352
392
34
895
895
155
59
771
667
114
73
669
149
92
443
104
969
17
752
894
495
27
239
150
140
2
521
678
797
950
253
476
224
727
288
142
151
297
342
586
841
532
426
943
782
439
309
826
966
52
382
389
599
895
551
721
442
600
232
917
745
264
67
759
455
992
571
846
395
940
105
194
35
935
860
892
537
248
868
255
220
426
660
904
142
690
146
785
717
81
148
456
657
801
136
279
345
725
855
565
938
305
208
994
100
688
173
967
627
452
140
44
391
903
684
555
944
817
954
809
563
555
671
229
953
895
719
617
226
291
545
46
301
794
830
828
122
498
976
998
711
29
528
676
587
999
324
754
330
678
635
206
222
776
614
903
574
454
942
208
30
317
756
484
514
277
976
836
128
947
81
500
201
873
237
147
524
853
767
169
888
575
203
923
643
116
390
857
875
576
510
25
96
568
547
293
677
110
554
895
953
349
540
884
830
75
911
342
21
671
417
108
420
184
740
412
318
205
698
449
925
619
150
216
270
297
284
779
521
767
183
400
339
93
614
52
562
0
673
689
220
959
590
191
692
924
26
223
787
117
294
962
55
434
288
584
178
66
947
44
378
518
284
700
232
735
561
935
639
131
744
791
427
522
778
446
660
502
91
725
94
1
902
496
533
114
825
421
154
647
866
787
845
182
5
351
29
198
547
593
516
296
752
989
928
715
953
822
495
405
256
117
610
789
982
671
532
429
972
308
208
518
526
35
965
267
909
484
855
271
183
390
322
19
972
374
997
160
568
641
153
258
104
552
461
693
219
731
992
737
527
505
313
1
84
378
998
914
81
759
352
447
17
426
519
417
561
607
599
251
282
716
439
739
237
21
849
901
512
575
19
857
747
535
553
957
375
579
117
918
60
965
109
279
13
921
382
236
827
132
514
889
514
163
796
355
188
478
804
184
872
673
115
362
487
546
44
654
739
178
925
731
716
794
426
518
200
927
836
667
381
375
330
949
318
115
708
822
369
423
120
987
585
660
60
135
461
919
798
944
700
883
667
430
187
433
826
975
84
344
788
695
628
927
219
325
298
134
124
321
455
909
666
850
30
116
441
44
234
298
283
30
462
410
258
545
821
279
731
997
535
544
907
254
4
878
745
819
272
290
544
935
691
523
647
368
956
29
678
421
289
166
55
133
430
651
247
738
831
111
704
685
652
667
916
547
32
496
176
36
621
817
74
380
345
398
465
603
5
900
448
231
703
608
846
633
782
586
5
221
941
390
100
579
287
877
387
754
781
418
755
644
38
497
392
213
252
10
253
205
679
603
714
229
720
203
131
630
372
283
792
20
347
663
221
810
148
514
869
808
655
464
664
983
126
324
950
676
513
2
350
811
620
119
584
755
927
108
284
279
323
642
221
757
780
207
341
599
775
38
989
656
417
29
585
880
521
840
807
32
571
986
154
633
42
316
647
278
281
678
75
786
823
115
311
388
885
905
953
159
284
813
656
246
904
749
428
628
635
399
119
818
39
480
100
538
236
134
19
568
674
166
301
873
396
338
522
739
937
882
941
180
928
555
937
646
727
446
891
167
32
807
363
7
721
165
184
755
406
697
518
279
109
16
463
673
14
923
619
736
637
318
501
194
294
45
629
533
315
169
187
965
133
594
750
980
29
887
857
288
405
250
430
447
424
991
323
925
266
922
750
286
725
311
573
815
42
669
798
222
776
108
664
218
140
606
437
853
78
674
812
845
139
243
111
802
852
87
358
763
194
99
582
505
357
636
33
141
208
288
483
309
266
779
470
745
299
526
275
220
48
841
142
422
958
193
644
958
960
925
196
693
380
762
783
382
320
479
973
697
988
3
653
263
644
665
233
95
485
821
300
903
169
73
385
862
41
169
753
750
950
445
592
872
435
628
669
408
67
540
37
351
218
112
578
214
891
75
837
920
606
929
765
809
611
989
714
667
544
973
947
751
338
266
640
928
699
427
789
891
401
656
28
890
263
684
158
760
146
924
933
576
506
389
369
446
307
986
781
831
159
202
381
996
825
760
735
664
113
140
731
67
815
775
392
344
782
796
412
369
806
33
239
514
326
389
165
315
28
804
870
470
482
237
492
233
655
676
256
486
751
844
218
117
241
220
315
715
667
842
536
923
131
54
989
955
492
261
476
426
203
941
769
238
982
216
459
626
640
938
305
124
723
365
670
868
746
604
946
944
802
580
55
988
317
78
533
535
154
569
786
170
420
876
74
633
237
601
790
388
23
645
964
607
191
908
515
52
55
26
473
803
231
660
708
320
967
357
953
938
19
260
292
948
130
883
84
532
429
306
922
809
249
786
918
178
241
598
798
714
492
163
5
847
318
176
563
633
253
944
198
912
395
764
421
870
746
126
21
75
41
833
346
984
978
964
188
699
684
117
355
649
324
402
920
713
668
234
977
213
661
483
816
916
230
684
74
99
472
482
775
586
869
25
867
162
245
488
920
404
765
791
285
461
716
36
191
877
459
840
834
647
657
529
379
43
408
608
366
367
991
35
208
516
893
5
920
861
335
65
359
90
582
350
120
946
672
52
285
999
769
213
168
587
878
190
275
329
453
812
261
391
188
68
50
591
341
451
21
548
683
860
756
769
989
792
273
149
219
79
112
83
953
4
833
990
607
759
484
98
618
205
300
853
667
970
466
845
954
854
983
723
903
268
277
636
684
975
603
577
954
464
419
460
199
123
841
843
641
32
666
825
602
797
102
647
7
928
332
530
343
601
313
158
541
998
733
161
193
257
970
258
177
988
881
520
959
877
395
446
152
196
697
148
489
601
840
217
525
298
4
732
775
458
920
490
681
54
256
650
743
217
723
957
963
695
240
33
494
190
659
108
711
592
52
93
371
349
373
974
361
6
454
549
520
212
759
490
728
303
617
716
322
770
593
116
957
428
770
523
998
545
862
631
131
559
401
344
300
749
298
705
182
133
118
883
926
75
842
211
342
77
485
35
991
322
753
669
99
303
268
756
141
188
727
461
520
286
986
547
704
749
473
169
49
973
184
7
43
787
614
416
23
61
513
706
608
116
166
276
832
477
907
558
70
458
707
378
985
504
220
120
4
506
353
559
62
322
759
416
876
639
23
108
902
267
415
38
931
459
748
835
841
258
9
302
109
383
781
904
19
186
771
637
579
654
83
873
56
808
129
25
766
797
31
758
607
538
292
803
123
445
640
856
378
401
995
72
702
351
57
213
882
87
916
244
233
766
934
498
492
425
72
645
564
480
236
855
728
14
292
861
931
117
62
319
950
454
596
360
694
854
348
924
849
644
457
705
234
687
971
750
334
36
202
657
426
556
386
357
67
140
347
496
522
263
392
986
658
750
594
225
431
496
785
626
573
604
246
490
866
643
472
826
121
715
433
521
156
589
372
739
741
152
661
231
545
63
892
919
409
981
712
40
927
369
821
234
305
532
161
121
485
775
232
809
146
546
642
912
926
999
814
118
457
925
438
64
237
9
294
673
801
718
258
105
601
213
211
16
587
232
453
579
272
664
608
447
892
142
457
460
28
566
189
928
596
968
489
949
331
329
569
756
451
574
699
440
192
480
87
456
333
803
246
668
837
456
219
873
973
547
714
511
115
271
660
839
586
292
732
578
878
739
737
829
950
416
392
97
499
238
366
134
851
449
183
24
994
293
214
498
934
108
977
94
414
660
103
702
246
894
81
469
889
995
91
343
436
705
6
759
867
219
131
151
314
847
925
146
858
793
956
910
438
197
202
965
193
794
187
202
150
426
422
56
650
421
50
150
74
645
575
807
333
764
171
214
230
449
149
127
225
138
977
481
7
195
168
679
848
237
236
190
467
162
733
32
973
293
67
327
236
158
128
205
758
723
433
216
947
234
449
939
227
154
298
383
334
562
169
626
663
273
556
366
484
349
531
929
348
791
473
428
741
515
477
373
305
629
577
176
804
327
286
122
669
351
306
373
622
933
647
376
290
59
257
182
187
21
820
183
933
567
192
555
698
350
578
178
570
46
800
433
854
539
944
792
233
660
414
519
373
305
448
533
270
645
7
75
932
542
468
669
130
825
157
256
454
523
115
858
997
483
513
690
988
483
531
640
77
420
976
47
316
889
126
367
213
460
561
343
133
45
631
848
305
258
67
237
854
671
948
999
814
726
241
756
580
610
179
199
292
429
175
659
386
58
166
585
13
901
659
897
424
582
305
788
445
68
671
456
198
406
192
325
977
204
259
157
343
877
508
913
50
930
917
438
185
255
741
134
729
210
746
442
745
292
574
501
602
980
332
180
505
43
701
674
451
658
619
680
788
927
122
10
323
207
758
468
550
109
653
611
21
456
873
744
310
579
801
47
988
334
118
670
596
794
230
824
607
242
862
594
109
253
776
885
988
584
86
738
444
639
66
284
206
868
557
198
889
896
944
413
200
335
826
832
11
377
470
989
32
538
408
645
319
282
228
991
743
80
266
114
464
538
954
724
94
320
577
176
118
591
565
108
336
217
875
200
394
785
490
931
981
100
635
487
949
627
696
180
474
549
622
963
30
546
88
704
331
706
137
931
994
827
142
880
658
921
494
586
940
600
614
262
463
510
757
939
916
372
177
256
720
690
805
590
553
378
808
165
639
820
450
322
273
937
197
37
841
148
126
888
29
530
415
556
99
610
858
510
848
576
499
687
349
195
3
745
686
510
333
924
736
4
199
289
359
772
727
62
601
156
15
752
443
354
103
151
557
894
837
923
868
651
691
708
285
364
165
775
617
275
333
876
393
949
373
132
911
81
920
128
438
895
126
373
648
869
834
964
986
244
282
494
493
362
683
756
268
257
22
484
501
405
258
32
407
498
159
312
238
123
460
87
45
575
238
340
728
542
486
639
445
954
374
811
151
401
88
235
711
502
594
877
351
479
177
531
292
321
137
592
888
127
367
175
16
42
620
791
145
154
638
812
442
155
476
23
998
291
253
261
600
863
14
724
651
285
375
914
365
37
368
40
840
224
477
900
101
122
987
500
557
741
254
662
597
987
464
669
597
52
928
37
909
944
549
727
484
28
390
817
255
641
775
797
11
227
218
177
991
13
575
623
704
761
345
282
874
365
95
881
936
306
188
264
809
413
764
962
223
40
995
355
853
611
131
810
836
588
209
651
594
222
317
482
592
333
93
572
294
839
645
719
213
134
44
939
928
67
878
48
64
860
90
750
939
838
39
579
520
198
216
78
610
728
720
155
375
627
652
656
691
692
700
876
118
982
318
959
230
540
559
365
786
949
590
44
653
894
816
924
827
21
977
78
179
1
149
605
313
743
11
289
591
304
227
867
767
774
356
595
120
789
564
453
474
174
405
138
991
999
256
522
665
510
337
655
650
44
511
508
668
990
886
917
845
647
315
0
742
194
555
809
224
754
865
292
276
452
714
547
38
36
582
536
789
965
549
548
489
133
699
685
657
44
74
886
905
869
786
776
397
764
784
982
164
88
976
711
899
770
728
309
332
91
987
2
132
973
279
778
190
47
788
571
775
108
24
849
103
589
900
542
232
923
253
958
183
177
959
897
908
701
829
554
271
31
133
733
249
386
444
485
724
584
582
834
400
419
47
673
211
637
379
918
13
241
887
21
173
178
138
574
107
185
883
751
586
316
0
435
857
194
96
424
951
563
622
903
881
876
970
764
474
216
198
13
925
754
306
607
506
232
732
171
427
745
55
560
673
38
215
650
672
758
23
481
972
580
831
116
862
539
21
204
399
146
262
885
623
627
545
999
74
557
153
987
793
145
389
777
833
1
158
494
745
308
220
762
669
679
797
199
962
902
395
830
189
720
33
732
189
975
986
242
26
326
86
666
192
550
529
285
708
273
482
33
401
16
669
544
680
936
413
764
578
206
818
830
234
628
523
206
324
83
480
260
597
304
302
725
837
996
863
225
512
187
518
769
132
397
629
447
71
667
75
965
569
66
196
919
418
211
630
397
528
779
926
433
214
77
374
15
716
366
619
1
519
105
934
874
222
712
647
34
96
436
425
8
421
604
735
287
711
481
273
423
852
682
458
268
883
3
936
260
881
920
865
249
759
584
743
518
90
93
976
718
190
391
957
449
695
416
213
112
70
58
733
967
117
541
718
346
191
333
923
232
407
975
165
308
435
468
205
443
476
206
517
792
213
696
435
882
150
3
595
727
428
474
864
906
286
975
935
7
895
870
809
519
699
191
658
360
727
449
674
908
474
874
648
577
586
755
78
897
604
552
101
423
580
374
454
522
901
252
73
607
941
700
886
62
40
827
166
639
88
492
165
53
510
587
758
248
791
420
258
465
414
308
903
70
762
688
553
989
131
642
792
869
903
793
438
745
547
272
291
630
800
607
623
827
884
501
307
464
2
936
788
22
55
699
285
670
642
933
920
678
191
274
952
47
551
99
998
346
384
761
495
264
149
735
446
729
202
37
67
676
718
33
71
861
308
880
75
324
776
833
244
258
603
347
741
991
307
693
858
959
123
131
292
99
794
497
709
363
650
135
178
849
767
300
312
265
905
855
652
892
760
897
187
508
292
534
955
34
310
227
956
3
735
129
111
625
459
287
817
325
584
582
507
771
265
109
658
30
722
549
414
706
863
487
569
272
773
394
998
259
125
32
971
58
784
632
52
375
828
486
685
732
962
238
828
445
160
761
625
896
378
510
923
929
872
737
121
834
924
512
809
48
66
226
296
761
68
475
951
809
993
827
878
83
962
36
520
484
921
538
754
124
957
973
817
374
478
769
807
671
738
519
162
771
514
356
713
50
933
671
108
50
222
224
799
934
332
580
810
565
102
333
784
757
617
798
338
965
63
189
888
386
374
673
643
889
794
922
946
428
456
295
966
648
576
603
964
330
997
817
359
785
117
479
416
551
904
119
35
546
367
807
959
671
938
74
305
366
741
272
830
376
352
576
459
181
490
942
90
562
905
256
676
615
937
554
461
479
191
801
736
96
320
765
848
451
747
807
705
21
839
722
633
92
986
838
542
542
560
319
668
690
548
68
227
850
942
940
243
896
297
499
389
997
63
649
320
696
92
884
141
316
692
164
319
619
170
940
858
582
646
928
135
222
89
922
441
933
648
159
911
102
931
582
422
939
65
417
635
669
530
996
754
365
360
26
557
105
59
390
949
563
768
583
510
75
389
405
530
461
340
265
812
45
489
129
319
591
537
440
731
403
809
955
524
277
848
352
95
651
434
138
713
23
82
599
53
228
340
586
130
638
524
492
743
122
94
846
476
316
787
225
862
104
836
886
959
0
287
250
624
979
835
553
643
807
649
620
745
773
225
404
245
619
350
238
539
584
407
937
217
424
387
210
88
782
936
569
94
505
680
332
732
519
433
225
199
511
464
609
541
195
265
664
414
458
789
897
189
931
136
615
385
805
109
54
36
860
385
775
703
949
993
114
696
435
945
350
953
434
746
596
454
801
775
282
243
877
781
803
879
856
148
195
450
120
846
585
414
715
642
461
772
280
149
408
767
122
95
395
637
198
605
936
351
147
48
357
278
409
498
303
512
337
344
306
886
893
480
542
491
441
160
950
475
6
433
82
301
416
118
85
791
677
677
865
877
277
72
501
181
9
624
176
313
828
888
456
722
447
801
395
86
897
647
327
406
355
279
53
975
209
651
639
835
844
956
274
146
348
211
823
482
683
292
140
457
589
87
584
66
643
124
291
660
23
738
411
795
226
637
291
304
721
826
814
220
222
719
649
973
547
20
279
762
177
200
446
129
575
930
158
626
437
733
858
488
160
182
647
796
200
421
473
733
885
46
789
880
953
411
241
103
286
320
32
401
208
522
106
15
661
380
663
438
89
960
196
6
103
951
982
758
449
373
700
841
792
972
433
937
287
379
574
934
674
514
774
987
236
805
323
822
774
979
687
826
587
505
717
115
984
640
253
221
521
64
38
825
847
127
949
364
413
395
244
998
274
871
463
428
121
421
903
219
107
497
585
162
662
973
233
650
591
798
208
69
156
66
548
872
276
69
86
70
175
447
879
978
906
179
308
296
554
326
401
817
906
602
210
674
152
775
892
648
345
357
681
290
437
568
427
682
701
936
8
705
641
371
211
334
550
473
780
171
388
757
421
325
870
467
749
941
115
306
786
240
233
288
935
239
865
684
741
532
877
452
262
130
582
627
956
567
827
607
80
753
907
364
839
282
931
200
503
737
355
308
799
934
587
548
916
290
524
92
176
369
625
14
4
781
915
692
990
792
172
662
63
733
755
585
171
372
310
165
955
72
182
217
551
695
580
764
92
797
169
187
366
861
396
578
79
342
868
945
206
493
701
325
674
493
528
319
741
672
770
125
22
128
974
275
878
534
559
806
917
510
358
621
301
533
266
580
707
841
293
582
902
347
178
446
952
443
653
618
121
9
139
573
467
923
513
879
633
904
288
683
800
479
901
830
311
37
567
415
971
769
650
79
99
870
504
861
139
252
63
446
19
779
694
232
495
854
424
330
386
528
603
858
835
469
195
306
426
679
520
600
564
260
6
216
905
488
362
408
351
309
914
855
959
115
677
155
285
397
674
223
382
50
157
709
858
685
452
493
608
274
815
970
33
60
190
949
692
680
740
185
665
880
801
418
650
101
982
234
522
380
58
434
337
939
225
705
16
713
635
964
823
647
315
194
343
271
366
771
681
399
963
20
156
810
858
482
622
155
261
249
274
535
147
615
968
966
659
666
442
14
6
514
226
828
565
804
233
103
113
636
330
355
946
239
957
391
863
442
248
708
196
555
48
802
130
466
237
720
552
795
851
215
423
299
125
892
211
187
20
657
581
142
84
575
853
924
376
642
125
320
860
329
617
845
960
672
155
815
333
156
803
161
120
898
739
131
883
76
576
621
587
705
732
676
684
744
385
319
272
713
840
760
22
680
7
378
23
231
977
755
549
238
824
519
436
2
637
574
130
903
248
331
891
139
131
58
532
313
168
62
89
335
643
148
299
693
507
567
897
993
594
193
295
211
779
10
316
850
523
496
669
394
432
124
951
963
822
212
818
919
728
27
17
103
572
937
653
970
535
272
817
740
752
36
137
551
89
494
659
24
23
14
992
712
243
34
228
357
520
271
392
501
557
194
689
703
693
788
937
190
921
336
228
978
224
146
733
12
821
686
206
30
950
650
87
61
941
730
965
173
831
118
516
967
465
761
615
473
907
432
828
954
821
652
293
328
126
399
969
8
107
415
441
66
708
242
958
670
290
759
679
431
717
956
600
450
690
802
311
106
529
841
328
300
845
56
521
426
533
445
695
671
447
973
655
262
620
297
441
967
207
486
262
22
183
23
818
569
571
17
636
39
5
819
651
64
927
47
155
692
906
9
437
300
574
404
884
335
948
859
971
546
943
227
933
64
728
674
412
289
41
363
11
674
441
250
495
192
686
158
624
674
401
936
581
499
611
479
581
481
230
717
706
981
854
721
48
271
254
561
820
373
686
540
775
8
866
826
946
571
535
625
387
312
454
645
477
993
203
554
694
488
23
169
298
772
297
693
108
280
35
889
253
433
568
312
317
380
844
320
694
194
452
819
561
962
437
356
16
185
176
875
834
928
90
605
205
841
570
731
437
231
908
164
682
690
611
850
161
164
515
390
953
691
627
337
237
803
233
889
417
344
824
348
206
916
861
764
592
67
936
622
190
1
469
512
289
155
561
263
173
803
754
290
862
122
120
383
860
305
815
48
502
936
126
882
269
362
338
865
831
403
212
11
148
808
241
592
13
697
304
922
216
29
406
807
584
898
853
624
74
718
755
894
274
424
239
24
923
781
110
483
350
159
436
86
186
8
934
192
218
119
555
849
372
373
171
642
437
983
576
937
34
40
849
173
881
778
574
979
558
136
981
331
553
995
763
714
773
615
646
852
52
362
911
189
29
912
29
725
464
438
740
326
192
481
493
291
479
994
143
871
783
120
235
230
212
234
949
20
848
648
758
32
142
532
758
941
376
603
615
789
748
722
461
674
433
630
946
435
695
868
790
975
685
938
635
265
636
144
22
352
840
87
138
201
766
60
230
691
857
608
839
63
711
935
584
970
257
363
757
185
239
101
504
720
105
880
58
646
475
530
531
97
248
23
181
817
999
859
331
732
579
812
39
862
956
746
48
938
795
36
242
169
290
329
95
133
282
927
340
371
846
107
39
540
365
822
132
942
917
383
919
955
555
267
387
774
991
383
137
157
523
541
141
239
500
298
18
116
386
675
37
451
978
615
87
156
26
702
995
739
908
740
336
653
836
937
593
979
556
312
144
408
270
938
905
952
889
679
658
215
5
120
176
67
801
827
917
710
36
812
246
196
736
933
545
326
610
970
436
457
526
451
615
262
160
247
811
143
829
249
309
578
832
50
35
405
792
755
391
494
439
260
449
502
69
230
606
226
363
26
959
796
259
356
853
29
204
927
887
399
572
838
262
243
991
236
552
14
164
881
536
144
886
914
711
283
759
244
148
260
752
668
791
777
734
478
267
111
239
352
481
574
442
826
449
707
869
124
364
659
471
60
693
879
133
754
765
336
994
250
462
744
744
222
935
259
619
165
6
960
988
372
941
712
588
503
283
257
702
965
346
223
703
965
721
152
761
120
647
906
683
812
472
940
100
690
765
902
950
190
611
501
344
345
878
791
676
948
503
511
199
618
440
654
430
386
968
366
78
384
817
468
524
647
751
418
891
142
355
726
323
740
342
738
663
673
657
648
687
154
577
258
620
392
672
348
666
366
542
879
359
574
895
122
18
143
869
991
711
452
726
911
646
516
73
947
275
681
594
