638
607
326
383
347
386
515
350
723
478
477
818
771
662
976
505
67
207
129
324
953
322
71
387
892
459
241
201
499
306
265
892
515
686
54
915
943
673
247
300
802
388
35
561
80
815
422
30
586
93
198
586
721
898
508
424
706
474
653
249
927
296
720
535
918
183
210
128
618
625
261
877
519
873
687
214
484
983
575
133
961
151
842
459
440
790
251
18
128
451
730
393
515
110
563
653
842
864
703
850
71
982
520
326
103
731
661
142
571
144
477
536
659
451
905
148
803
98
298
911
42
658
306
789
229
888
470
410
163
835
329
678
129
852
884
83
358
828
688
12
40
336
614
59
893
347
966
15
862
209
325
217
30
171
402
401
208
323
46
530
134
998
555
6
358
129
605
231
743
209
382
108
57
131
438
92
570
860
751
873
309
839
470
396
326
177
597
794
288
50
366
392
431
907
378
912
409
726
560
431
502
766
953
754
913
220
975
589
879
603
54
959
525
273
475
662
814
538
849
466
561
226
274
553
673
695
538
206
814
401
96
87
144
23
582
266
124
375
567
522
32
434
944
884
400
626
287
240
395
888
32
111
111
222
551
880
256
166
919
862
408
501
153
282
985
896
0
720
726
753
329
208
639
926
817
164
395
126
262
969
736
225
39
116
30
99
240
114
433
244
901
740
661
647
999
717
972
621
149
249
171
461
802
323
11
611
556
131
315
714
245
443
698
623
842
989
890
436
201
971
576
189
247
738
520
938
759
651
870
953
159
743
311
48
509
263
374
668
198
662
906
545
535
443
548
679
573
918
863
461
822
630
168
628
594
605
165
683
740
793
258
538
875
848
278
141
870
23
372
767
812
991
758
928
736
677
795
197
51
588
57
427
196
400
798
247
882
930
744
229
443
771
357
139
773
415
268
248
969
592
730
695
767
108
793
218
549
684
515
653
497
385
556
225
566
357
877
697
571
267
549
444
294
325
554
855
936
24
461
118
914
398
244
311
934
712
417
980
680
469
239
35
987
739
620
419
944
401
194
813
969
566
232
245
251
730
574
443
730
784
846
666
926
28
109
533
315
214
424
513
55
347
396
571
37
901
997
702
70
47
712
1
287
430
405
403
773
167
236
916
821
657
825
409
736
655
537
283
204
661
988
701
958
707
309
944
282
691
284
469
229
875
796
975
642
160
40
474
721
799
801
356
902
793
83
350
349
914
398
774
779
334
927
877
599
393
990
880
936
857
99
229
832
235
682
380
766
910
845
7
626
151
777
904
521
490
992
541
944
123
29
866
628
118
351
596
976
705
308
269
857
931
719
665
915
377
317
60
791
109
792
742
180
603
790
716
793
986
460
747
677
19
916
699
661
770
527
135
372
318
187
133
714
406
116
350
459
665
265
739
40
290
974
217
99
719
631
36
691
4
380
908
312
609
815
757
880
589
530
249
576
821
830
546
390
461
455
999
859
161
515
933
6
640
905
783
963
270
758
243
803
885
570
690
173
583
865
148
722
539
310
62
447
817
386
273
427
659
698
376
391
571
703
806
685
267
918
65
265
165
927
15
373
831
211
971
873
322
215
964
439
768
750
347
309
351
578
367
891
790
675
798
900
691
944
498
929
479
481
85
953
127
640
867
461
920
236
699
879
757
741
729
691
96
982
451
694
251
131
246
451
377
844
284
348
751
82
916
30
776
127
831
661
449
586
402
678
506
799
205
748
942
701
646
353
87
753
915
38
680
809
970
879
97
634
663
541
57
546
2
207
915
954
233
963
327
147
833
453
171
362
381
842
830
366
753
71
34
749
622
898
131
598
993
530
696
370
154
411
733
156
822
273
274
927
610
486
324
775
837
518
358
199
768
239
476
626
628
615
395
501
160
581
48
569
286
186
636
878
777
64
464
467
830
72
3
859
627
754
365
609
456
629
831
580
801
486
786
541
733
565
928
717
902
260
115
404
5
865
176
988
241
698
438
548
836
168
225
240
370
12
318
558
991
637
139
315
268
364
101
324
230
983
788
905
291
482
767
723
937
372
127
591
77
140
131
586
685
180
448
4
707
598
938
849
46
20
524
922
926
372
56
731
28
583
859
189
316
811
608
323
432
446
815
58
186
35
402
746
813
961
612
73
105
70
927
935
913
460
680
324
26
770
544
77
899
243
410
349
780
291
868
16
812
237
292
227
571
65
136
799
744
659
282
13
32
464
174
91
948
610
242
292
357
738
905
942
575
76
435
885
295
614
645
221
810
323
872
732
372
932
673
894
882
846
12
354
4
175
182
850
450
833
702
952
194
625
806
627
516
905
108
9
2
1
551
863
303
413
761
395
498
848
656
970
423
718
976
374
498
703
777
479
833
719
432
907
302
498
356
352
709
109
783
773
136
895
904
889
709
999
105
235
552
247
210
144
138
246
465
899
678
532
75
111
180
222
996
784
956
769
607
616
496
235
58
493
382
205
546
351
993
516
494
720
419
967
586
148
353
275
243
511
539
466
25
398
262
171
814
405
480
490
402
544
16
336
865
405
831
413
169
559
567
634
419
589
30
987
845
33
310
921
426
829
261
102
783
279
540
514
763
365
823
834
42
387
328
832
598
282
560
405
787
802
666
747
700
80
845
992
895
987
327
396
618
248
105
867
801
518
915
686
294
4
572
356
755
718
325
750
470
334
219
233
177
567
872
620
470
260
165
88
972
359
278
487
872
598
866
326
26
408
757
92
915
622
900
869
96
836
500
72
726
894
303
355
306
535
636
272
595
765
210
457
479
793
392
688
550
410
396
217
351
945
215
928
654
839
2
967
286
754
799
224
64
566
421
697
544
337
473
845
649
759
326
47
621
332
154
753
666
0
52
354
172
60
333
766
235
203
762
168
881
395
803
331
58
915
147
838
32
422
813
357
442
830
615
308
633
764
326
319
639
516
726
12
196
733
387
426
238
293
857
179
492
540
340
429
423
807
925
190
790
221
338
797
812
518
329
870
920
271
384
597
545
609
156
12
12
218
501
663
860
667
546
245
972
760
902
137
451
519
598
422
205
72
509
513
378
427
743
304
86
566
310
185
365
149
68
405
720
972
14
35
119
57
849
32
517
916
909
316
483
384
602
289
738
899
226
469
737
969
157
238
166
335
955
597
309
371
290
851
747
529
300
392
317
353
651
426
770
940
940
570
241
436
182
883
297
147
797
860
91
340
960
693
53
46
419
806
446
127
697
602
546
13
161
794
769
144
356
975
496
475
705
807
211
73
805
937
773
564
386
411
318
184
171
280
287
998
369
24
573
517
493
175
528
291
739
759
423
442
7
241
714
565
102
703
932
649
124
781
307
193
429
750
60
785
458
979
280
276
171
318
397
153
315
517
714
80
460
513
532
963
312
998
646
383
657
37
928
146
318
125
358
678
402
281
907
187
170
259
147
300
323
941
250
623
558
384
380
272
513
54
906
895
244
601
765
469
340
359
611
718
335
893
859
664
261
248
414
419
247
530
28
208
6
785
408
347
107
100
474
733
759
447
935
218
670
631
430
306
892
335
409
315
924
951
470
43
9
70
42
419
259
62
185
791
809
790
772
410
709
174
215
518
880
587
477
457
786
66
499
59
54
433
575
828
152
129
619
282
460
632
49
424
52
467
4
131
798
536
672
486
456
353
280
245
33
5
930
502
117
544
937
347
236
587
975
364
831
414
293
82
768
10
544
518
790
531
545
264
370
898
634
564
489
593
816
598
197
912
465
702
610
93
412
127
755
479
103
817
206
387
912
998
755
111
252
234
492
796
702
499
201
130
205
704
115
595
172
942
858
417
31
22
414
131
463
962
206
634
418
566
121
595
770
971
55
797
80
318
514
417
893
336
326
242
853
126
731
474
440
697
91
724
582
872
748
472
487
753
755
256
964
110
339
994
973
356
409
38
352
495
797
127
618
570
511
278
230
803
747
594
543
2
443
100
780
665
640
879
63
263
101
981
673
783
344
92
534
214
317
615
192
802
536
777
307
181
559
540
740
377
266
71
31
269
760
15
619
742
223
516
676
881
176
84
125
276
940
677
440
44
351
500
572
969
216
275
18
406
265
342
588
589
626
310
985
80
388
911
657
905
948
124
962
402
463
195
165
713
740
266
280
539
75
128
273
570
992
569
683
1
851
377
776
508
15
802
532
20
261
449
689
688
140
562
996
399
47
868
268
722
100
894
666
783
268
417
41
615
212
912
372
337
735
313
238
896
646
255
698
871
781
33
79
389
338
602
927
572
581
499
357
571
423
150
169
3
464
441
722
622
289
818
158
987
202
938
209
278
170
578
983
677
697
986
912
30
627
329
831
892
91
678
78
488
953
677
98
291
26
197
231
73
930
830
952
786
705
599
141
563
903
710
345
161
429
297
126
317
290
377
264
43
246
703
219
749
654
623
25
356
413
800
556
350
148
37
516
203
702
542
158
105
810
959
362
144
677
490
959
808
211
305
501
950
458
603
590
358
524
616
873
762
119
768
197
816
34
877
39
609
734
425
344
758
830
609
991
429
597
713
70
210
307
922
954
289
315
614
652
31
268
740
560
32
546
143
983
850
368
857
253
433
605
205
336
708
672
609
795
861
32
418
327
526
293
930
389
695
573
508
650
884
844
112
855
946
267
58
380
210
291
453
801
694
518
141
985
953
299
178
595
204
948
144
222
106
133
107
72
772
996
144
139
721
119
87
860
573
406
29
482
331
454
38
160
533
439
111
679
320
827
736
579
21
692
8
407
233
584
100
447
206
51
648
731
674
154
14
107
805
511
443
780
145
886
454
509
474
515
805
494
420
229
400
606
196
811
126
342
511
714
518
264
670
344
790
582
443
328
687
272
557
666
490
614
303
446
571
749
160
205
884
890
747
628
557
625
102
574
502
232
143
461
231
333
979
773
663
280
240
717
744
166
418
163
460
524
915
882
297
60
755
939
959
535
864
517
771
687
942
354
612
608
767
232
674
226
190
912
726
237
686
558
773
170
551
230
958
218
224
127
459
478
592
359
236
194
166
563
78
190
969
697
691
370
10
876
939
549
774
867
961
298
55
142
176
280
809
78
428
277
322
305
501
310
651
862
389
277
259
227
299
192
3
208
664
898
476
7
407
664
988
419
58
978
128
378
167
667
395
81
937
399
397
274
395
641
231
132
879
110
306
432
277
609
879
243
775
492
697
292
225
351
303
68
294
217
333
613
877
560
34
841
282
278
141
480
73
10
992
333
430
560
311
286
432
654
722
286
84
236
749
600
909
344
33
338
32
339
11
476
934
99
98
691
995
605
142
391
668
366
356
989
182
383
414
618
352
795
455
437
738
207
892
366
679
13
550
121
614
708
156
90
751
695
182
564
728
168
340
298
975
489
324
648
898
343
355
799
178
148
67
523
166
199
394
291
748
826
715
333
170
480
286
787
347
73
290
806
77
27
283
893
375
743
446
234
959
525
378
441
545
92
465
734
860
282
803
650
143
364
283
609
121
628
483
364
870
572
227
430
597
371
967
373
678
595
254
646
465
291
342
677
914
544
509
464
912
995
51
951
628
399
539
667
655
538
568
832
245
374
541
376
557
266
788
205
82
281
359
882
12
623
349
662
455
116
269
687
198
414
286
263
440
423
903
646
944
352
154
843
994
576
267
80
769
630
358
777
750
607
566
864
875
804
330
721
622
155
931
293
609
936
256
349
526
223
298
173
231
761
708
130
475
777
41
410
29
498
673
118
983
871
231
390
684
654
450
953
682
914
883
199
398
683
182
14
266
868
369
765
361
249
265
673
764
979
900
737
413
866
442
384
296
709
692
894
441
777
527
779
584
356
82
482
809
637
234
957
88
906
343
131
530
852
855
658
247
595
800
491
644
18
171
825
325
471
772
461
631
577
270
522
379
686
547
216
414
680
153
839
285
380
336
441
422
895
104
340
98
708
880
250
375
646
65
471
418
615
465
471
729
699
363
650
87
108
371
701
144
426
7
262
540
359
882
116
737
116
970
328
928
556
689
804
18
235
920
46
36
130
703
544
501
66
642
816
360
177
854
503
492
550
609
505
601
758
558
560
526
905
0
380
974
324
318
507
305
755
237
193
726
27
539
308
941
993
311
15
290
867
743
649
479
665
609
217
257
550
131
1
386
681
717
732
279
171
572
716
343
276
146
884
444
263
521
167
174
70
783
676
778
923
954
167
658
941
660
228
327
323
82
762
865
440
135
106
943
907
270
299
161
657
572
300
618
386
196
949
68
645
132
978
468
408
340
724
492
328
255
22
791
297
434
273
263
578
441
445
778
905
177
388
523
30
80
132
557
143
456
258
26
784
419
805
818
356
457
958
343
868
868
202
581
915
236
633
647
156
167
838
324
560
416
859
161
776
656
249
432
691
826
537
446
252
568
762
986
324
860
791
360
503
545
340
974
77
887
621
670
624
181
891
978
197
400
588
462
761
370
302
423
297
422
951
642
382
816
748
135
875
458
261
875
140
432
273
589
469
61
323
304
884
510
48
367
716
709
603
872
431
720
991
439
943
207
737
91
945
717
24
669
78
38
626
220
447
759
964
878
357
282
429
857
731
880
823
360
272
593
956
617
620
512
457
235
583
386
497
844
105
133
241
729
649
612
579
343
805
704
113
741
138
651
920
133
761
894
175
504
222
691
786
222
758
476
551
519
85
922
84
371
906
602
427
421
919
882
148
319
904
473
853
223
871
612
424
703
722
580
713
155
338
453
107
867
904
602
366
751
702
604
126
994
768
514
363
264
693
49
993
961
638
556
372
279
745
472
137
436
26
766
299
37
527
916
481
475
711
325
401
336
158
995
731
574
703
311
484
3
463
632
102
897
42
791
976
626
532
779
999
80
6
40
353
434
50
835
425
243
629
832
804
45
457
412
839
491
188
383
659
708
88
561
822
58
472
69
551
474
27
930
262
991
32
670
374
927
423
326
999
63
800
657
860
538
178
899
862
757
105
100
307
830
77
168
407
978
948
434
525
533
483
41
554
604
326
221
478
999
409
2
527
923
314
363
940
636
86
634
452
191
756
892
873
237
162
282
668
267
914
129
157
542
320
811
614
661
923
479
366
599
221
723
397
443
977
538
241
54
168
768
724
670
176
705
215
573
698
794
720
666
334
440
579
890
181
485
416
284
851
969
137
49
695
788
693
74
384
105
166
412
694
255
556
790
633
209
836
587
658
581
784
979
389
482
44
948
567
618
434
334
2
591
131
251
322
858
723
693
555
238
423
410
401
67
574
603
916
327
369
82
334
119
609
465
210
83
91
952
274
239
474
38
453
29
489
249
19
200
803
432
127
420
897
405
64
297
39
120
259
383
28
191
745
691
357
826
385
911
925
786
889
999
754
65
998
399
974
197
750
19
49
551
854
39
288
672
365
389
364
130
532
356
201
620
352
69
529
48
166
449
837
775
857
239
975
116
379
258
759
813
14
462
184
29
270
611
582
71
613
970
519
598
74
452
699
463
527
178
697
496
77
519
711
970
710
98
109
249
15
608
639
644
64
62
542
184
705
292
945
879
827
349
973
669
961
538
518
499
921
598
289
749
466
884
168
855
587
557
816
900
894
454
99
102
392
151
781
778
765
558
381
890
788
721
90
750
37
842
895
597
707
812
636
445
698
276
139
434
853
860
292
819
804
169
157
448
313
411
914
103
869
693
461
342
628
746
482
459
258
576
169
848
8
409
144
218
807
987
437
144
296
994
685
744
181
51
68
941
104
705
881
781
190
333
997
583
679
614
584
490
340
648
56
728
685
800
16
945
279
877
585
500
551
315
887
304
950
186
202
889
416
675
838
62
362
522
906
79
864
398
2
349
592
470
913
121
350
358
327
678
693
527
627
514
39
228
765
359
217
120
675
329
598
93
701
152
351
64
479
476
643
153
795
760
697
502
224
16
399
126
435
452
253
467
216
199
308
897
197
209
372
267
515
191
350
412
402
437
807
795
144
282
206
824
350
545
219
892
616
936
387
541
838
457
964
78
251
542
889
237
705
9
386
237
31
585
580
388
289
385
568
319
282
899
859
130
553
98
170
684
509
173
183
670
677
647
964
268
281
867
379
12
551
180
223
604
499
11
947
928
702
706
829
273
529
109
671
441
238
520
890
698
643
515
646
222
36
371
291
705
509
906
749
675
257
190
584
370
217
591
200
421
988
58
754
91
191
75
365
33
482
287
751
218
775
71
846
720
231
272
851
889
435
240
516
422
812
979
623
205
943
355
14
510
937
550
876
786
450
449
2
887
825
699
766
888
477
996
448
449
202
780
586
721
712
648
28
416
252
999
362
160
113
698
754
776
815
674
813
874
910
580
730
366
551
503
609
696
231
854
651
861
537
297
731
723
559
574
385
46
805
709
139
798
962
729
904
510
363
970
899
776
158
831
264
339
88
832
830
886
43
346
577
455
712
500
675
244
157
687
222
403
179
874
448
981
86
203
828
565
98
241
9
254
806
526
681
178
704
202
488
719
989
611
919
771
443
929
508
73
613
325
256
924
706
722
532
240
194
580
161
296
566
796
651
737
891
5
753
606
139
753
91
973
744
845
104
150
773
980
876
84
131
550
874
420
333
201
475
163
649
432
275
708
972
591
77
270
624
545
891
611
532
625
780
429
832
660
537
124
516
952
573
491
460
630
65
976
530
914
114
129
152
27
560
508
992
638
427
695
522
93
524
727
881
37
877
444
314
885
534
296
74
90
445
232
20
888
929
715
163
226
619
56
970
42
954
69
958
429
418
530
812
629
839
555
788
914
860
372
601
515
330
319
28
622
455
265
421
511
286
602
110
861
76
915
307
672
582
242
345
271
948
713
458
230
666
781
747
284
691
866
786
866
562
172
991
368
39
456
21
554
459
1
301
783
856
542
408
522
711
24
223
233
199
994
353
403
663
665
176
503
224
723
80
175
98
260
93
771
282
43
512
594
396
323
813
996
267
869
612
315
330
427
595
55
926
543
460
592
650
74
824
142
854
713
952
877
230
978
467
445
386
28
489
949
247
196
378
439
73
924
148
71
643
14
576
373
909
614
624
842
896
301
335
646
354
562
964
968
809
99
877
528
605
89
764
134
342
793
176
453
46
719
467
178
829
181
891
502
768
370
776
627
245
117
825
468
70
552
371
820
559
274
343
760
758
845
766
41
46
254
939
986
799
554
966
984
373
989
721
887
635
998
992
257
557
263
922
393
375
929
870
134
870
300
156
651
800
675
106
203
66
918
559
130
886
857
303
398
415
666
108
516
27
520
133
439
931
879
686
932
298
39
955
457
56
556
354
4
282
921
404
471
631
134
728
472
897
552
925
895
670
495
369
833
147
819
554
602
596
959
8
887
50
216
774
321
385
559
707
726
253
386
41
193
961
745
658
410
755
35
137
184
207
25
524
138
519
850
940
901
636
406
710
655
147
343
338
115
943
281
749
166
182
690
885
398
179
43
72
514
768
959
25
739
958
475
913
426
699
3
262
924
918
614
930
808
961
455
899
754
307
285
794
967
42
108
466
880
762
458
576
44
188
158
921
182
382
298
244
958
947
521
156
619
679
435
346
878
864
958
502
906
540
743
55
159
916
670
839
133
258
647
996
94
164
333
484
877
812
697
768
322
587
24
427
791
602
202
328
317
325
239
630
903
572
748
569
648
191
627
469
753
822
689
513
2
498
744
622
946
356
949
59
338
255
852
23
763
740
599
449
824
667
662
863
910
144
152
522
879
698
647
410
166
563
778
891
166
564
675
92
475
481
977
279
289
428
153
434
387
801
357
466
500
357
70
278
482
316
686
143
672
590
438
970
898
645
94
718
171
373
603
457
643
696
194
634
997
77
387
458
908
516
561
293
309
441
853
22
271
115
274
60
463
240
812
303
560
551
466
342
864
225
202
25
806
372
75
718
144
886
982
307
649
83
958
278
254
906
222
764
937
650
329
868
119
61
109
104
861
222
81
351
792
204
118
385
345
723
113
657
111
203
462
856
94
919
936
595
909
957
165
131
445
581
519
453
470
327
61
558
564
941
536
621
286
26
737
733
159
399
152
829
821
184
207
653
479
207
861
743
204
996
502
264
918
239
183
178
814
756
736
871
649
394
211
148
575
976
448
279
396
300
451
31
320
562
501
711
89
557
718
766
856
445
853
414
881
757
334
646
259
671
314
183
128
471
405
95
527
585
424
621
309
175
430
707
378
955
916
409
879
294
482
987
701
338
990
9
352
602
119
39
283
460
311
808
765
360
858
572
18
952
883
483
748
908
494
317
352
161
464
591
917
461
18
52
438
281
525
358
89
419
999
959
464
848
43
345
45
330
199
845
43
387
183
660
551
951
535
648
773
871
901
254
927
15
533
131
977
237
686
168
327
276
794
267
95
45
58
811
99
625
440
8
47
742
326
804
746
555
812
746
615
593
151
890
410
688
557
253
904
691
893
763
503
161
146
551
372
201
769
588
588
337
736
247
402
787
654
296
55
37
978
726
568
75
123
829
977
107
542
631
615
685
310
764
700
589
806
863
403
6
34
928
75
925
436
919
696
919
418
715
580
488
956
727
885
153
643
726
153
869
637
811
36
8
493
407
666
573
432
927
392
138
946
201
172
954
167
764
173
791
421
290
68
393
22
347
826
936
196
734
628
218
357
590
882
553
478
735
501
236
996
555
102
448
286
654
715
291
197
34
740
214
845
56
12
468
910
148
75
818
75
355
856
101
219
636
756
99
206
320
266
383
583
55
498
861
104
848
172
173
724
5
314
343
485
993
391
404
237
7
523
949
626
160
336
651
491
928
15
642
735
22
667
938
429
791
200
91
869
253
972
620
613
569
195
896
345
410
889
359
378
648
151
244
86
418
185
800
904
264
999
554
798
518
559
225
897
862
523
592
850
113
414
124
895
689
722
941
420
118
54
878
647
491
739
75
876
420
861
447
911
519
383
455
495
108
975
951
159
218
97
22
889
639
615
800
812
291
317
552
188
42
42
576
520
156
675
511
702
763
954
229
235
328
196
342
327
163
169
72
404
125
540
723
128
363
513
181
696
881
798
679
156
841
82
591
50
927
891
762
426
458
108
838
744
233
307
185
960
335
592
730
804
260
185
586
337
50
730
454
168
625
34
292
600
391
745
504
488
872
246
946
82
165
781
533
267
180
37
606
448
164
984
63
602
732
859
575
866
767
781
880
967
781
629
157
68
41
236
630
351
570
337
401
908
145
747
263
952
550
33
496
825
503
190
324
19
255
952
423
365
166
791
599
538
426
179
293
772
482
670
822
507
91
864
509
226
89
49
679
938
836
66
363
696
468
892
996
682
562
650
12
536
980
507
374
821
837
623
592
340
583
595
652
407
741
255
937
98
322
476
947
854
784
387
91
722
782
25
268
652
313
54
660
893
317
277
266
627
672
574
243
568
947
575
691
231
958
257
274
719
119
846
316
103
367
321
69
329
185
798
920
196
759
464
82
442
987
273
463
168
303
868
896
420
26
238
344
120
24
251
90
580
212
517
737
682
453
864
323
867
826
113
99
399
282
596
833
2
60
620
521
450
56
909
701
844
313
37
255
542
464
9
390
791
950
405
708
547
485
355
83
315
292
773
274
817
197
621
808
456
964
473
467
586
534
940
668
260
139
247
971
228
434
175
843
803
400
112
858
285
93
864
936
156
51
542
425
724
731
376
368
178
870
356
17
582
509
294
19
440
797
961
1
895
730
361
100
595
703
748
247
380
704
457
526
812
996
712
595
359
922
913
246
19
350
449
601
666
712
735
397
652
378
557
605
754
92
202
493
269
366
380
278
741
161
667
793
398
42
936
557
396
84
348
911
423
241
133
549
801
317
611
527
28
471
297
442
530
476
975
818
796
626
125
916
283
334
841
101
285
370
553
74
127
390
869
158
810
722
427
801
520
22
214
979
885
631
433
845
434
566
820
255
828
229
745
636
947
201
617
503
639
647
368
816
229
133
335
582
23
550
96
667
338
56
595
31
521
822
863
354
647
477
453
321
665
990
70
91
137
639
293
945
751
22
159
145
818
795
927
294
868
504
590
93
436
503
943
93
309
113
609
228
292
719
445
547
279
518
624
325
464
36
442
673
761
801
460
337
801
349
961
895
188
340
419
811
865
656
654
419
93
803
642
168
438
510
922
656
498
323
17
70
917
252
884
162
472
311
10
326
575
119
177
486
147
15
834
882
374
693
372
844
174
48
478
713
480
120
118
414
246
89
671
409
867
763
967
600
442
265
478
441
959
516
306
880
997
652
816
406
871
442
133
340
122
621
130
148
495
391
190
208
239
19
885
690
966
445
494
847
682
902
211
465
477
642
761
759
454
544
967
395
39
709
604
16
311
629
409
733
791
584
757
883
201
661
591
823
772
6
438
756
524
455
845
376
823
220
602
73
154
782
597
460
706
681
950
330
735
149
55
256
19
631
641
377
16
852
458
42
718
129
3
857
452
746
56
467
478
525
385
297
69
34
934
606
549
18
87
240
144
576
161
744
23
592
980
24
864
675
969
360
715
196
177
4
94
466
817
158
65
59
714
467
412
193
300
893
308
203
98
669
516
947
9
146
232
63
379
170
941
710
912
668
84
953
636
248
534
868
627
468
250
376
896
379
33
574
597
796
394
42
269
965
201
625
325
393
210
8
474
125
459
242
492
155
944
654
79
561
80
675
474
138
677
497
656
78
313
694
980
904
603
9
50
628
937
550
233
211
640
22
244
60
526
291
255
41
705
365
327
331
760
116
714
923
55
66
22
231
416
668
142
252
516
397
462
558
354
207
919
9
510
135
398
475
827
827
367
497
531
579
88
979
866
290
216
20
187
959
254
721
922
876
957
182
761
426
77
151
590
263
421
698
450
390
20
455
956
297
384
536
163
348
894
827
466
473
591
721
774
532
75
18
252
139
567
55
205
36
322
100
99
467
998
648
21
446
530
410
614
782
964
730
340
772
468
393
949
478
579
550
196
965
594
701
800
876
936
94
829
647
187
40
628
974
743
40
61
596
500
914
622
664
457
194
707
959
279
448
901
932
873
38
192
654
455
583
571
876
26
309
300
655
834
959
620
116
75
533
790
516
837
386
862
442
754
997
556
745
507
628
783
984
556
109
174
587
46
114
722
174
979
665
399
600
268
397
393
770
414
684
20
251
643
910
627
585
964
463
698
126
788
281
583
741
408
977
251
583
643
611
103
78
142
637
849
606
316
462
302
219
204
449
801
931
504
738
18
544
538
915
586
210
613
859
674
543
289
532
419
760
537
655
904
233
399
351
127
956
904
582
871
636
593
600
860
969
928
570
853
556
328
430
151
768
564
790
242
747
908
955
169
800
821
897
359
659
115
56
901
184
642
186
560
280
282
356
407
96
921
227
994
496
394
436
653
773
195
303
276
564
924
169
321
268
211
157
658
886
613
191
573
996
935
245
493
779
82
689
814
118
989
95
819
280
853
504
898
774
759
81
533
7
421
107
513
320
639
631
931
16
977
886
334
421
11
266
585
554
662
493
598
918
945
380
62
913
899
159
639
253
580
760
831
479
12
933
258
993
125
220
200
333
796
2
842
32
801
447
874
616
393
418
906
475
785
549
741
134
99
412
474
591
965
72
616
176
140
906
139
817
768
134
811
24
113
150
69
791
639
863
595
498
863
581
911
787
65
862
382
716
142
965
87
840
663
717
730
543
241
135
685
549
21
867
18
813
972
759
596
687
687
175
576
275
28
993
945
496
412
987
460
302
58
652
698
676
318
883
699
479
935
336
151
408
432
437
919
217
689
17
187
524
414
481
805
423
12
747
763
783
776
288
426
600
762
93
925
239
766
15
629
605
427
56
739
64
964
58
264
79
493
263
285
905
576
579
887
587
268
279
794
853
103
370
22
767
594
773
671
317
219
244
678
572
752
92
605
256
143
374
896
660
58
910
495
492
760
368
856
10
847
200
345
140
925
772
331
198
903
304
650
714
752
941
136
192
362
16
618
163
179
819
595
834
599
698
220
816
627
364
645
289
330
747
780
769
560
330
844
162
907
602
594
905
386
640
913
854
318
823
997
527
109
94
804
960
661
294
233
352
117
363
202
139
215
36
25
968
618
208
87
78
669
542
460
992
5
609
804
106
223
6
659
398
265
276
329
440
426
823
625
394
58
913
203
76
676
510
905
788
81
202
303
47
38
993
947
825
869
554
100
638
305
561
144
109
34
928
341
254
249
145
817
656
278
122
828
873
957
382
419
195
30
348
536
79
252
214
84
841
77
224
343
272
0
587
191
408
214
909
876
118
982
951
652
911
636
91
426
926
652
207
720
640
416
506
238
877
562
690
771
365
275
544
408
396
921
841
844
164
815
73
474
509
966
614
311
708
41
383
999
229
527
975
967
470
194
321
917
842
916
977
275
911
193
701
331
517
439
455
780
291
986
472
419
951
500
722
549
185
497
249
768
436
617
160
658
419
719
972
961
108
918
39
617
724
196
251
580
455
598
848
587
601
458
692
123
870
748
86
107
555
80
63
258
223
758
646
533
273
228
63
94
911
245
191
568
960
15
694
358
647
234
809
268
820
165
707
406
849
418
903
796
678
58
501
215
921
459
374
733
333
637
134
528
694
580
830
117
695
80
954
655
256
296
117
628
463
845
311
920
841
875
497
461
429
418
469
652
518
955
204
453
995
5
421
931
85
360
935
547
932
33
388
266
638
147
338
246
702
711
150
765
908
266
639
154
390
5
252
422
571
850
284
810
768
970
481
739
305
555
839
758
549
311
398
435
742
184
153
39
332
695
555
769
510
899
326
702
804
119
47
503
299
181
505
608
174
614
116
692
517
635
234
484
773
797
414
6
252
729
817
394
22
328
618
328
137
875
369
973
82
443
657
885
75
582
520
370
89
294
932
122
357
731
91
519
951
73
287
431
386
4
308
500
73
984
967
782
500
21
150
644
358
535
878
210
742
827
916
404
799
734
612
593
366
40
655
371
913
77
757
106
799
908
327
8
511
801
831
55
520
29
70
367
986
949
914
556
904
56
827
652
299
257
752
109
764
261
626
165
261
494
524
859
292
934
573
467
829
88
213
664
131
191
344
921
211
986
905
85
118
79
46
563
320
980
604
323
833
734
895
496
912
88
496
767
471
245
212
104
927
536
188
395
809
856
478
695
909
594
600
483
163
382
420
599
956
212
668
253
132
263
883
121
