115
415
511
196
913
203
808
307
699
397
641
549
122
0
748
404
11
73
348
900
817
434
373
437
439
440
427
483
800
674
957
90
693
378
485
474
626
248
856
546
70
178
308
593
86
960
651
976
685
595
627
756
681
462
495
847
484
660
501
710
677
513
980
877
292
445
826
598
487
11
216
472
819
559
611
884
98
118
704
67
109
720
411
564
734
8
635
705
29
908
126
321
309
47
532
665
442
436
658
483
698
430
846
776
229
642
258
593
26
222
199
857
663
451
767
911
756
285
55
784
189
99
207
89
498
170
664
209
845
716
993
597
904
14
213
758
904
615
260
917
978
355
61
798
392
416
781
626
631
441
774
862
377
533
631
257
826
516
852
91
441
776
186
353
829
966
681
502
417
856
414
339
533
891
444
822
411
659
111
328
195
143
268
41
499
343
360
150
375
954
964
386
137
564
826
443
741
92
94
611
283
427
436
464
81
264
338
397
348
145
897
782
652
316
206
59
10
588
999
644
662
271
364
323
721
860
284
254
619
298
185
219
826
875
153
455
785
327
986
775
712
461
537
0
662
980
398
449
31
360
728
126
219
945
513
872
838
933
53
767
853
101
700
145
147
556
2
804
304
284
0
496
347
179
912
33
980
651
682
160
97
0
918
432
250
642
237
622
499
890
689
809
822
264
541
737
202
795
930
765
908
739
16
28
688
472
93
333
732
141
533
770
961
78
734
567
663
567
94
585
604
71
411
865
233
681
911
511
929
147
663
236
391
679
94
904
827
919
890
41
808
29
907
605
861
977
339
399
750
299
751
877
942
728
88
354
123
610
534
471
143
392
850
301
110
277
534
454
785
332
828
433
549
777
648
363
664
986
146
787
187
660
332
206
717
858
228
761
425
752
294
118
757
911
106
237
397
273
397
987
757
179
271
168
976
691
288
186
927
358
799
743
513
68
913
360
739
504
578
938
197
807
420
654
897
210
625
631
144
879
478
563
51
153
478
179
987
519
119
829
861
826
606
561
566
40
626
208
798
270
455
960
556
851
314
828
174
247
412
440
843
154
117
322
56
857
542
61
947
83
138
791
23
826
818
490
756
772
676
512
394
121
87
343
954
31
766
156
657
842
374
284
314
367
758
485
599
583
474
571
124
769
20
798
376
24
192
281
176
508
17
389
466
700
853
276
171
969
211
2
957
53
260
382
889
178
213
774
285
448
823
456
34
830
433
117
852
74
507
559
847
403
487
692
618
683
782
915
123
755
21
522
655
838
762
546
820
583
510
866
221
487
921
449
881
838
157
400
456
555
664
539
323
766
241
679
927
75
70
879
85
137
440
929
602
960
868
645
366
258
742
206
779
832
476
649
604
757
300
418
455
495
387
398
265
849
515
971
340
182
432
164
327
657
768
561
394
56
917
827
829
254
312
380
452
127
907
661
969
6
434
337
766
139
263
807
309
312
474
141
510
58
889
127
860
261
265
575
836
376
425
679
483
392
184
386
219
561
803
120
314
30
956
160
480
529
873
416
602
239
488
119
440
747
397
364
543
690
120
552
923
502
446
926
53
4
10
450
477
729
471
143
701
545
180
363
529
48
125
789
590
529
155
359
974
755
783
254
717
876
80
606
468
438
454
227
680
726
370
578
941
931
780
181
956
715
256
590
902
169
567
251
108
139
389
215
877
96
292
626
539
463
205
422
834
506
774
162
294
697
652
524
776
835
38
375
524
656
571
237
586
418
258
333
783
753
316
917
328
677
152
323
139
694
875
253
74
40
121
265
508
403
285
270
977
38
344
17
513
979
865
804
122
190
914
32
157
487
771
812
492
375
974
134
322
775
974
373
118
979
444
881
894
918
551
443
332
935
799
638
247
609
839
135
121
529
725
256
880
192
823
903
260
920
179
30
364
948
682
212
77
856
123
201
607
151
816
238
302
27
535
971
722
990
631
314
563
424
677
656
214
498
978
372
68
134
26
176
349
586
628
933
936
873
225
51
405
545
387
421
218
404
139
587
398
862
575
969
245
645
854
77
137
815
929
270
129
661
305
543
865
812
871
691
557
540
419
747
411
666
436
99
884
968
16
706
63
780
282
768
651
814
710
442
998
123
929
904
902
231
809
72
387
375
134
404
296
861
533
590
868
356
95
651
385
658
378
981
680
318
4
27
143
767
895
667
409
796
997
160
872
266
17
127
209
464
111
74
156
686
938
591
54
668
73
955
517
935
692
856
847
430
625
806
471
979
365
422
750
252
521
985
802
985
827
327
125
473
534
43
405
261
119
555
59
126
444
406
610
218
483
790
750
25
869
173
535
405
750
572
625
824
225
743
168
97
684
212
61
86
205
146
704
981
304
390
848
757
966
720
391
463
403
876
275
698
660
605
930
972
691
820
981
524
641
454
367
716
711
563
931
405
393
90
472
714
616
827
834
350
98
461
165
626
823
501
608
559
827
200
348
345
403
15
888
484
190
418
227
200
930
384
684
456
111
337
65
857
604
614
315
998
12
881
698
336
716
462
106
682
717
795
698
378
952
332
268
60
283
670
518
560
950
430
100
52
122
714
120
61
751
524
552
934
720
784
937
507
518
587
493
192
861
314
951
2
887
157
479
383
403
472
70
105
938
681
655
957
6
369
128
474
831
129
589
301
907
406
439
282
744
878
485
732
737
298
431
253
468
614
419
802
788
35
415
590
48
190
145
767
303
218
886
5
366
632
709
326
511
727
279
198
367
46
46
860
797
909
351
120
530
924
77
305
377
763
148
59
597
817
838
213
897
673
229
24
696
750
166
132
850
687
142
581
111
845
196
530
131
713
843
390
550
386
850
127
551
364
233
860
892
509
458
996
945
514
346
113
154
70
371
380
191
538
303
626
859
399
435
747
296
928
309
379
44
389
644
866
656
899
499
166
498
951
329
816
41
209
968
60
488
405
599
66
218
508
846
289
704
97
902
475
993
272
203
788
815
209
224
252
914
346
781
836
923
570
478
989
527
154
435
603
806
198
384
377
951
137
200
879
794
351
395
486
497
811
657
491
4
481
873
194
407
334
131
506
34
619
607
726
86
121
752
972
655
518
8
374
498
277
944
263
356
100
932
639
484
759
538
983
54
57
301
720
157
627
98
485
732
333
830
889
778
626
810
923
624
880
988
710
671
636
11
149
59
660
775
155
774
278
826
873
706
183
31
353
927
901
774
927
277
797
656
696
719
617
197
978
244
289
600
355
83
410
804
965
418
77
46
686
763
286
894
102
908
516
459
634
521
504
433
766
408
831
370
264
249
858
582
655
840
293
152
369
697
108
528
236
726
224
102
716
664
561
865
211
880
718
156
959
408
913
369
510
715
710
182
324
285
801
385
589
256
958
712
734
677
388
673
21
83
251
43
593
599
741
176
724
321
233
303
28
422
242
778
553
959
542
441
730
917
746
617
224
8
867
60
460
523
223
478
204
5
882
601
536
398
901
326
779
11
928
905
373
617
216
599
421
843
252
311
364
551
841
250
421
19
558
504
584
319
74
424
382
319
352
652
742
536
740
423
342
796
640
428
917
892
712
76
997
481
980
803
543
934
779
680
735
542
331
920
270
453
791
309
765
158
266
344
591
297
416
104
656
182
332
637
82
195
884
662
854
669
385
339
7
910
810
552
730
604
407
119
201
266
187
689
167
69
675
16
527
565
140
876
109
158
585
848
30
322
817
472
219
404
423
658
863
996
35
622
794
234
422
275
495
761
979
903
168
337
784
34
521
185
964
968
274
623
923
433
237
397
980
623
872
298
27
851
957
562
787
93
452
676
227
910
138
838
745
483
954
718
821
408
914
471
276
543
481
446
764
228
261
785
791
342
905
547
89
100
115
30
100
993
123
677
155
637
895
461
267
66
347
328
997
632
302
661
888
349
577
727
811
301
344
328
184
553
3
850
628
343
246
890
523
966
971
250
921
828
906
122
171
111
143
410
876
540
225
734
595
863
723
797
346
143
411
192
441
829
824
476
41
377
73
332
421
401
665
543
658
736
990
57
311
238
344
496
423
369
831
878
459
216
573
21
141
480
434
860
328
165
319
573
587
167
426
935
964
494
224
551
513
659
592
351
505
612
716
392
626
507
171
49
371
621
786
867
169
834
465
200
792
942
193
88
423
763
403
80
454
16
612
943
267
858
540
142
255
53
222
716
40
198
474
99
343
985
726
410
562
307
875
928
252
483
260
882
296
386
265
777
845
3
937
947
403
400
686
780
580
547
82
809
261
758
808
296
267
376
342
887
139
349
614
784
282
968
123
94
659
983
920
696
551
628
692
126
830
571
122
908
771
564
69
194
262
927
721
949
268
511
740
326
369
805
668
333
757
538
426
650
35
80
763
887
38
638
432
685
775
566
163
130
218
860
770
516
119
85
104
237
60
201
430
802
63
7
249
434
696
748
109
480
453
272
304
132
816
445
721
956
739
116
375
626
308
342
741
867
83
548
259
740
608
235
16
440
745
727
187
266
337
923
985
828
541
139
81
746
216
966
108
358
382
443
544
809
533
950
683
754
567
303
68
470
788
696
965
316
405
481
572
731
835
858
545
515
870
676
483
765
337
628
363
952
707
373
810
985
192
761
982
702
710
548
911
7
644
589
664
641
28
857
194
233
314
13
994
449
780
384
562
314
129
556
588
758
182
919
747
712
891
658
916
139
805
773
378
139
708
84
312
148
356
379
350
838
970
761
551
986
100
228
225
443
459
849
211
75
212
542
829
745
465
30
345
324
527
655
375
903
561
724
86
569
585
42
511
343
38
290
867
185
938
194
245
118
802
815
682
460
841
516
325
976
742
104
655
158
41
550
156
422
157
814
216
851
471
500
56
545
932
874
253
378
721
431
994
374
372
411
15
53
160
990
407
193
750
12
484
85
78
735
91
260
933
97
513
175
496
915
508
823
255
439
230
115
717
447
828
254
172
41
886
617
245
735
199
657
813
903
107
580
707
788
360
461
86
182
557
1
795
949
504
877
155
781
388
286
395
254
719
237
494
635
649
989
501
293
936
738
911
668
313
216
91
649
449
157
146
259
761
676
610
44
896
479
20
911
970
112
559
912
830
652
214
79
94
12
884
923
711
602
408
832
761
884
811
708
680
920
750
51
560
725
737
861
703
729
286
529
813
772
492
793
879
488
416
393
104
756
125
77
384
132
508
350
655
430
879
744
490
515
463
323
598
935
45
588
91
975
997
24
855
191
359
540
844
894
760
612
355
270
189
790
135
307
671
866
663
496
442
129
867
208
663
654
152
480
378
989
486
886
238
375
574
5
19
735
633
113
994
428
276
297
839
59
16
478
517
529
37
486
352
770
343
781
268
985
321
649
75
220
837
833
203
754
413
313
509
564
820
308
394
230
574
495
328
153
606
966
522
22
798
333
422
16
41
93
216
783
869
457
748
957
716
188
145
790
953
985
769
609
495
693
700
309
901
621
492
834
22
448
371
158
765
81
488
896
982
348
201
756
296
850
506
659
390
875
68
487
725
558
201
208
143
672
148
246
734
7
781
875
860
497
690
868
839
926
105
76
202
806
105
117
686
17
785
724
153
426
832
847
357
55
372
14
688
751
422
980
459
96
538
144
68
356
796
572
887
479
518
809
905
768
390
517
12
321
36
362
671
405
418
396
829
566
588
127
150
416
222
651
18
45
13
781
881
717
821
595
992
729
202
891
63
484
779
649
990
144
320
963
540
633
596
994
186
567
621
639
828
821
288
536
231
265
874
966
449
248
738
492
145
575
274
254
415
696
651
867
502
815
104
585
566
776
355
196
638
368
908
890
559
100
505
342
676
737
110
183
518
305
989
948
635
119
641
630
438
447
684
722
986
237
561
641
184
448
196
614
200
459
701
836
571
728
699
546
23
209
581
427
108
804
259
526
364
114
852
255
360
933
545
560
213
700
478
600
613
796
713
637
873
412
179
537
988
613
819
959
499
628
690
560
657
334
33
526
39
239
390
69
793
166
542
689
499
393
316
632
618
288
463
276
615
737
330
996
470
191
269
113
813
999
985
361
679
906
753
161
337
168
428
827
4
431
159
673
553
759
230
581
475
769
763
728
501
572
439
235
500
355
566
989
623
822
360
913
668
467
185
539
716
466
321
63
214
258
471
421
209
835
185
173
11
593
471
172
239
289
526
600
331
867
96
910
647
773
232
397
914
704
963
446
326
232
802
787
587
973
932
169
994
201
793
651
447
318
249
524
146
637
970
369
239
317
496
25
129
687
95
617
397
74
885
520
730
23
619
452
135
91
385
848
973
852
425
195
12
706
611
837
449
844
216
584
12
132
763
769
295
64
817
994
307
366
609
693
77
475
687
118
670
656
562
702
88
689
517
528
411
771
811
946
0
858
419
778
805
796
235
394
663
766
233
10
86
784
989
376
218
383
170
358
75
896
995
288
830
868
202
304
267
4
644
64
499
898
824
99
655
297
190
593
140
763
332
701
3
29
755
741
197
416
425
774
571
279
464
833
691
880
204
213
863
994
601
970
703
201
434
151
470
184
62
241
923
11
373
953
246
488
1
569
818
706
688
907
242
202
621
109
852
498
638
44
154
63
896
556
271
611
62
354
142
627
465
775
302
860
769
721
539
957
794
895
694
297
810
160
428
115
742
73
859
574
724
410
745
352
884
211
599
179
319
552
323
320
481
742
395
928
788
361
45
472
162
931
20
304
91
59
452
768
487
888
734
335
291
657
768
738
840
906
812
502
42
661
968
914
164
930
950
283
904
292
681
373
340
194
128
931
569
767
327
180
476
31
657
722
191
270
194
376
714
182
921
823
899
44
306
53
717
896
369
275
556
880
715
481
502
736
822
16
341
103
202
195
946
1
655
755
971
397
533
326
469
426
850
819
541
691
517
133
359
787
58
826
370
127
887
446
747
287
379
257
709
473
726
361
923
114
356
517
52
809
11
784
533
811
923
390
884
876
949
766
48
976
148
980
150
590
408
682
463
326
202
442
349
415
410
35
244
551
796
357
101
640
961
114
286
355
921
764
933
52
766
85
763
746
731
447
101
921
76
296
470
230
919
305
889
646
56
867
273
316
235
815
675
421
818
841
555
169
655
216
28
744
115
116
4
142
236
20
339
221
429
308
716
717
247
256
339
19
725
871
335
731
86
598
649
971
84
311
322
462
1
31
692
18
321
929
262
351
898
730
755
315
208
98
756
423
53
331
874
744
133
346
328
682
256
47
28
760
953
746
838
520
508
132
257
799
372
383
999
361
433
619
354
906
616
798
956
350
909
496
936
874
684
312
113
37
85
462
24
702
150
829
195
427
458
620
385
923
359
706
186
265
806
660
515
933
531
29
895
289
124
208
385
117
774
341
135
927
570
582
384
138
375
164
957
522
513
963
301
330
104
679
115
962
139
841
562
104
755
450
313
217
852
706
994
20
542
541
52
748
10
916
176
896
472
36
296
673
509
36
51
479
489
232
422
624
486
901
445
110
389
432
319
92
875
784
790
141
785
293
429
129
945
699
877
532
156
791
544
37
720
356
55
296
111
827
319
560
275
965
109
949
429
549
907
438
325
815
810
579
667
488
911
913
388
112
971
362
296
11
434
169
696
327
732
296
158
962
98
486
76
100
713
111
238
293
378
89
372
395
122
553
704
873
508
761
174
479
685
206
624
410
680
977
313
457
31
298
249
99
899
548
407
312
875
458
902
850
80
564
702
39
537
125
83
494
898
411
259
260
463
148
888
826
383
138
229
221
372
251
101
601
230
352
920
50
471
144
39
929
977
464
406
400
484
345
961
50
196
974
135
250
406
488
435
990
419
888
218
967
549
120
151
920
271
846
905
33
882
822
910
119
137
979
721
641
862
866
446
74
909
468
358
702
798
413
407
978
464
981
171
229
57
363
112
437
226
153
896
55
311
880
686
295
525
361
129
224
355
388
558
360
427
745
733
59
714
921
430
155
955
496
348
185
954
873
391
18
643
565
240
873
675
914
253
141
399
732
196
958
249
787
468
698
512
721
144
966
607
398
333
787
918
570
362
959
804
574
775
589
711
887
53
322
506
408
229
845
36
643
581
714
529
747
886
794
450
281
673
891
968
866
583
808
558
49
272
349
388
182
35
417
592
882
500
671
367
110
819
147
520
703
433
38
794
704
254
22
252
733
150
22
434
119
114
653
600
584
138
101
438
389
352
114
907
779
224
452
102
335
587
547
208
102
259
303
717
774
689
489
642
103
34
666
392
530
40
134
86
524
500
499
837
38
922
356
548
525
629
413
780
785
705
290
262
316
471
488
641
641
306
208
271
526
81
443
311
863
710
391
941
688
667
149
677
951
700
315
232
452
311
61
581
398
480
155
456
44
113
599
535
300
711
197
769
219
408
927
754
338
296
44
634
729
170
949
371
515
499
404
849
581
171
144
620
204
653
545
392
586
670
181
254
597
42
317
91
156
513
904
6
7
825
257
7
394
845
975
899
445
628
137
500
907
844
92
477
205
676
866
756
611
593
665
528
910
424
741
985
29
763
315
366
785
943
3
162
615
209
312
72
794
824
16
510
403
518
851
902
430
761
714
574
546
22
93
121
100
621
520
647
897
343
755
71
742
516
701
93
245
217
732
511
647
982
356
401
168
494
506
568
259
151
131
508
307
466
142
974
956
556
370
729
436
51
541
53
393
677
651
142
279
841
863
339
358
569
9
339
238
295
12
834
856
332
146
448
227
375
127
499
968
931
551
651
570
370
101
619
13
5
729
255
82
989
132
425
260
244
627
878
138
637
230
613
585
698
484
904
446
740
701
387
949
996
443
673
408
136
574
269
32
386
99
246
209
578
328
396
893
660
703
536
663
372
76
776
586
814
980
47
558
162
724
234
159
596
443
103
858
978
501
897
68
470
373
622
232
75
639
257
533
677
967
371
722
753
265
365
927
427
582
320
81
959
935
197
514
847
90
265
731
42
494
544
294
814
436
115
164
956
68
131
952
594
513
389
38
375
714
56
28
183
222
641
819
797
859
984
121
840
867
475
511
726
516
128
274
270
531
616
8
986
572
87
769
153
624
784
504
626
811
838
140
92
456
453
103
299
396
486
490
44
236
849
387
2
500
365
52
881
493
331
841
944
514
665
38
12
624
938
522
631
767
290
565
943
921
800
769
586
589
324
823
615
688
47
890
321
698
82
848
613
712
279
666
698
715
372
177
480
381
142
339
48
251
849
977
764
371
885
230
40
251
677
470
53
740
273
24
471
945
612
410
876
176
960
984
908
355
476
88
184
403
607
188
147
859
79
325
390
780
890
169
0
114
382
921
938
778
972
890
80
494
270
734
19
951
721
133
427
6
230
501
642
607
83
324
956
50
111
245
386
367
162
983
782
557
202
22
249
480
594
683
408
517
509
271
189
402
992
520
442
151
686
29
416
547
637
676
686
685
205
509
844
392
73
491
295
497
70
967
599
744
432
712
916
121
44
915
344
782
272
498
909
259
239
396
415
325
753
98
12
967
182
121
520
123
363
857
446
34
669
457
736
424
803
676
471
743
528
524
94
966
469
145
265
805
413
550
3
80
890
129
557
46
806
501
330
380
628
966
375
963
708
48
624
219
477
964
742
994
732
823
532
270
107
745
353
386
486
831
376
496
358
990
754
372
152
781
181
792
408
413
718
105
55
472
667
901
467
379
467
0
629
841
302
946
342
693
817
598
587
963
809
913
464
916
281
605
337
21
631
570
419
307
640
32
912
525
100
171
762
901
972
427
743
68
760
814
922
937
301
300
947
46
283
264
996
256
165
334
412
296
2
277
569
979
416
19
46
90
824
79
468
455
612
599
229
925
213
686
771
482
986
482
719
964
106
23
318
557
506
803
30
652
202
191
750
449
210
751
155
789
867
255
151
708
0
529
987
720
658
759
925
19
707
841
958
720
730
412
274
583
941
880
866
331
245
300
134
266
219
247
651
944
472
470
221
416
219
861
262
841
243
500
221
568
932
992
649
320
567
538
60
155
841
144
629
523
405
174
653
337
358
193
476
585
877
712
988
208
929
439
106
220
340
265
853
822
913
81
767
166
588
325
664
268
482
32
418
918
848
498
96
843
855
782
423
170
412
529
294
264
886
82
386
492
417
706
226
273
287
960
386
639
630
737
106
150
541
875
614
9
183
989
921
139
202
973
810
536
298
541
225
730
575
395
67
135
93
147
432
747
609
555
942
264
833
434
62
486
444
54
468
680
849
618
749
981
252
416
297
976
3
688
695
333
846
781
216
71
349
512
963
843
747
716
80
459
80
21
233
336
573
101
929
591
769
61
864
262
320
220
343
940
50
759
462
530
322
437
510
890
637
222
408
594
338
95
283
181
929
597
149
702
852
620
225
322
18
786
799
249
250
509
585
65
397
485
721
55
92
143
592
10
72
935
137
214
505
210
44
666
830
973
263
79
187
398
567
733
649
381
876
43
967
862
842
226
494
974
308
295
594
606
283
756
532
969
699
658
516
351
463
837
308
659
235
764
768
224
615
547
106
930
132
887
690
148
935
621
738
62
714
927
839
440
754
252
955
151
835
203
720
42
143
172
615
211
853
163
390
285
174
210
392
446
308
641
455
882
243
173
84
1
241
282
295
278
554
702
370
109
491
556
231
921
464
394
42
183
746
376
994
882
536
908
241
180
806
870
834
333
611
613
866
419
500
853
887
999
78
494
829
943
889
738
311
174
744
810
419
324
188
485
342
483
464
815
31
399
968
90
256
969
514
891
478
561
391
347
402
429
763
856
655
34
863
384
732
221
640
242
204
959
184
129
504
907
827
549
711
397
884
815
988
721
165
953
693
797
150
880
556
101
372
816
198
825
147
170
424
12
582
124
234
499
755
773
68
447
52
211
117
498
712
531
906
706
64
213
123
533
981
665
521
442
782
882
412
855
871
661
289
93
438
373
896
668
903
799
972
651
104
637
588
168
414
218
798
872
302
273
787
508
704
74
110
417
845
801
190
714
65
36
578
708
131
258
660
38
218
403
318
154
282
815
689
668
172
687
525
695
75
154
891
718
338
125
70
310
524
971
407
773
779
780
976
22
522
493
496
981
430
907
789
289
911
229
632
99
628
478
290
634
724
612
813
976
113
776
389
492
871
402
589
828
99
248
365
15
46
699
193
693
849
294
110
516
890
771
341
504
876
564
954
213
389
475
86
620
649
687
304
504
627
691
474
540
132
12
647
747
676
559
915
875
525
725
707
94
968
877
980
743
95
20
455
806
361
963
49
800
324
548
889
950
140
66
963
943
881
325
834
109
768
159
650
777
336
662
466
228
116
62
64
52
688
803
743
575
773
967
900
383
951
838
319
761
245
156
204
355
512
894
544
242
804
726
313
669
277
69
335
802
499
964
742
259
557
83
997
293
556
189
601
436
558
718
979
446
539
299
816
755
84
708
543
325
623
792
981
666
503
277
20
827
729
609
602
577
273
507
470
203
218
952
301
750
717
130
907
73
961
691
853
507
329
650
506
148
11
56
482
517
276
594
247
300
417
195
408
216
96
133
157
758
61
451
796
918
168
438
858
109
532
850
597
911
659
221
238
400
364
131
116
976
423
737
691
601
367
500
660
174
894
525
254
514
742
571
370
121
563
277
676
295
695
131
805
739
805
399
933
640
367
638
734
912
355
893
772
469
64
401
617
190
494
711
629
138
996
485
218
60
339
355
781
371
871
402
673
956
989
855
317
734
504
307
6
410
718
962
55
117
744
726
428
412
54
640
191
875
800
171
249
689
466
285
898
372
743
770
708
772
886
462
938
623
522
71
870
9
827
373
871
453
226
855
441
220
337
972
158
232
129
314
523
766
869
254
366
63
388
337
867
481
604
706
390
862
210
46
994
593
854
242
256
720
810
776
380
770
235
141
697
663
673
174
364
78
241
546
342
359
265
73
410
438
163
95
887
832
643
924
128
654
691
235
687
675
749
309
872
403
440
874
689
634
196
947
463
6
704
846
228
889
347
543
205
247
799
344
568
785
225
357
635
852
909
246
494
585
431
954
914
698
596
76
172
581
351
229
898
248
935
150
238
825
390
751
864
729
548
209
157
797
202
821
334
527
458
767
660
176
379
18
446
114
771
73
429
846
470
319
711
641
483
236
55
403
653
421
974
862
526
159
843
967
887
471
230
876
101
961
410
930
726
795
624
689
593
405
816
6
692
207
131
902
134
679
404
106
636
757
348
515
321
989
373
819
95
537
134
302
186
552
309
507
499
719
796
723
819
946
826
92
549
816
817
234
302
240
536
131
968
747
998
669
194
207
263
599
979
349
884
265
269
409
506
648
623
804
821
114
507
727
414
186
886
285
95
681
229
813
975
881
493
131
792
959
35
490
278
469
194
617
802
361
66
887
61
301
846
828
744
747
926
413
512
557
995
979
863
343
737
617
605
490
918
265
470
661
729
906
372
962
462
983
109
66
389
519
544
998
674
508
273
763
528
554
28
297
735
415
790
336
789
601
703
495
312
464
819
107
32
969
95
625
347
476
761
432
987
220
201
934
778
128
796
989
189
82
103
369
462
971
184
857
780
680
735
495
270
374
508
838
852
822
971
215
502
188
106
208
70
378
603
58
376
556
556
205
522
976
964
170
646
820
256
748
764
827
164
60
60
277
949
536
586
770
930
200
458
363
211
428
707
630
346
565
760
612
590
215
265
840
855
959
696
342
900
823
40
941
63
331
608
138
706
647
316
659
730
695
196
141
249
506
294
755
651
996
919
60
375
807
231
638
933
581
379
757
22
333
331
514
638
359
395
362
822
70
127
68
654
417
960
878
72
253
427
853
57
739
105
231
680
465
441
232
104
632
192
428
523
546
443
191
316
997
804
559
862
761
56
874
75
770
849
122
732
457
151
49
968
893
985
459
624
322
161
647
190
748
222
721
350
122
571
119
85
73
884
574
870
892
969
992
132
245
659
756
545
227
604
587
236
135
91
674
809
213
29
929
803
396
71
191
549
649
671
735
950
759
402
107
818
803
848
779
621
311
388
746
690
997
343
934
650
589
612
986
592
29
423
777
178
141
263
793
458
812
834
506
146
98
960
410
309
442
63
486
170
907
501
918
172
309
285
982
221
755
424
829
457
248
797
172
262
354
563
484
594
294
90
940
957
502
618
766
845
190
988
741
288
431
764
830
611
597
392
367
857
388
170
168
552
442
329
381
238
160
334
725
345
850
546
18
403
409
317
917
452
762
785
253
385
789
181
724
227
995
45
127
3
492
527
143
649
205
593
416
627
11
5
782
922
62
198
887
529
421
957
42
119
738
180
297
508
73
139
685
231
258
321
823
494
265
810
6
431
86
63
890
27
718
868
292
75
70
858
872
802
503
285
800
761
802
927
206
978
120
379
605
301
535
670
13
550
93
584
265
967
674
361
359
553
542
150
859
294
116
786
856
282
898
977
580
232
382
984
47
865
278
864
624
639
132
794
828
575
212
852
356
285
572
209
897
1
847
959
671
192
653
810
867
734
323
102
507
398
2
306
472
660
119
959
330
457
775
743
601
742
364
899
819
300
16
773
759
688
572
92
748
372
438
614
502
560
662
440
303
136
147
528
534
479
302
788
671
473
634
515
311
86
215
713
873
738
898
544
370
465
754
993
614
824
482
514
493
39
46
818
805
690
724
632
724
663
384
970
923
113
371
153
554
627
433
464
276
921
430
830
120
528
621
1
896
46
517
347
58
76
792
545
849
184
504
189
151
766
592
61
241
263
949
596
615
226
64
871
686
982
105
682
20
178
144
697
944
515
739
547
459
509
16
96
47
205
645
539
362
194
620
314
807
604
756
322
481
533
958
552
909
53
701
18
859
537
56
516
240
67
880
47
388
981
401
956
939
246
759
366
418
111
549
324
439
151
205
726
725
90
919
623
107
337
296
49
640
523
617
183
262
322
968
603
744
64
760
472
272
511
136
977
313
864
506
984
30
835
818
483
790
685
497
401
485
592
853
35
456
68
14
413
300
139
840
643
715
146
576
809
884
932
341
98
302
281
677
690
745
59
617
767
809
689
190
522
127
540
576
756
646
942
52
715
967
355
211
12
890
784
159
98
241
552
11
772
98
366
299
261
458
836
748
381
865
953
546
581
637
626
253
768
38
599
879
772
371
438
501
304
560
653
71
264
181
472
205
667
564
683
647
286
246
882
785
457
210
500
378
895
307
717
488
747
885
34
538
797
380
0
994
972
225
966
172
230
418
49
431
491
397
85
766
8
705
832
491
71
689
3
738
963
845
851
798
545
118
596
378
466
390
468
30
317
826
245
827
449
550
172
757
920
363
71
500
583
559
828
607
715
817
724
30
573
743
798
130
38
62
408
931
358
997
448
125
837
638
864
888
628
883
992
651
878
289
254
373
753
507
920
879
745
550
698
345
851
276
507
599
998
352
570
184
149
413
462
604
938
674
290
847
668
294
767
21
569
780
748
476
63
715
145
97
277
637
201
400
238
834
70
115
797
368
902
198
900
489
331
677
174
673
984
835
37
675
167
872
789
111
671
741
216
186
715
87
115
137
886
118
781
891
914
290
375
987
0
537
335
895
466
390
559
784
821
481
930
166
698
751
175
839
858
278
957
723
577
535
479
935
244
689
505
76
765
518
168
676
429
268
681
25
25
546
927
482
53
388
352
50
932
926
913
350
98
849
749
835
153
708
709
66
983
802
177
754
993
828
932
560
688
372
502
292
458
965
28
643
260
529
34
661
51
761
672
555
530
899
794
575
677
59
65
983
84
424
911
359
35
305
8
402
262
196
627
445
922
907
952
40
375
612
572
538
457
300
824
736
854
535
856
969
18
382
671
153
173
501
623
424
622
984
830
574
794
361
236
686
957
937
233
748
640
361
164
948
195
163
589
489
874
650
20
334
971
682
91
724
472
926
822
465
64
509
939
873
640
79
932
164
798
657
410
924
630
659
203
665
733
947
124
714
275
56
993
530
510
932
345
173
169
422
695
38
931
76
235
854
604
978
328
739
18
73
950
955
858
479
263
339
307
990
935
912
604
756
372
913
509
311
965
647
306
514
487
10
980
785
323
666
346
453
611
471
910
988
11
757
866
912
972
951
632
890
483
959
137
771
673
711
245
639
196
255
345
70
466
819
535
872
805
512
919
5
34
443
27
510
660
263
9
171
693
801
529
434
405
945
374
969
267
391
906
696
824
976
457
742
587
420
624
702
431
797
790
29
568
549
944
763
644
756
659
268
463
813
746
394
143
316
48
929
439
735
519
142
806
54
271
109
399
40
354
102
315
419
532
18
946
720
456
648
865
641
469
198
134
847
567
462
983
492
706
984
696
618
658
214
338
718
813
536
641
573
98
235
534
585
699
624
220
711
590
455
502
57
282
863
661
619
916
563
543
196
992
122
738
259
909
778
145
787
905
378
733
709
620
987
149
408
81
835
832
632
183
534
383
632
166
672
768
573
780
67
29
144
559
178
146
943
661
0
85
34
991
200
849
125
660
178
371
615
81
366
789
485
903
456
120
83
501
768
996
768
596
220
643
101
842
597
428
683
765
179
924
470
121
638
206
705
221
234
627
159
472
109
925
51
433
993
133
653
428
217
660
18
896
465
407
110
541
254
323
169
459
607
360
403
845
735
267
221
93
104
235
534
41
446
164
374
811
485
34
995
702
303
773
685
620
390
675
968
132
187
820
614
457
672
687
182
374
112
609
589
238
273
853
927
496
315
991
106
623
72
659
184
319
968
467
439
635
575
285
534
436
749
890
582
180
203
131
170
65
365
767
989
772
312
735
487
617
857
610
531
658
319
700
640
28
742
505
314
626
57
992
748
400
851
66
357
872
2
106
484
640
649
38
913
109
185
276
961
425
459
152
725
415
404
97
832
183
669
932
435
541
582
959
895
52
559
664
191
312
867
678
239
505
681
205
428
868
256
711
330
779
262
446
580
68
541
622
771
975
963
991
638
352
4
640
163
725
78
919
959
834
609
189
743
320
793
222
908
236
825
358
53
811
238
663
203
691
829
815
998
693
34
478
455
783
350
366
154
278
564
235
587
816
152
962
145
199
940
37
731
282
425
52
294
677
318
640
112
129
632
688
820
895
278
183
354
237
272
93
346
3
196
401
173
839
580
696
489
292
471
351
567
193
106
965
778
550
691
668
573
890
578
206
522
920
829
531
339
511
750
672
439
640
739
692
595
19
665
605
169
274
142
424
50
567
138
901
380
225
609
664
448
729
896
587
994
580
97
553
806
241
4
293
4
906
708
633
919
295
700
932
855
405
244
475
209
286
412
207
816
915
363
159
643
804
20
500
819
855
654
930
702
839
311
79
901
244
844
660
422
312
399
272
287
786
94
668
584
859
948
593
195
822
902
558
899
213
132
965
230
590
849
21
297
572
785
154
358
682
671
792
180
434
816
575
116
652
111
208
91
698
998
598
833
736
190
440
948
929
371
147
298
364
446
372
9
670
664
586
581
913
64
842
725
817
82
180
810
167
669
795
230
559
78
394
468
108
150
906
2
540
981
912
408
902
665
147
796
31
15
835
483
291
613
997
645
969
233
3
654
424
938
8
37
573
177
241
859
911
539
727
913
897
670
985
78
822
949
407
428
500
370
209
198
542
983
350
232
901
145
704
107
473
394
812
436
34
130
143
63
515
624
188
13
822
770
51
479
114
711
291
662
560
365
472
241
30
85
800
610
234
495
351
613
273
434
354
630
232
60
936
350
110
571
437
626
357
206
560
232
949
579
708
374
777
541
572
25
13
529
311
447
76
901
364
473
361
830
815
137
235
453
632
668
492
150
821
611
250
444
142
860
980
916
278
640
417
740
465
273
193
296
249
314
727
841
603
403
342
114
142
319
833
49
307
155
519
749
792
174
763
74
415
568
274
367
484
544
173
136
707
318
886
237
80
985
639
166
552
621
565
393
132
325
468
738
430
690
581
301
683
517
514
123
353
383
83
319
26
762
600
796
143
818
118
949
200
614
311
688
127
814
546
744
748
488
417
861
139
578
257
26
458
598
901
779
934
213
83
465
326
393
472
820
119
956
727
20
310
454
36
779
692
431
943
146
139
514
236
95
967
713
528
520
40
131
958
263
332
919
135
969
745
403
791
780
280
342
132
349
909
30
634
796
995
758
578
124
244
976
393
147
510
987
348
234
914
401
441
209
462
760
473
507
801
475
18
673
54
404
873
549
642
320
741
53
256
318
590
506
340
534
595
877
245
571
771
133
539
564
652
743
711
748
592
914
90
364
957
877
718
954
11
712
816
761
568
924
991
156
215
720
935
328
696
337
774
349
25
92
560
920
881
819
261
24
13
227
367
259
20
278
394
117
397
257
68
957
88
652
229
699
890
913
952
473
658
939
150
974
432
293
660
457
197
795
3
952
422
105
125
508
874
279
575
33
755
797
962
503
337
177
756
496
506
962
155
599
510
487
810
609
758
777
972
475
148
730
220
423
374
409
191
244
284
908
802
736
985
488
621
341
327
31
761
238
219
302
565
893
471
634
580
762
982
879
483
889
970
973
814
177
841
567
10
669
446
593
341
816
276
341
946
938
838
834
320
305
945
650
226
966
251
551
417
454
148
697
830
153
546
142
580
554
580
630
297
244
292
82
438
373
87
25
28
225
225
734
814
894
169
898
149
991
220
193
342
712
997
204
16
613
634
842
738
687
258
883
489
348
458
739
151
34
294
920
575
368
645
224
77
424
382
137
723
413
111
798
269
517
724
643
646
435
484
846
516
996
591
82
806
379
755
985
230
811
910
773
817
761
54
11
818
532
372
972
535
762
703
898
44
960
765
499
491
605
324
597
686
604
887
894
51
916
420
703
165
197
202
205
187
737
160
971
138
765
128
607
718
867
162
807
606
966
709
336
868
912
408
467
340
819
543
437
844
490
865
497
170
83
798
755
556
93
670
988
367
904
661
109
707
108
122
338
766
225
399
333
461
304
690
108
194
590
170
192
886
75
94
379
911
642
487
245
933
855
381
98
423
407
743
323
819
9
132
520
418
528
647
752
489
921
952
260
908
856
508
790
485
353
30
433
2
845
703
269
725
804
913
353
532
785
194
733
649
638
140
708
996
820
785
682
973
751
787
712
46
453
562
105
636
529
862
615
246
944
364
303
165
63
230
102
308
367
507
790
530
287
982
650
82
260
346
250
212
958
338
714
996
338
94
869
15
512
298
50
342
72
681
408
132
390
272
820
489
671
317
195
865
311
677
238
607
345
116
578
138
2
0
848
642
122
775
368
468
40
782
236
112
489
731
20
956
404
610
583
73
685
84
176
523
196
206
916
847
689
974
966
996
671
760
285
884
42
846
284
348
78
918
163
655
613
301
455
313
589
809
923
15
444
453
888
756
944
261
369
965
871
201
836
838
736
871
965
206
717
689
525
237
206
725
442
439
114
731
260
304
812
737
732
134
368
578
0
822
825
534
327
103
224
827
470
51
99
905
468
908
399
611
961
579
683
936
829
435
4
201
760
69
206
598
902
116
998
82
508
552
793
645
252
904
167
743
992
112
498
737
687
274
885
880
833
209
347
11
529
17
806
364
206
131
400
435
549
724
545
614
679
548
197
53
483
52
9
305
328
496
954
509
304
165
523
524
980
460
753
178
584
12
956
87
419
94
36
414
142
282
677
516
878
279
177
923
504
191
945
662
504
984
831
383
133
727
219
244
484
336
816
320
0
816
811
286
443
11
831
993
452
129
287
918
981
628
457
491
495
741
99
505
588
828
926
412
385
645
435
35
78
839
686
835
300
961
942
54
282
990
565
809
467
767
378
699
151
159
241
33
236
322
372
254
914
790
344
608
320
508
63
406
334
448
349
797
112
499
153
706
355
642
74
633
663
903
291
876
913
13
37
464
4
906
663
665
579
517
836
878
126
358
218
527
655
309
306
803
952
730
505
406
386
12
658
983
108
669
805
159
103
50
752
989
818
577
89
983
766
419
669
651
360
368
344
220
598
714
201
600
920
154
337
190
253
751
305
437
703
741
469
639
892
921
200
228
977
483
573
939
453
892
71
883
600
991
230
872
806
412
111
506
652
119
430
271
318
960
386
216
122
147
158
280
805
671
984
969
951
932
543
817
5
109
54
938
276
229
911
248
813
951
734
371
889
989
979
444
490
738
891
44
491
755
564
855
101
575
147
104
607
736
780
14
514
914
261
612
686
208
967
119
861
582
946
112
186
896
61
425
652
106
998
620
941
265
212
783
153
974
446
372
446
643
239
901
711
278
89
676
732
986
947
841
650
717
961
309
763
589
983
642
409
467
657
157
124
473
457
604
949
159
86
402
174
481
677
354
641
989
591
512
82
785
759
570
881
705
142
13
272
694
757
844
133
554
870
803
556
95
367
467
13
439
485
910
525
279
841
9
27
845
241
370
322
752
374
791
350
342
724
517
461
80
700
682
395
618
450
610
153
751
363
598
436
850
104
732
878
743
703
55
739
703
548
966
217
842
204
650
676
647
601
737
574
391
743
353
760
344
241
446
248
325
369
923
159
915
595
719
773
830
892
47
722
417
932
706
524
189
85
130
473
841
655
909
368
568
930
395
480
64
639
98
724
134
612
294
601
942
770
692
118
208
587
205
39
31
165
936
150
988
990
568
774
639
812
549
437
653
978
238
678
989
752
380
648
244
176
697
711
256
840
215
509
922
913
30
532
556
715
837
818
818
995
66
394
230
578
668
347
827
963
565
439
747
688
70
138
292
313
322
661
245
179
4
910
598
665
861
22
429
242
693
599
133
566
187
423
625
766
720
125
79
183
893
143
399
595
748
533
522
804
820
902
120
942
215
726
745
776
406
360
429
830
388
62
936
278
663
234
805
300
683
615
507
989
672
761
533
884
636
526
323
429
20
871
845
324
139
583
56
705
693
192
225
650
341
420
519
372
627
574
829
792
177
29
861
238
196
586
600
337
560
823
617
727
964
868
889
922
189
231
93
328
863
335
253
436
670
534
446
350
82
288
38
78
888
580
351
24
437
918
148
852
637
414
953
742
682
657
328
429
809
721
990
49
679
172
644
550
729
414
592
984
608
60
220
650
490
86
814
30
573
352
127
139
319
846
488
182
930
409
293
375
803
2
469
410
177
593
770
461
402
82
843
884
897
669
978
103
412
833
631
501
978
565
26
344
322
682
608
564
734
832
253
29
535
92
936
620
977
715
556
109
791
621
618
337
226
216
660
891
634
48
213
384
663
345
916
104
809
161
175
52
436
956
99
227
880
612
946
837
492
805
518
899
866
347
281
960
518
617
375
328
560
519
787
12
1
231
14
871
698
20
495
889
287
319
12
245
307
655
278
824
797
916
739
897
936
361
676
231
825
715
439
20
561
242
343
28
850
588
935
377
143
648
582
103
84
637
723
183
932
360
154
594
697
436
887
236
797
433
431
18
272
963
855
425
371
854
388
373
664
747
336
786
277
586
902
155
949
540
77
276
166
723
937
790
42
344
799
423
917
649
446
84
893
773
707
492
144
909
405
697
999
289
488
502
127
804
229
688
616
942
878
666
951
516
558
697
118
445
399
632
252
955
909
665
703
324
864
249
780
613
240
247
593
114
241
681
899
644
53
338
209
551
328
148
561
439
503
750
760
839
962
714
741
413
385
310
407
509
426
644
917
729
656
632
620
986
671
918
83
765
972
998
114
901
114
437
649
33
975
561
893
425
349
952
437
890
76
270
131
332
780
161
413
477
585
386
739
700
671
995
116
515
581
783
305
322
182
250
395
468
218
151
560
760
763
24
312
679
979
493
310
628
275
812
33
501
774
801
435
77
261
386
737
19
579
402
913
522
56
712
186
862
427
339
669
424
17
44
401
38
338
240
124
354
922
73
101
397
381
672
46
280
852
184
432
919
852
226
198
35
797
985
44
298
224
457
232
260
306
585
222
69
509
58
977
250
182
843
349
738
833
979
546
146
640
842
923
901
459
227
253
207
657
250
235
188
84
758
558
609
619
484
633
158
665
384
234
255
834
592
965
118
510
583
195
471
430
210
807
456
28
450
969
898
271
239
100
696
667
142
50
819
599
799
215
111
16
149
522
766
411
634
552
759
600
391
995
675
106
517
184
892
226
811
446
297
604
652
474
626
937
692
664
213
803
271
683
555
119
