367
928
527
327
36
837
979
892
298
717
380
942
28
342
149
110
741
36
717
825
564
302
859
845
34
166
367
948
176
238
934
939
649
806
169
428
706
386
331
640
402
439
309
857
146
422
616
546
538
945
830
530
716
187
526
717
394
973
322
411
79
962
383
797
220
643
504
385
642
327
766
367
311
570
856
427
55
439
507
259
72
160
39
787
746
666
814
652
449
453
410
659
697
193
449
117
244
533
775
256
602
584
89
805
926
930
497
882
785
949
931
428
966
453
59
305
249
14
416
27
517
453
857
273
232
519
571
624
181
213
36
294
781
665
167
631
963
810
428
584
715
683
547
489
430
547
653
832
93
413
984
464
255
575
325
585
850
647
599
296
490
89
785
727
224
198
732
448
649
383
813
690
465
767
216
854
69
630
939
196
187
250
936
318
38
343
512
910
369
239
97
443
975
469
516
751
805
179
309
660
565
844
992
652
160
620
52
624
807
355
391
944
13
232
30
850
316
546
63
485
787
226
509
85
169
484
55
625
786
813
758
279
523
934
992
154
354
742
30
210
247
854
862
410
241
61
510
310
518
628
446
691
963
628
936
528
652
179
167
626
105
822
833
918
294
544
947
840
709
185
223
320
993
466
932
596
226
372
243
0
424
320
113
553
133
617
78
18
4
518
952
862
192
539
660
604
379
295
219
65
28
201
309
615
163
243
453
490
756
889
737
411
69
971
708
614
646
781
673
406
748
728
38
129
458
761
571
302
917
551
198
962
803
930
4
74
95
831
261
218
339
440
973
172
482
56
723
773
112
468
872
65
633
805
685
798
715
954
377
254
346
755
870
767
126
912
567
629
74
695
712
358
971
997
874
430
355
795
145
17
729
498
980
766
903
354
385
931
928
11
322
458
140
263
640
51
345
47
970
324
783
441
866
828
504
467
764
501
787
954
148
615
884
195
19
41
737
586
614
530
827
353
99
125
767
384
168
980
440
619
58
220
475
897
199
390
847
160
592
789
263
278
231
539
765
843
137
382
556
10
783
616
626
798
191
444
912
617
394
468
960
768
370
640
930
562
314
672
115
407
82
731
922
702
997
112
552
406
232
289
140
982
346
736
240
808
651
642
555
512
106
16
452
490
622
700
15
17
185
816
152
804
228
362
433
252
91
539
481
376
95
495
444
481
97
520
849
769
594
923
900
662
412
36
271
269
595
996
799
634
38
736
170
19
909
150
328
836
710
897
973
886
335
163
401
568
282
34
377
191
960
3
878
921
979
667
535
238
861
109
910
359
422
741
405
401
478
563
347
907
920
4
982
890
766
914
710
