674
561
322
383
198
985
726
328
771
21
795
355
968
244
794
535
112
99
372
234
846
687
352
631
663
374
379
326
675
888
427
97
375
243
336
34
675
172
727
370
339
281
669
996
20
379
924
128
140
17
461
796
206
127
386
621
105
965
758
267
437
340
364
82
705
780
761
69
979
25
479
501
253
172
22
831
16
46
649
667
392
279
275
400
892
900
404
381
616
110
124
675
65
455
690
215
948
736
825
83
851
6
600
68
309
796
396
446
873
345
669
11
703
201
514
739
107
290
585
956
567
213
175
635
779
572
416
947
220
587
644
178
70
375
431
132
159
435
107
190
234
865
643
748
789
557
118
695
719
357
502
446
673
141
765
213
328
704
683
787
900
776
663
997
73
358
543
400
711
661
917
884
112
593
744
60
229
477
756
209
845
154
359
934
828
387
449
495
235
261
615
186
802
405
356
704
303
689
101
957
729
120
439
754
134
45
576
420
805
142
206
766
360
668
528
473
970
43
959
931
553
577
824
573
840
892
41
87
292
835
669
550
553
94
382
478
672
210
582
26
191
524
522
568
997
279
316
298
360
825
915
63
885
191
241
384
851
89
369
430
813
65
994
192
666
572
765
570
691
59
655
522
176
675
955
212
959
944
863
694
946
929
417
909
100
580
711
534
376
610
504
977
941
389
409
503
922
742
631
700
714
172
46
855
588
439
493
751
826
58
863
440
668
510
270
731
777
891
277
411
473
137
762
700
81
157
854
310
483
928
139
55
978
281
73
622
983
283
756
27
979
121
166
317
562
53
156
219
104
992
808
84
155
475
43
67
772
357
52
217
907
661
786
294
942
279
530
186
805
964
133
222
718
953
624
840
616
786
153
891
174
655
612
901
554
876
191
226
938
975
536
909
52
547
561
7
634
33
493
160
842
30
642
778
29
951
59
294
906
208
8
726
414
517
572
81
410
344
811
557
736
537
246
422
779
500
749
821
59
243
479
140
970
324
97
613
630
894
345
346
187
205
589
840
604
709
149
573
238
683
642
624
730
118
441
615
68
652
648
723
436
826
156
505
193
36
213
226
837
498
262
481
177
267
157
572
973
83
139
492
524
760
336
679
778
354
302
205
387
1
384
95
562
449
136
235
394
984
386
740
61
520
184
87
934
119
802
312
693
699
537
770
182
516
625
806
142
986
561
235
724
941
848
132
888
116
246
327
667
157
236
737
546
954
281
879
880
285
418
399
230
202
684
501
810
539
761
897
650
873
637
630
515
254
732
614
722
215
419
224
294
838
871
884
617
919
333
869
561
408
127
213
383
923
48
22
498
496
292
932
249
363
975
721
700
397
937
80
965
191
762
75
553
281
104
728
277
312
594
374
222
574
247
358
641
707
992
172
788
617
647
20
287
725
899
209
154
129
65
816
501
679
896
724
166
968
441
923
858
291
953
678
603
785
5
437
594
516
185
457
130
376
869
979
161
690
836
153
715
21
2
649
828
451
417
230
986
832
144
848
189
411
873
808
892
982
901
96
661
876
639
913
193
754
866
574
930
598
119
342
633
652
631
391
0
936
145
758
33
597
592
147
345
156
260
544
725
808
716
666
271
334
741
73
381
883
642
866
894
765
40
987
698
763
523
614
501
600
331
951
943
187
13
592
923
674
703
132
226
493
564
711
371
351
624
668
434
910
393
337
490
44
186
261
64
262
181
250
374
97
299
437
536
613
43
803
302
250
526
869
687
663
195
363
214
25
468
447
708
664
811
904
201
606
978
104
696
248
478
231
351
975
455
398
496
760
831
775
783
335
916
353
159
627
740
554
291
842
140
966
718
181
677
292
144
439
355
351
702
63
187
65
229
908
481
627
762
816
971
786
545
205
750
764
464
589
3
97
598
846
125
420
478
625
361
47
906
675
90
526
38
773
241
932
891
446
742
75
740
897
693
807
352
401
135
281
276
920
852
954
236
55
434
469
390
888
789
927
764
319
955
562
812
503
603
477
525
273
521
983
512
910
280
426
617
270
541
957
632
946
555
714
688
739
217
974
940
469
84
806
561
454
34
55
660
145
516
526
544
575
687
454
580
373
632
447
207
0
49
476
585
149
757
197
551
685
587
963
586
741
490
74
853
868
74
504
905
558
546
44
752
102
324
906
954
464
417
587
486
164
202
200
665
710
268
79
828
386
863
215
453
732
275
790
717
550
224
514
793
620
529
419
159
153
139
903
719
572
360
904
707
580
666
928
629
224
574
132
140
164
15
79
633
814
148
733
988
23
31
496
79
533
187
631
643
668
953
50
655
540
879
627
970
622
438
758
601
473
22
537
977
865
472
550
875
95
879
277
295
555
716
742
470
509
605
701
656
660
202
190
974
758
404
8
478
614
817
190
905
707
320
624
282
781
309
992
237
770
218
977
633
431
651
74
779
362
660
535
241
572
577
160
824
132
90
683
547
78
672
933
56
707
424
118
880
66
972
955
427
828
416
44
382
813
224
77
330
999
955
482
122
96
923
476
145
723
564
248
373
436
887
527
740
821
619
976
433
654
974
793
163
65
749
356
163
139
150
518
672
647
774
747
728
620
380
349
461
559
81
156
553
139
226
735
424
532
747
720
129
932
714
334
560
101
949
468
187
157
929
927
359
223
481
156
470
965
79
400
151
699
338
713
603
72
492
809
183
790
102
268
163
568
442
647
141
3
333
280
395
733
991
588
468
130
48
851
17
270
681
400
125
837
604
460
933
925
457
227
758
621
775
302
803
695
939
199
880
784
783
708
198
961
330
18
754
558
272
210
468
468
278
193
25
311
492
2
998
192
87
958
466
326
354
548
886
236
872
883
19
464
785
595
488
788
895
172
727
149
651
759
115
737
321
632
913
142
637
397
551
485
120
16
397
85
507
184
7
595
94
614
652
991
366
99
70
595
113
391
14
580
295
364
571
771
975
649
871
773
315
939
718
526
361
309
308
197
782
48
626
953
513
501
597
25
978
143
3
184
813
255
458
47
207
599
775
557
604
679
696
706
202
966
63
361
325
248
723
795
480
958
92
697
125
348
443
761
401
811
964
593
231
287
105
826
63
914
372
28
755
999
440
23
718
715
53
937
185
62
262
188
387
848
464
279
157
318
610
972
231
811
924
738
522
627
149
689
259
459
797
522
209
820
627
513
219
967
756
19
777
338
17
561
405
129
555
263
21
935
502
958
281
59
847
397
11
552
483
279
560
581
662
117
761
59
565
684
662
77
296
305
312
753
136
433
513
268
880
278
83
597
627
547
729
559
946
40
126
442
784
809
664
803
148
121
312
640
554
316
42
696
711
993
803
959
286
510
203
143
956
919
233
417
988
598
725
235
64
54
942
60
150
307
617
139
762
136
506
694
205
724
378
934
970
135
966
655
921
22
679
61
786
966
339
185
967
429
792
764
918
563
360
747
458
944
654
744
37
240
619
833
644
97
180
961
943
197
820
301
939
147
930
97
174
143
39
169
63
218
982
356
111
316
720
994
672
862
371
38
944
668
942
726
1
247
268
839
225
665
10
478
986
393
622
569
877
783
511
860
71
506
651
952
360
324
273
454
163
663
684
633
375
136
64
336
34
378
668
659
501
542
300
477
904
318
577
704
450
201
543
519
940
560
52
956
731
871
744
274
233
112
221
908
399
153
220
876
905
381
761
553
646
544
661
7
826
412
894
506
954
865
581
933
539
834
363
676
23
866
521
163
933
668
155
861
100
18
263
14
275
446
608
260
488
308
186
664
364
928
769
819
632
220
467
51
918
994
654
717
517
376
807
540
74
705
352
655
80
575
53
201
909
135
580
858
720
117
534
515
138
54
374
879
688
229
709
532
82
341
56
129
292
45
407
250
854
153
82
870
681
485
690
906
49
484
65
918
170
703
151
269
56
842
554
178
631
240
257
989
251
910
629
293
773
749
356
288
67
113
628
734
491
711
649
908
444
867
475
308
520
679
479
329
690
191
103
296
472
737
329
978
685
795
849
782
566
837
652
163
166
77
810
475
513
529
759
852
249
686
86
128
688
464
890
660
235
123
811
861
144
117
521
142
244
966
80
598
698
792
305
383
331
1
824
529
815
639
487
917
638
267
718
46
350
182
557
369
625
512
321
69
418
647
854
293
675
148
503
883
430
354
719
687
383
400
283
108
242
910
70
99
822
796
768
602
885
421
444
156
391
58
573
92
986
99
908
404
712
361
953
567
429
247
227
423
580
519
461
456
365
521
544
148
188
645
207
488
897
370
243
539
104
479
659
286
565
454
495
647
118
217
401
272
972
420
353
708
94
186
804
858
740
684
320
514
910
804
751
516
135
983
373
528
385
225
255
583
638
555
658
121
544
903
701
672
990
244
237
266
19
557
155
700
348
875
427
313
198
443
236
378
58
307
983
439
783
21
470
851
874
966
786
742
115
608
320
349
15
115
82
124
862
251
22
995
153
291
773
358
34
671
514
502
511
287
604
509
460
687
210
215
404
75
419
819
340
464
639
49
860
886
765
30
762
266
921
955
437
943
537
676
116
52
725
532
913
985
569
989
981
723
489
621
200
215
688
492
509
931
644
306
728
176
225
614
605
852
512
488
502
964
940
920
657
790
698
16
980
444
378
236
382
940
22
442
779
973
158
100
499
109
133
595
399
573
555
445
553
430
464
639
656
84
378
965
805
736
467
366
77
84
475
854
987
688
933
379
0
817
832
472
818
81
604
143
566
66
575
369
668
155
404
594
102
749
286
936
428
823
462
618
743
166
975
70
679
233
642
562
788
912
915
491
926
540
423
212
649
713
920
622
408
465
543
398
180
554
429
69
306
39
286
929
855
293
803
648
752
796
154
740
2
653
499
178
170
442
321
205
763
848
988
568
626
106
263
712
95
280
323
871
90
164
391
757
312
949
834
961
969
980
807
886
878
636
244
808
756
647
407
142
224
163
316
281
870
963
143
258
402
249
451
11
26
530
998
843
654
706
41
541
909
151
743
954
677
753
393
546
847
238
275
778
148
732
423
48
288
664
364
338
690
619
546
332
140
540
85
224
614
57
52
567
713
319
997
238
435
665
22
948
830
124
570
31
236
169
719
999
364
628
312
842
850
898
68
526
86
623
98
222
131
917
246
523
810
569
365
980
682
455
385
849
958
965
761
456
60
821
473
722
974
900
41
392
766
24
412
823
210
887
423
410
714
994
436
567
618
344
435
306
32
255
132
13
836
197
899
977
423
341
320
310
33
829
506
806
75
923
247
920
925
560
10
377
670
237
618
4
606
682
499
170
209
462
524
925
354
864
892
206
41
539
873
78
931
65
78
514
396
854
929
167
308
837
390
701
923
257
67
361
322
433
818
850
648
214
388
228
773
9
984
235
183
301
192
23
622
820
308
182
750
814
525
352
233
756
80
612
350
314
452
439
410
362
634
524
953
821
897
959
769
821
579
964
628
447
152
357
848
148
949
104
924
806
680
959
913
527
866
792
402
980
585
621
970
65
433
694
977
95
799
650
514
280
866
85
940
947
694
963
379
419
542
931
138
922
141
982
264
250
754
111
308
476
301
157
661
58
538
27
587
574
169
592
724
430
656
122
116
135
78
694
148
126
316
386
957
350
426
452
505
91
922
907
503
573
221
755
913
912
769
702
763
480
620
846
91
522
560
311
895
926
667
49
519
993
521
163
256
542
144
675
58
828
456
202
527
227
45
164
57
632
682
301
550
440
620
55
682
362
736
352
226
388
370
712
624
703
859
441
272
495
358
727
430
410
87
407
81
779
264
635
976
542
218
243
112
947
28
544
79
760
19
241
968
254
71
457
603
774
333
168
168
948
758
373
584
753
539
773
376
767
227
741
739
822
283
364
755
644
97
980
476
544
166
567
749
791
733
85
852
24
195
332
332
50
877
873
246
429
521
418
185
190
266
534
575
332
395
100
470
935
167
24
119
328
947
756
486
139
593
339
175
970
562
512
81
291
958
278
314
954
683
657
167
257
8
833
406
307
901
46
850
536
345
543
402
418
999
269
631
7
335
412
55
703
580
666
667
501
319
560
177
315
751
214
23
838
274
730
805
288
21
296
525
532
236
646
418
420
175
502
378
718
170
455
314
437
807
245
412
108
665
988
711
989
263
924
276
216
212
758
672
751
7
981
395
190
428
800
355
288
182
932
845
676
311
606
994
198
949
901
618
514
259
814
176
716
25
129
882
179
681
625
387
195
824
945
70
170
956
418
745
354
304
673
556
293
121
309
44
487
116
414
705
101
87
321
928
707
41
448
174
667
566
78
58
530
58
144
596
844
417
415
160
696
1
930
954
462
533
593
709
716
208
668
196
928
10
2
603
744
929
413
331
157
166
818
928
558
187
246
961
825
999
348
516
708
14
804
579
954
87
309
823
329
443
795
167
415
495
516
5
685
998
964
21
604
223
240
715
708
886
423
776
676
865
765
177
603
33
97
508
69
531
470
823
873
330
15
535
783
211
836
817
351
445
913
497
420
371
693
749
624
879
751
213
353
516
893
202
945
64
727
808
43
396
488
361
641
250
292
879
707
450
229
557
466
801
512
579
362
118
508
700
646
650
283
165
773
204
840
805
346
590
128
19
225
783
382
169
317
885
151
91
143
687
484
628
433
509
157
261
449
773
378
266
449
283
893
140
163
396
723
652
129
839
730
946
546
175
724
643
249
385
842
744
720
287
916
745
66
863
676
917
205
724
82
228
982
407
746
196
375
337
770
972
283
319
903
657
818
762
960
618
912
313
266
578
240
622
98
761
495
251
513
951
59
135
153
639
745
488
478
859
557
22
352
914
84
578
797
667
678
137
51
628
816
570
523
467
53
223
1
728
93
579
496
510
933
177
722
661
238
772
53
533
970
680
418
352
472
292
831
980
1
755
267
179
187
862
697
161
587
943
454
490
871
604
797
302
297
495
882
387
880
158
988
724
457
243
483
491
227
634
592
736
911
922
644
333
454
146
809
792
156
18
493
627
835
323
884
468
291
204
821
636
564
778
357
535
470
171
616
487
8
23
286
404
261
787
65
948
748
859
925
99
830
915
193
223
219
491
202
795
773
901
654
454
734
36
597
599
806
67
460
640
900
287
524
4
925
761
599
469
779
284
34
246
861
903
806
338
388
96
361
456
341
486
905
292
522
65
257
354
779
128
828
73
411
374
133
930
589
857
633
788
149
953
613
998
43
698
801
952
858
902
838
382
726
178
275
353
988
699
595
404
764
861
627
336
681
472
199
813
161
239
564
293
103
14
472
614
366
775
374
317
976
353
701
753
405
702
0
163
655
392
673
336
34
735
782
320
441
513
285
318
83
447
156
404
477
319
785
627
161
523
216
76
492
550
83
942
236
422
851
756
448
179
637
626
699
706
768
268
240
70
667
755
761
132
579
773
666
905
498
392
136
298
291
739
664
231
386
344
666
718
489
226
35
176
500
231
810
489
790
50
418
241
157
344
694
170
128
492
804
486
985
705
96
23
685
676
377
482
591
244
64
353
397
111
460
891
635
394
147
826
348
516
235
864
399
911
375
343
829
261
597
516
264
843
763
807
639
236
386
794
831
453
523
155
60
32
182
120
69
719
130
206
613
479
511
766
645
151
190
517
158
99
842
198
573
833
888
230
192
455
865
555
580
575
384
338
537
761
167
844
133
755
276
876
253
719
825
7
651
537
385
273
64
836
726
8
450
688
688
407
121
993
544
489
364
159
378
352
985
814
321
521
505
970
500
182
601
608
118
856
757
979
492
326
199
786
271
174
173
515
49
783
553
838
44
873
17
120
806
161
407
739
633
925
483
574
134
441
973
934
498
987
31
665
297
281
886
802
615
69
465
462
294
641
745
362
209
461
873
759
214
515
352
907
714
131
481
461
439
24
36
117
801
902
117
398
158
646
929
216
275
855
89
206
355
699
256
145
514
83
911
527
224
576
63
948
986
47
286
43
178
792
922
329
822
436
923
726
30
120
582
209
655
346
723
550
45
710
48
319
245
294
662
909
152
500
761
273
267
637
998
75
635
453
852
525
782
784
717
854
845
444
110
903
934
817
874
163
142
161
733
511
796
50
788
699
424
245
618
245
418
202
36
49
343
970
686
863
925
569
231
921
424
630
231
814
806
144
266
664
53
374
300
71
932
147
571
752
558
93
677
445
627
944
358
850
360
900
43
25
647
112
357
731
914
585
437
156
289
563
918
18
331
706
729
833
281
269
865
245
53
472
470
742
449
189
503
513
509
719
464
753
944
58
444
369
471
642
483
140
284
142
860
699
206
640
95
227
670
861
65
296
425
604
466
234
553
940
723
547
151
430
616
465
75
964
758
670
468
716
126
714
667
6
959
802
305
542
746
919
872
309
535
445
695
323
917
710
104
793
198
227
283
278
600
790
861
760
384
7
644
909
426
961
473
565
259
40
448
549
839
986
723
435
766
367
658
385
706
438
255
192
260
173
286
571
116
244
362
604
934
207
787
71
537
919
163
673
380
995
703
20
890
200
355
162
172
466
22
763
613
62
645
278
113
70
403
960
502
463
838
3
453
211
245
126
482
478
677
965
662
183
675
277
870
725
100
846
428
395
272
901
507
482
933
837
985
369
407
650
461
531
37
753
431
974
135
879
287
467
387
533
541
79
127
205
488
821
913
860
98
917
99
75
248
429
986
499
536
675
285
356
291
212
226
491
18
516
620
982
220
282
969
29
853
31
360
447
659
771
471
54
994
717
507
64
351
901
233
619
866
871
761
916
996
38
90
771
576
50
128
55
46
415
930
914
722
996
808
40
108
117
322
890
448
829
948
761
237
172
190
521
555
169
895
740
541
132
721
823
310
715
567
413
17
406
59
78
488
937
509
468
158
758
526
754
336
668
907
425
829
856
620
81
7
366
348
640
42
356
179
50
129
339
254
965
480
395
232
503
163
346
730
742
6
121
295
340
126
444
386
782
628
819
760
903
290
257
242
853
166
536
555
872
460
807
192
474
39
522
29
104
112
412
412
611
887
276
120
691
494
113
200
97
6
682
119
896
520
671
344
655
525
206
382
485
122
859
473
698
571
503
470
853
833
619
534
679
318
737
846
251
92
255
174
993
157
417
619
494
38
195
367
434
629
592
768
365
505
625
86
774
88
349
614
794
211
161
236
822
638
405
45
401
292
475
554
120
336
341
40
879
182
929
717
449
415
651
173
285
979
527
970
365
625
394
706
739
754
149
866
403
276
252
817
175
434
89
855
499
385
95
212
838
565
694
301
121
297
763
688
607
494
145
649
465
755
88
166
989
411
856
485
82
556
82
61
643
403
331
393
797
204
494
553
383
535
501
827
765
711
820
647
265
477
634
112
487
233
236
197
603
136
232
944
593
41
43
710
648
945
912
845
676
630
181
372
198
137
723
531
506
540
866
860
422
843
694
505
554
384
707
765
288
462
992
775
938
959
323
840
618
81
617
14
241
371
968
753
600
317
339
570
580
517
297
132
242
150
210
786
823
43
983
720
786
282
669
542
969
627
374
95
333
903
28
96
643
526
938
899
383
985
585
251
279
198
92
162
753
849
201
239
18
759
789
3
276
446
602
170
35
841
247
175
925
112
693
631
588
219
465
888
73
143
810
99
526
505
721
132
687
912
856
890
230
847
257
402
635
896
292
30
60
268
52
859
671
238
182
8
409
183
567
594
57
100
194
884
38
557
130
860
489
519
706
393
993
296
407
272
657
642
174
838
584
273
591
984
957
14
782
822
773
790
202
606
531
645
83
140
282
700
597
407
410
97
995
727
20
934
690
875
76
58
924
183
642
219
870
546
733
781
462
269
573
219
468
256
979
292
379
159
263
242
68
545
125
964
192
33
62
796
736
21
654
18
187
100
959
374
203
813
34
517
916
746
53
315
338
171
813
447
238
655
993
580
420
261
680
611
284
433
937
646
692
283
781
816
606
689
627
888
139
380
512
196
340
888
648
745
304
708
790
97
935
922
659
478
745
713
175
354
332
453
217
161
401
216
972
814
618
610
337
602
266
12
859
236
384
115
771
498
194
15
288
69
826
107
370
43
663
279
92
277
339
849
748
209
956
554
928
930
618
140
974
819
844
129
599
227
343
263
178
569
204
512
833
657
748
870
298
447
18
476
300
832
438
87
676
33
730
835
667
503
298
346
885
133
493
247
297
971
906
481
56
691
209
595
604
376
992
464
991
863
430
788
748
679
855
61
45
461
653
640
291
992
119
472
572
52
57
602
836
986
567
692
994
364
239
867
357
869
74
652
788
271
751
426
255
999
973
630
717
978
106
741
986
659
836
851
813
677
411
21
948
618
370
844
596
406
224
710
224
414
727
294
869
242
617
883
761
634
921
158
902
860
869
910
14
291
166
966
452
579
913
685
277
377
286
614
753
40
506
150
626
974
499
122
888
301
551
707
134
653
385
66
620
598
162
350
770
692
208
397
382
451
29
598
691
234
367
652
326
204
375
479
413
281
409
533
287
499
631
662
266
444
73
245
661
741
621
266
642
513
767
564
607
769
261
76
370
320
874
885
423
38
781
287
479
634
621
514
206
625
827
816
137
339
204
379
331
540
601
38
651
480
205
760
843
704
355
706
847
417
402
290
383
731
846
360
835
783
819
406
187
682
432
364
576
959
966
73
658
440
68
310
711
28
721
164
381
460
404
30
636
536
299
609
939
583
719
527
973
59
952
571
992
483
106
791
58
82
284
346
271
540
513
333
92
41
92
260
322
914
181
282
191
369
714
661
150
141
884
16
177
890
328
719
825
439
189
189
891
1
257
178
486
437
51
984
252
115
204
589
349
862
520
323
723
408
170
938
870
146
745
935
228
88
725
541
947
595
269
842
863
344
321
477
131
855
423
739
413
46
989
897
467
795
130
700
588
576
664
980
445
305
81
31
816
457
622
370
402
858
734
210
274
844
209
336
705
893
538
266
562
774
434
815
408
414
94
179
374
831
751
264
599
470
18
333
131
657
260
840
610
49
692
416
600
239
445
582
853
419
86
513
192
439
295
384
575
18
618
346
182
808
212
57
441
351
271
901
616
908
413
349
70
812
635
9
78
519
343
635
411
374
520
283
529
77
129
474
309
212
1
110
790
255
538
955
759
917
203
275
955
302
357
869
579
214
598
649
566
422
790
587
950
922
412
958
979
300
251
343
462
743
318
610
260
624
645
147
685
759
220
515
472
843
406
722
853
563
939
531
446
874
219
587
531
570
398
531
928
208
537
86
573
400
815
556
883
111
690
428
702
663
556
512
51
96
727
146
719
448
436
205
681
957
620
574
669
674
617
969
62
638
648
520
248
762
758
454
215
840
180
58
783
17
408
79
233
375
473
624
774
49
775
137
323
893
964
488
977
79
107
115
928
232
540
963
16
418
121
253
460
271
192
538
643
866
572
196
532
381
618
657
677
81
350
604
184
612
728
126
75
917
503
620
419
611
991
210
220
203
202
413
878
272
753
942
295
245
604
19
474
78
686
951
954
253
454
922
781
40
419
763
655
63
808
137
505
11
848
745
726
570
542
514
250
8
459
348
15
639
252
415
494
479
776
104
150
56
731
942
428
380
26
483
40
810
660
414
943
965
200
237
146
259
369
687
67
969
667
112
607
732
56
78
132
802
428
240
264
15
361
654
739
995
712
627
787
857
653
471
122
507
173
537
710
393
335
954
20
568
916
588
730
855
868
866
872
4
126
545
226
733
572
636
509
299
473
773
963
561
928
159
229
370
298
913
92
712
252
85
683
481
986
710
581
324
244
151
567
34
660
177
545
583
824
973
230
583
58
71
157
37
353
675
676
815
604
673
512
397
539
892
20
720
778
241
171
824
699
27
83
342
623
651
528
952
728
20
530
915
198
341
829
706
132
639
27
980
830
134
424
28
250
821
145
866
472
354
721
735
599
752
18
589
37
251
84
485
826
743
294
274
218
57
910
267
605
183
294
935
709
571
870
320
43
722
623
153
567
532
467
636
90
252
575
492
513
926
33
417
913
624
4
106
249
41
693
949
8
959
738
298
132
277
806
518
924
344
955
242
851
35
244
923
785
721
382
861
408
903
67
73
168
428
714
646
175
856
614
243
945
98
865
747
327
782
261
41
559
835
952
786
656
395
361
714
897
115
67
310
949
498
93
289
428
831
699
186
129
563
381
266
115
149
161
612
219
356
215
605
841
367
602
915
819
528
358
874
244
920
306
921
460
884
172
164
481
28
35
410
714
532
237
254
700
908
605
899
851
906
96
248
623
943
637
347
208
231
422
570
775
330
392
292
970
104
371
630
580
89
806
850
839
81
34
978
294
283
809
690
588
453
515
707
211
401
365
348
490
123
918
635
534
366
735
650
43
642
495
348
383
872
528
582
979
406
682
706
615
701
57
199
193
175
269
885
634
647
670
916
709
497
570
300
804
568
317
286
161
406
396
178
287
46
22
42
178
165
399
28
49
903
370
277
222
102
58
784
960
318
333
221
270
203
237
143
167
452
181
366
634
801
733
219
959
22
386
210
761
4
997
513
273
165
246
87
240
950
693
400
32
689
348
621
968
95
572
104
842
957
339
45
698
158
263
75
21
878
482
138
612
254
786
471
123
19
955
75
570
489
971
338
80
525
737
231
839
505
803
28
776
248
795
374
492
73
870
152
988
8
105
198
757
815
328
794
659
517
796
908
1
365
271
609
923
479
535
358
536
35
397
254
783
25
146
167
476
342
773
59
599
361
723
43
746
332
883
989
821
6
445
366
432
253
934
386
996
833
442
560
446
227
615
803
713
260
706
179
591
562
537
355
60
701
612
267
863
248
353
733
349
27
202
444
180
653
604
417
257
279
839
608
174
348
181
847
683
668
641
422
688
160
958
609
181
912
441
379
431
343
307
253
351
72
95
812
759
730
405
97
324
855
808
617
763
354
490
421
394
143
82
148
708
204
583
532
567
165
68
7
958
262
416
754
190
593
241
425
200
431
788
262
802
611
643
89
394
570
403
593
792
975
65
329
830
699
985
829
703
889
275
523
945
576
66
799
968
41
466
255
664
120
102
581
63
520
299
627
5
999
812
464
778
41
530
553
778
544
848
995
951
8
873
556
787
265
326
257
431
862
952
826
253
26
294
370
95
506
220
347
859
189
384
398
308
664
250
840
693
39
567
608
292
814
42
972
680
13
752
331
553
994
558
694
339
496
169
600
998
77
578
485
613
249
956
126
241
74
283
818
450
644
963
912
266
166
290
585
805
457
531
322
520
793
280
255
501
942
947
500
472
492
881
876
402
950
284
269
183
441
731
747
254
804
392
672
820
790
397
141
509
544
532
770
873
817
506
905
55
16
727
881
193
588
589
638
603
632
35
150
769
554
589
975
380
450
249
595
904
728
280
741
589
606
982
918
56
612
585
840
294
883
978
244
364
377
859
590
190
715
70
422
298
905
253
2
840
386
651
38
313
953
245
670
936
431
703
970
577
80
895
896
205
890
912
352
327
415
126
8
310
140
384
112
408
1
255
32
847
761
745
221
634
836
650
818
915
216
377
371
64
783
642
269
904
465
477
898
693
241
42
768
976
413
750
129
197
24
815
133
140
434
593
131
505
367
170
231
289
700
264
709
449
701
685
108
308
172
364
693
73
477
435
338
919
165
780
892
638
776
922
69
284
825
932
589
200
340
361
71
582
832
361
163
232
248
148
911
461
880
913
118
40
509
325
51
736
21
814
478
791
686
818
852
306
434
689
702
836
888
428
472
639
430
648
170
872
2
587
283
45
608
570
280
142
22
964
461
846
107
807
834
652
621
133
375
66
490
474
18
129
927
797
509
671
324
841
221
839
768
190
140
315
81
529
136
279
819
877
157
445
922
228
805
161
235
62
944
321
84
604
183
835
52
794
297
691
373
119
49
151
958
226
847
440
845
642
266
599
250
442
599
626
78
248
691
138
826
729
308
458
268
930
342
214
597
709
34
950
726
62
481
637
392
817
174
98
914
571
481
106
461
905
407
192
476
112
391
435
143
770
936
338
103
482
190
878
300
436
283
708
665
972
682
502
609
393
654
308
859
486
809
28
665
93
921
476
335
632
661
200
942
742
726
340
312
269
568
199
566
202
968
194
692
43
119
900
78
741
516
563
893
615
423
953
178
506
970
721
555
267
194
876
187
583
979
277
427
146
475
861
446
291
428
523
27
464
917
308
195
273
842
970
290
396
111
21
227
709
316
59
508
39
402
909
65
371
556
567
4
699
401
971
970
148
309
828
808
478
879
66
772
842
77
166
745
575
468
643
426
256
852
239
583
613
784
477
181
237
235
225
384
917
126
23
732
351
806
160
889
482
306
825
501
226
50
170
283
404
987
521
121
169
119
872
863
228
649
993
379
1
510
932
58
763
23
187
889
162
27
363
281
808
73
487
665
175
747
82
653
193
975
481
301
178
327
619
488
894
64
222
687
83
335
214
878
874
991
796
709
920
488
202
125
355
265
671
997
243
854
75
164
999
373
432
785
41
66
835
759
623
106
974
724
239
724
643
337
646
851
935
283
85
665
568
959
80
254
972
797
60
334
560
99
285
232
378
971
865
98
28
87
997
154
262
216
706
535
910
37
259
591
214
281
133
906
242
405
995
795
700
125
797
702
558
351
701
965
195
509
95
140
203
916
858
77
378
149
926
350
107
424
740
142
478
433
372
287
83
611
303
572
577
736
27
660
816
867
596
791
823
484
621
493
123
450
483
702
597
520
153
356
39
462
261
180
171
600
279
420
127
643
177
350
913
611
528
282
722
499
902
659
570
636
904
56
577
518
987
290
293
356
998
372
701
921
124
158
153
457
568
317
59
115
189
629
918
58
610
278
969
299
678
772
832
24
757
272
40
355
319
292
77
215
785
316
370
863
435
136
11
986
493
798
586
990
918
796
973
817
323
283
768
343
265
367
277
982
895
627
748
301
210
409
408
195
854
319
857
188
310
69
583
173
817
363
953
921
569
712
378
148
417
445
300
652
866
375
684
784
858
827
818
937
642
229
364
893
386
937
966
322
827
490
319
407
664
904
299
286
522
804
473
342
663
527
584
861
798
873
11
571
882
726
830
721
857
923
499
465
159
310
470
871
900
234
753
844
750
473
45
299
20
469
62
908
273
359
417
63
281
657
460
563
604
575
162
668
75
119
650
330
371
761
932
566
509
730
975
816
544
707
993
51
132
574
684
490
692
912
489
452
727
826
965
171
418
778
924
683
334
534
534
989
33
888
812
771
500
869
47
214
288
544
998
91
454
972
65
36
642
262
631
370
35
920
896
0
210
682
448
780
852
780
97
718
133
422
251
291
131
32
827
803
180
549
693
998
13
114
999
645
329
125
4
869
682
880
610
502
382
349
785
418
585
580
96
897
675
599
5
433
150
918
144
971
943
990
500
728
566
565
308
555
299
497
359
375
55
910
447
705
76
878
603
9
306
754
886
50
184
599
596
617
675
420
866
762
205
520
991
197
573
784
450
320
166
350
769
110
103
701
747
61
687
305
251
93
867
187
201
868
86
234
567
351
828
190
885
123
442
741
521
802
197
400
982
265
637
840
24
77
62
730
322
717
404
410
292
955
936
283
676
765
859
908
751
344
893
119
428
68
443
603
526
826
59
401
141
1
109
163
79
48
607
392
407
95
749
685
842
926
380
221
307
887
458
49
306
335
987
403
749
527
618
324
251
673
418
110
857
102
752
683
523
52
976
324
960
701
312
326
970
354
660
350
825
422
695
221
948
120
130
759
843
769
21
630
267
395
520
251
719
82
740
60
687
388
914
913
784
195
719
329
320
500
924
321
948
16
774
132
399
832
542
799
785
381
150
739
891
749
958
925
546
762
387
834
304
36
12
348
650
991
984
610
486
151
407
531
430
175
955
546
706
578
986
686
805
889
395
849
630
138
267
136
800
769
195
825
512
761
688
40
12
859
670
581
395
111
946
319
516
33
378
332
750
170
339
360
265
47
928
74
232
383
761
119
644
533
327
582
766
253
618
994
536
612
614
638
128
705
792
810
26
855
480
116
641
324
965
394
202
236
455
348
878
894
717
95
210
248
299
347
972
919
584
13
459
902
170
385
171
615
374
696
540
912
48
967
895
653
203
304
196
308
669
497
803
861
50
299
221
503
980
21
758
640
692
982
593
93
367
786
639
983
288
308
38
679
742
441
595
960
962
717
668
642
607
207
67
135
382
31
226
470
908
696
104
653
971
505
150
844
178
869
385
189
953
282
468
399
734
471
945
89
941
422
747
659
56
49
627
241
250
617
134
457
649
537
151
995
688
449
278
64
862
62
36
891
431
919
418
453
220
931
206
837
441
30
224
244
59
746
327
677
421
210
411
675
630
474
431
110
504
610
821
93
855
970
261
759
435
191
532
965
460
626
909
302
562
338
230
158
935
456
250
457
929
57
886
610
71
657
866
272
126
281
975
847
601
243
207
100
404
221
917
514
227
361
866
603
340
21
17
488
437
742
512
769
923
407
211
472
288
712
606
231
320
234
167
618
520
78
982
591
740
933
707
850
244
794
514
485
810
196
108
773
922
456
373
279
246
3
222
89
733
412
215
366
360
368
707
225
273
624
903
443
776
524
496
703
515
723
176
490
176
314
429
0
827
314
478
385
223
639
75
883
171
450
104
305
82
904
429
249
398
899
725
132
787
638
697
902
516
862
945
237
500
924
750
814
730
432
599
762
370
407
166
32
532
668
565
469
956
813
227
614
717
36
109
862
610
422
474
826
219
873
960
626
784
414
933
59
37
205
803
495
362
24
178
437
614
760
747
421
56
332
463
68
753
624
602
181
73
937
424
385
516
646
306
389
585
155
964
410
999
207
590
450
396
886
677
998
452
305
341
741
698
712
494
198
102
73
264
94
675
906
413
165
292
203
9
203
130
207
200
232
300
905
932
473
284
100
713
855
426
90
752
1
919
406
204
401
696
557
164
916
973
654
533
755
189
779
420
983
608
663
573
114
41
567
451
176
349
302
628
891
212
17
623
134
147
489
941
385
252
630
754
740
27
736
494
703
677
113
220
966
39
735
367
442
816
45
732
897
60
153
736
608
54
928
902
383
778
926
749
626
908
466
876
824
848
221
11
885
103
227
120
450
650
58
778
252
959
872
845
730
869
505
282
144
125
85
674
592
703
200
424
712
758
251
304
358
801
201
176
864
511
452
105
497
430
517
857
766
928
698
697
134
619
713
38
23
724
563
415
62
39
716
513
286
269
791
146
906
170
302
808
13
225
247
333
822
663
451
258
602
809
696
717
434
683
918
336
515
103
942
959
403
397
45
310
473
837
497
653
886
918
491
97
864
474
274
215
942
512
736
640
277
493
302
548
904
145
707
468
838
834
217
472
670
655
296
729
421
50
708
621
488
562
514
741
797
612
896
380
739
830
322
358
675
841
976
178
390
232
861
334
805
97
762
550
112
134
441
72
158
208
222
119
739
698
991
497
976
221
53
423
412
661
562
225
23
527
434
804
455
981
127
218
308
920
396
84
231
177
355
77
920
372
274
342
251
233
335
593
140
304
749
997
834
376
663
662
863
645
177
293
120
204
22
235
479
635
915
614
510
954
762
325
550
424
11
94
53
684
886
66
702
505
964
169
826
212
99
639
389
805
263
794
892
800
365
431
698
879
83
736
905
358
4
61
261
978
607
212
516
303
359
78
122
652
534
399
265
861
610
1
494
757
905
366
455
742
841
544
440
679
672
704
316
800
946
63
633
981
689
443
484
197
919
177
516
78
862
564
259
390
769
648
958
984
436
278
581
90
997
612
158
159
22
375
292
253
130
408
45
405
453
384
794
467
913
521
135
337
82
539
522
812
875
616
560
634
906
325
235
751
862
757
296
443
241
715
644
905
0
515
575
526
167
814
401
628
825
161
616
691
454
817
948
219
261
613
585
320
64
463
604
442
999
0
97
343
37
287
185
536
15
382
969
693
707
498
845
629
949
357
507
759
732
697
540
382
795
634
894
892
203
649
676
926
293
369
903
968
190
352
261
85
724
508
216
684
541
271
914
114
918
64
380
233
497
271
654
810
328
77
144
668
141
510
983
864
708
268
884
928
784
201
342
420
322
304
120
321
393
945
813
911
379
575
407
989
209
96
327
323
640
297
774
347
916
226
354
644
183
501
453
821
359
855
823
3
510
200
356
791
763
669
9
359
693
151
407
439
336
839
313
324
200
609
530
733
290
74
368
654
155
664
686
842
303
996
941
508
131
278
481
746
311
230
106
399
547
746
585
635
450
81
795
762
492
18
874
374
581
698
286
761
507
672
250
195
869
103
315
236
238
856
828
302
153
520
932
426
591
789
385
910
691
273
214
616
327
865
768
186
415
580
974
66
555
827
54
524
539
34
301
534
459
0
702
624
189
408
300
630
37
940
867
323
960
259
432
891
22
848
392
589
382
951
846
972
112
899
807
81
446
57
103
359
84
227
718
298
63
898
501
204
778
715
962
350
715
772
420
671
556
436
600
388
277
644
905
124
822
166
534
31
770
984
566
739
112
957
479
354
915
625
251
163
969
630
659
323
913
503
790
32
541
889
586
922
759
233
268
902
336
758
666
192
260
36
613
893
1
386
804
715
694
713
779
557
383
913
251
54
551
81
530
185
639
963
715
443
554
874
865
766
819
200
829
698
254
633
368
90
35
358
146
889
162
726
120
239
984
439
971
267
935
565
37
199
